; ENVI Output of ROIs (5.2) [Tue Nov 26 23:24:42 2019]
; Number of ROIs: 1
; File Dimension: 7647 x 9116
;
; ROI name: EVF: Layer: grass.shp
; ROI rgb value: {255, 255, 255}
; ROI npts: 392
;   ID     X     Y      Map X       Map Y        Lat         Lon        B1        B2
     1  5334   482  583190.00  2360320.00  21.342990  105.802280  -15.5987  -16.1636
     2  5613   620  585980.00  2358940.00  21.330392  105.829114   -5.0057  -18.0955
     3  4989   731  579740.00  2357830.00  21.320649  105.768893   -1.9639   -7.1186
     4  5967   794  589520.00  2357200.00  21.314500  105.863156  -10.6788  -18.7880
     5  5370   896  583550.00  2356180.00  21.305571  105.805547  -10.1697  -16.9454
     6  5556   905  585410.00  2356090.00  21.304671  105.823474   -6.6287  -16.7585
     7  4986   905  579710.00  2356090.00  21.304931  105.768522  -11.4748  -22.4057
     8  5721   929  587060.00  2355850.00  21.302424  105.839369  -12.0262  -18.0973
     9  5121   971  581060.00  2355430.00  21.298908  105.781506   -9.7685  -17.4745
    10  4908  1013  578930.00  2355010.00  21.295208  105.760952  -16.5094  -17.0400
    11  5367  1013  583520.00  2355010.00  21.295002  105.805200   -6.8956  -15.5964
    12  4929  1016  579140.00  2354980.00  21.294927  105.762975  -12.9651  -24.8119
    13  5364  1019  583490.00  2354950.00  21.294461  105.804908  -12.4447  -18.3541
    14  4896  1028  578810.00  2354860.00  21.293858  105.759788  -11.9769  -19.7731
    19  5199  1076  581840.00  2354380.00  21.289387  105.788974  -13.8911  -18.5977
    20  5076  1088  580610.00  2354260.00  21.288358  105.777112  -11.1100  -14.1203
    21  5643  1154  586280.00  2353600.00  21.282134  105.831735  -12.0491  -16.3998
    22  5628  1172  586130.00  2353420.00  21.280515  105.830280   -7.8849  -13.2465
    23  5904  1190  588890.00  2353240.00  21.278755  105.856874  -10.0921  -17.9905
    24  5886  1211  588710.00  2353030.00  21.276867  105.855128  -12.3284  -19.1386
    25  5400  1295  583850.00  2352190.00  21.269509  105.808242   -9.1161  -12.7484
    26  5355  1316  583400.00  2351980.00  21.267633  105.803895   -6.5803  -10.7532
    27  5817  1331  588020.00  2351830.00  21.266059  105.848415  -11.1995  -13.0684
    28  5529  1631  585140.00  2348830.00  21.239094  105.820508  -19.1141  -21.7417
    29  5448  1661  584330.00  2348530.00  21.236421  105.812687   -8.0864  -12.9361
    31   828  1745  538130.00  2347690.00  21.230389  105.367451   -9.3188  -12.7080
    32  5079  1760  580640.00  2347540.00  21.227644  105.777082   -7.8911  -13.5161
    34  6390  1811  593750.00  2347030.00  21.222408  105.903377  -10.0294  -16.9277
    36  5478  1841  584630.00  2346730.00  21.220145  105.815489  -10.6580  -15.2152
    37  4227  1928  572120.00  2345860.00  21.212824  105.694914  -15.4421  -21.3169
    38  6093  1982  590780.00  2345320.00  21.207110  105.874670  -11.6515  -17.3037
    39  1050  2078  540350.00  2344360.00  21.200253  105.388765   -3.3339  -10.8837
    40  4632  2096  576170.00  2344180.00  21.197481  105.733860  -11.7467  -16.4558
    41   921  2108  539060.00  2344060.00  21.197571  105.376330  -12.6354  -18.4942
    42  5178  2177  581630.00  2343370.00  21.189926  105.786422  -12.1972  -14.9680
    43   258  2177  532430.00  2343370.00  21.191467  105.312440   -9.9854  -16.3935
    44  4926  2339  579110.00  2341750.00  21.175401  105.762071   -8.0097  -14.6425
    45  4998  2348  579830.00  2341660.00  21.174556  105.769002   -9.6116  -15.0686
    46  3822  2366  568070.00  2341480.00  21.173407  105.655717  -14.1605  -15.7495
    47  4998  2375  579830.00  2341390.00  21.172117  105.768990  -13.3823  -15.5842
    48  3597  2393  565820.00  2341210.00  21.171051  105.634034   -9.2766  -18.6059
    49   978  2405  539630.00  2341090.00  21.170724  105.381752   -9.6592  -16.5008
    50  5673  2411  586580.00  2341030.00  21.168557  105.833988   -9.8658  -14.5514
    51  5001  2438  579860.00  2340760.00  21.166424  105.769249  -10.7335  -19.4006
    52  1059  2459  540440.00  2340550.00  21.165827  105.389542    3.8122  -16.3635
    53  3687  2459  566720.00  2340550.00  21.165055  105.642677  -10.3765  -18.1875
    54  5784  2465  587690.00  2340490.00  21.163625  105.844652   -9.8625  -17.4556
    55  4386  2537  573710.00  2339770.00  21.157739  105.709971   -7.5927  -18.3869
    58  2718  2567  557030.00  2339470.00  21.155626  105.549306  -13.6597  -15.3035
    59  2031  2606  550160.00  2339080.00  21.152304  105.483126  -11.2925  -14.7248
    60   828  2615  538130.00  2338990.00  21.151782  105.367256  -12.0934  -15.3585
    61   333  2639  533180.00  2338750.00  21.149710  105.319576  -15.9375  -19.1385
    62   456  2648  534410.00  2338660.00  21.148874  105.331420   -6.4433  -15.5396
    63   474  2666  534590.00  2338480.00  21.147244  105.333150  -11.9296  -21.0985
    64  1005  2678  539900.00  2338360.00  21.146052  105.384290  -11.9590  -23.1527
    65   468  2681  534530.00  2338330.00  21.145890  105.332569   -8.3852  -11.1223
    66  4062  2711  570470.00  2338030.00  21.142146  105.678693   -9.1727  -15.6122
    67  4026  2726  570110.00  2337880.00  21.140805  105.675220  -10.2447  -16.5368
    68  2949  2750  559340.00  2337640.00  21.139018  105.571492  -11.7605  -17.1723
    69  4869  2753  578540.00  2337610.00  21.138022  105.756391  -14.6812  -17.7875
    70  6006  2768  589910.00  2337460.00  21.136142  105.865874   -9.0849  -15.5329
    71  4293  2783  572780.00  2337310.00  21.135550  105.700909  -10.7449  -16.2705
    72  1260  2792  542450.00  2337220.00  21.135694  105.408821   -5.3932   -8.7104
    73  4299  2792  572840.00  2337220.00  21.134735  105.701483   -9.6639  -15.4033
    74  1131  2795  541160.00  2337190.00  21.135453  105.396397   -4.7693   -8.8763
    75  1092  2798  540770.00  2337160.00  21.135190  105.392640  -12.5664  -14.5813
    76  4644  2801  576290.00  2337130.00  21.133781  105.734702  -17.2127  -23.5053
    77  1365  2807  543500.00  2337070.00  21.134314  105.418929  -12.6880  -16.1883
    78  1371  2813  543560.00  2337010.00  21.133771  105.419505   -9.6771  -14.5876
    79  1239  2822  542240.00  2336920.00  21.132988  105.406791  -11.3518  -16.1646
    80   990  2852  539750.00  2336620.00  21.130334  105.382805   -8.8958  -17.4920
    81   990  2858  539750.00  2336560.00  21.129792  105.382803   -9.9854  -12.6536
    82  4725  2861  577100.00  2336530.00  21.128326  105.742475  -13.7063  -16.1880
    83  4803  2864  577880.00  2336500.00  21.128022  105.749985   -5.2957  -16.4106
    84   366  2870  533510.00  2336440.00  21.128832  105.322709  -14.1116  -16.9853
    85  4329  2876  573140.00  2336380.00  21.127134  105.704336  -11.7477  -16.8747
    86  1083  2882  540680.00  2336320.00  21.127603  105.391753   -9.8580  -16.9233
    87   429  2888  534140.00  2336260.00  21.127194  105.328772  -13.4072  -17.6840
    88  2061  2894  550460.00  2336200.00  21.126274  105.485930   -8.6629  -17.7007
    89  6123  2915  591080.00  2335990.00  21.122804  105.877063   -5.8285  -19.3972
    90  3369  2921  563540.00  2335930.00  21.123427  105.611876   -7.1108  -13.8056
    91  1944  2921  549290.00  2335930.00  21.123867  105.474656   -6.0972  -16.7044
    92   417  2945  534020.00  2335690.00  21.122046  105.327605   -8.5825  -12.3030
    93   438  2954  534230.00  2335600.00  21.121229  105.329626  -10.6406  -14.4071
    94  6468  2960  594530.00  2335540.00  21.118563  105.910257  -12.6627  -18.2885
    95   423  2960  534080.00  2335540.00  21.120690  105.328180   -7.2760  -14.5729
    96   414  2963  533990.00  2335510.00  21.120421  105.327313   -8.8125  -12.9032
    97  4692  2972  576770.00  2335420.00  21.118311  105.739248  -11.3344  -12.6476
    98  4107  3005  570920.00  2335090.00  21.115566  105.682905  -11.0513  -19.3736
    99   354  3011  533390.00  2335030.00  21.116095  105.321526   -9.3632  -15.2099
   100  2082  3014  550670.00  2335000.00  21.115426  105.487917   -8.9537  -12.7636
   101  3627  3023  566120.00  2334910.00  21.114120  105.636680   -8.3162  -14.4112
   102  5388  3044  583730.00  2334700.00  21.111501  105.806228  -10.9791  -16.9317
   103  5772  3065  587570.00  2334490.00  21.109424  105.843189  -11.6674  -17.7351
   104  4719  3068  577040.00  2334460.00  21.109626  105.741804   -6.1503  -17.8671
   105  2334  3074  553190.00  2334400.00  21.109934  105.512163   -9.7326  -14.6547
   106  1485  3074  544700.00  2334400.00  21.110161  105.430416   -7.2300  -13.8017
   107  1962  3101  549470.00  2334130.00  21.107599  105.476337  -10.2892  -17.4416
   108   747  3140  537320.00  2333740.00  21.104363  105.359341  -11.9247  -16.4599
   109   912  3149  538970.00  2333650.00  21.103516  105.375226   -7.7778  -14.7723
   110  1950  3161  549350.00  2333530.00  21.102181  105.475164  -11.0650  -15.3223
   111   900  3164  538850.00  2333500.00  21.102163  105.374067  -13.9180  -19.2555
   112   588  3164  535730.00  2333500.00  21.102226  105.344026  -12.6152  -14.6961
   113   588  3170  535730.00  2333440.00  21.101684  105.344025  -10.2369  -18.3329
   114  1050  3173  540350.00  2333410.00  21.101317  105.388507  -12.9532  -19.8152
   115   915  3176  539000.00  2333380.00  21.101075  105.375508  -17.3812  -23.2223
   116  1917  3182  549020.00  2333320.00  21.100292  105.471981  -11.0517  -17.3513
   117  2037  3212  550220.00  2333020.00  21.097549  105.483526  -10.0382  -15.7335
   118  1125  3221  541100.00  2332930.00  21.096963  105.395717  -13.3047  -15.7319
   119  2043  3233  550280.00  2332810.00  21.095650  105.484097   -9.1468  -15.2715
   120  4266  3236  572510.00  2332780.00  21.094633  105.698117  -12.0226  -14.9652
   121  4128  3248  571130.00  2332660.00  21.093603  105.684826  -11.5375  -18.1388
   122  2067  3254  550520.00  2332600.00  21.093746  105.486402  -10.0486  -14.8901
   123  5229  3269  582140.00  2332450.00  21.091245  105.790812   -7.5221  -11.1647
   124   504  3269  534890.00  2332450.00  21.092755  105.335917   -5.3653  -14.5465
   125  1017  3269  540020.00  2332450.00  21.092650  105.385307  -14.4229  -15.5613
   126  5118  3290  581030.00  2332240.00  21.089397  105.780116  -11.8756  -16.1828
   127  1695  3296  546800.00  2332180.00  21.090050  105.450576   -8.1189  -13.4763
   128  1650  3314  546350.00  2332000.00  21.088435  105.446238  -11.2499  -14.8501
   129  3693  3317  566780.00  2331970.00  21.087533  105.642921   -7.0160  -13.4129
   130  4257  3323  572420.00  2331910.00  21.086776  105.697214  -10.4966  -19.4000
   131  4128  3326  571130.00  2331880.00  21.086556  105.684794  -11.8016  -17.7320
   132  1080  3359  540650.00  2331550.00  21.084505  105.391352   -7.3413  -14.7405
   133  1398  3368  543830.00  2331460.00  21.083618  105.421964   -9.0823  -13.5662
   134  5283  3371  582680.00  2331430.00  21.082005  105.795961  -14.9307  -20.9272
   135   552  3371  535370.00  2331430.00  21.083530  105.340517  -12.0026  -15.9553
   136  4137  3374  571220.00  2331400.00  21.082216  105.685641   -6.7763  -13.9535
   137   555  3389  535400.00  2331250.00  21.081903  105.340803   -5.0972  -12.6906
   138   369  3392  533540.00  2331220.00  21.081667  105.322896  -11.4028  -16.5756
   139  4275  3404  572600.00  2331100.00  21.079451  105.698913   -8.4403  -16.2553
   140  3606  3410  565910.00  2331040.00  21.079162  105.634510  -11.0267  -19.4452
   141  5388  3413  583730.00  2331010.00  21.078163  105.806048  -10.3071  -14.6038
   142   459  3431  534440.00  2330830.00  21.078127  105.331552   -8.5211  -14.7114
   143   351  3431  533360.00  2330830.00  21.078147  105.321155   -9.3970  -11.7748
   144  5709  3431  586940.00  2330830.00  21.076387  105.836938  -10.4683  -14.1083
   145  5706  3434  586910.00  2330800.00  21.076117  105.836648  -12.3865  -14.5403
   146   525  3455  535100.00  2330590.00  21.075946  105.337901   -4.7380  -12.3735
   147   507  3461  534920.00  2330530.00  21.075407  105.336167   -7.5352  -13.7792
   148  5391  3461  583760.00  2330530.00  21.073825  105.806314   -7.4695  -13.5702
   149  7338  3485  603230.00  2330290.00  21.070663  105.993707       NaN       NaN
   150  1638  3491  546230.00  2330230.00  21.072446  105.445035  -11.0970  -15.1866
   151  4473  3503  574580.00  2330110.00  21.070427  105.717930   -1.7351  -12.8409
   152  4962  3509  579470.00  2330050.00  21.069679  105.764997  -10.9134  -14.0319
   153  1983  3509  549680.00  2330050.00  21.070729  105.478241   -9.2533  -15.4261
   154   549  3509  535340.00  2330050.00  21.071062  105.340200   -9.6469  -14.3041
   155  4269  3521  572540.00  2329930.00  21.068883  105.698286   -9.1878  -15.8590
   156  5712  3533  586970.00  2329810.00  21.067170  105.837176   -9.4563  -16.2415
   157  2529  3536  555140.00  2329780.00  21.068133  105.530791   -6.5478  -10.5335
   158  6426  3551  594110.00  2329630.00  21.065191  105.905889  -14.8313  -18.4416
   159   624  3569  536090.00  2329450.00  21.065626  105.347407   -4.8154  -14.4958
   160  6063  3614  590480.00  2329000.00  21.059682  105.870918  -10.8230  -13.5700
   161  6828  3626  598130.00  2328880.00  21.058205  105.944539  -11.9972  -17.4764
   162  1917  3638  549020.00  2328760.00  21.059091  105.471851  -16.4365  -21.5285
   163  5052  3653  580370.00  2328610.00  21.056630  105.773592  -10.1629  -15.1113
   164  5766  3662  587510.00  2328520.00  21.055490  105.842308   -0.2046  -10.1516
   165  4551  3692  575360.00  2328220.00  21.053319  105.725355  -11.2319  -20.3119
   166  4788  3698  577730.00  2328160.00  21.052678  105.748163  -10.1593  -17.4125
   167  2346  3719  553310.00  2327950.00  21.051653  105.513119  -14.4234  -16.7747
   168  1812  3722  547970.00  2327920.00  21.051530  105.461721  -11.1578  -20.4938
   169  6765  3725  597500.00  2327890.00  21.049294  105.938419   -9.8954  -18.4106
   170   492  3740  534770.00  2327740.00  21.050201  105.334667   -5.1378  -14.6385
   171  1788  3746  547730.00  2327680.00  21.049367  105.459404  -15.7259  -27.8462
   172  1461  3752  544460.00  2327620.00  21.048907  105.427929  -10.4495  -16.6894
   173  1449  3752  544340.00  2327620.00  21.048910  105.426774   -7.5305  -14.5477
   174   480  3767  534650.00  2327470.00  21.047764  105.333506   -3.2495  -14.0204
   175  1704  3770  546890.00  2327440.00  21.047221  105.451313   -8.9011  -13.6274
   176  1422  3773  544070.00  2327410.00  21.047019  105.424170  -10.8540  -18.1622
   177  4653  3773  576380.00  2327410.00  21.045959  105.735136  -10.6199  -15.1505
   178  1245  3776  542300.00  2327380.00  21.046790  105.407134  -12.2500  -18.1311
   179  1359  3827  543440.00  2326870.00  21.042155  105.418093   -8.0328  -12.0555
   180  1821  3830  548060.00  2326840.00  21.041769  105.462557   -8.4374  -11.1944
   181   543  3839  535280.00  2326750.00  21.041246  105.339555   -7.0039  -13.5475
   182  2301  3839  552860.00  2326750.00  21.040824  105.508751  -10.8663  -15.1699
   183  1722  3845  547070.00  2326690.00  21.040439  105.453025  -10.5047  -10.6370
   184  2550  3851  555350.00  2326630.00  21.039666  105.532711  -11.8141  -14.8296
   185   450  3857  534350.00  2326570.00  21.039637  105.330601  -11.3814  -20.0935
   186  6216  3860  592010.00  2326540.00  21.037381  105.885512  -11.6649  -18.3267
   187  1983  3860  549680.00  2326540.00  21.039015  105.478140  -18.8114  -22.2363
   188  2127  3869  551120.00  2326450.00  21.038163  105.491996  -10.7695  -15.3305
   189   318  3890  533030.00  2326240.00  21.036680  105.317890  -18.1057  -24.1657
   190  6285  3893  592700.00  2326210.00  21.034365  105.892134  -18.4241  -20.6409
   191  1263  3899  542480.00  2326150.00  21.035672  105.408836  -10.6545  -15.1206
   192  6075  3899  590600.00  2326150.00  21.033928  105.871923  -11.5187  -13.4974
   193  2163  3908  551480.00  2326060.00  21.034629  105.495449   -7.7440  -15.3448
   194  6207  3914  591920.00  2326000.00  21.032507  105.884617  -16.4215  -20.1564
   195  2247  3917  552320.00  2325970.00  21.033792  105.503530   -5.8433  -20.0255
   196   318  3926  533030.00  2325880.00  21.033427  105.317883  -12.5188  -15.6068
   197   414  3932  533990.00  2325820.00  21.032867  105.327121  -11.0585  -14.1749
   198  6336  3935  593210.00  2325790.00  21.030545  105.897019  -16.4339  -17.4960
   199   471  3938  534560.00  2325760.00  21.032315  105.332606   -8.0950  -10.5003
   200  2547  3938  555320.00  2325760.00  21.031807  105.532395   -9.1756  -20.0391
   201  1644  3965  546290.00  2325490.00  21.029617  105.445486  -12.6950  -15.2110
   202  4086  3977  570710.00  2325370.00  21.027755  105.680483  -16.0887  -16.2325
   203  1569  3992  545540.00  2325220.00  21.027196  105.438261  -11.9181  -18.4895
   204  1293  3998  542780.00  2325160.00  21.026720  105.411699   -9.1509  -12.3429
   205  1713  3998  546980.00  2325160.00  21.026618  105.452117   -8.5738  -12.3481
   206  2265  4001  552500.00  2325130.00  21.026197  105.505237  -14.1170  -20.2710
   207  2076  4004  550610.00  2325100.00  21.025979  105.487048  -11.5843  -19.6523
   208  2145  4004  551300.00  2325100.00  21.025960  105.493688  -10.4117  -12.6592
   209  1446  4007  544310.00  2325070.00  21.025871  105.426420  -12.7096  -14.2887
   210  2100  4007  550850.00  2325070.00  21.025701  105.489357   -9.3160  -17.2402
   211  1614  4010  545990.00  2325040.00  21.025558  105.442587  -10.5174  -19.4931
   212  1392  4019  543770.00  2324950.00  21.024800  105.421220  -11.3742  -14.5392
   213  3495  4019  564800.00  2324950.00  21.024178  105.623595   -8.1703  -15.0002
   214  2079  4019  550640.00  2324950.00  21.024623  105.487332  -12.5825  -21.3957
   215  1413  4019  543980.00  2324950.00  21.024795  105.423241  -12.3580  -19.5982
   216  4890  4022  578750.00  2324920.00  21.023362  105.757832  -10.2539  -13.7660
   217  1680  4034  546650.00  2324800.00  21.023373  105.448931  -12.8160  -22.9483
   218  1068  4037  540530.00  2324770.00  21.023248  105.390037  -15.5749  -19.0004
   220  4365  4058  573500.00  2324560.00  21.020327  105.707297   -9.2014  -19.3066
   221  2511  4073  554960.00  2324410.00  21.019620  105.528887  -10.9467  -20.6580
   222  1683  4079  546680.00  2324350.00  21.019307  105.449208  -10.3498  -13.4394
   223  2466  4085  554510.00  2324290.00  21.018549  105.524553  -11.3476  -16.1676
   224   699  4100  536840.00  2324140.00  21.017633  105.354513   -6.8757   -9.6125
   225  5355  4109  583400.00  2324050.00  21.015296  105.802535   -8.4130  -11.1640
   226  1701  4109  546860.00  2324050.00  21.016591  105.450932   -9.1006  -13.2461
   227  4920  4112  579050.00  2324020.00  21.015218  105.760677   -9.7085  -15.0960
   228  2646  4115  556310.00  2323990.00  21.015784  105.541864  -10.4294  -19.4695
   229  2385  4124  553700.00  2323900.00  21.015049  105.516746  -12.8217  -15.5571
   230  4815  4130  578000.00  2323840.00  21.013636  105.750566   -8.1343  -17.5343
   231  2637  4148  556220.00  2323660.00  21.012805  105.540987  -10.0433  -19.1257
   232  3561  4154  565460.00  2323600.00  21.011957  105.629895  -13.9887  -15.1772
   233  4875  4172  578600.00  2323420.00  21.009816  105.756320   -9.2300  -15.5673
   234  4848  4172  578330.00  2323420.00  21.009827  105.753722  -11.3508  -16.1257
   235  4650  4181  576350.00  2323330.00  21.009098  105.734667   -8.6672  -23.2966
   236  6603  4190  595880.00  2323240.00  21.007370  105.922570  -12.2411  -14.4602
   237  2346  4199  553310.00  2323150.00  21.008284  105.512970   -7.4578  -10.1701
   238  3408  4205  563930.00  2323090.00  21.007403  105.615154   -9.1140  -15.5564
   239  4923  4223  579080.00  2322910.00  21.005188  105.760915   -9.1907  -12.0442
   240  2475  4229  554600.00  2322850.00  21.005535  105.525373  -10.7884  -17.4188
   241  2181  4238  551660.00  2322760.00  21.004807  105.497082   -6.9512  -14.3338
   242  3660  4256  566450.00  2322580.00  21.002706  105.639382  -11.8123  -19.0566
   243  2346  4262  553310.00  2322520.00  21.002592  105.512951  -11.3285  -16.3317
   244  2100  4274  550850.00  2322400.00  21.001577  105.489278  -10.3398  -18.0127
   245  2385  4277  553700.00  2322370.00  21.001225  105.516699  -10.6502  -15.5132
   246  5652  4322  586370.00  2321920.00  20.995915  105.831005  -10.2027  -16.8538
   247  5595  4385  585800.00  2321290.00  20.990250  105.825490   -7.8512  -15.9812
   248  4788  4394  577730.00  2321200.00  20.989796  105.747849  -10.6381  -20.9613
   249  2718  4457  557030.00  2320570.00  20.984861  105.548679  -12.0833  -16.7337
   250  2742  4502  557270.00  2320120.00  20.980788  105.550973   -9.6005  -17.3735
   251  5598  4580  585830.00  2319340.00  20.972631  105.825682   -0.2907   -9.3997
   252  2475  4598  554600.00  2319160.00  20.972195  105.525257   -8.7460  -16.1867
   253  5490  4607  584750.00  2319070.00  20.970242  105.815280  -11.4516  -20.1707
   254  6108  4622  590930.00  2318920.00  20.968592  105.874717  -10.7239  -11.6230
   255  4827  4634  578120.00  2318800.00  20.968095  105.751493   -6.5261  -14.9160
   256  4857  4646  578420.00  2318680.00  20.966998  105.754373  -12.3932  -17.6774
   257  4860  4667  578450.00  2318470.00  20.965100  105.754652  -16.0729  -15.4421
   258  3075  4676  560600.00  2318380.00  20.964960  105.582948  -11.1124  -17.4102
   259  2646  4685  556310.00  2318290.00  20.964283  105.541678   -9.2632  -14.6415
   260  4809  4703  577940.00  2318110.00  20.961869  105.749730  -10.6786  -15.2019
   261  4701  4757  576860.00  2317570.00  20.957035  105.739318  -11.1696  -14.5891
   262  4755  4787  577400.00  2317270.00  20.954302  105.744498    1.9787   -3.3151
   263  5127  4817  581120.00  2316970.00  20.951432  105.780264   -8.9750  -20.0085
   264  3678  4838  566630.00  2316760.00  20.950115  105.640889   -6.7869  -16.5473
   265  2904  4841  558890.00  2316730.00  20.950107  105.566443  -14.2749  -15.8936
   266  5217  4853  582020.00  2316610.00  20.948139  105.788903   -7.8043  -13.9357
   267  2424  4919  554090.00  2315950.00  20.943207  105.520250   -5.4098  -14.3102
   268  3426  4922  564110.00  2315920.00  20.942615  105.616620  -13.1341  -21.9302
   269  3570  4925  565550.00  2315890.00  20.942293  105.630469  -12.7627  -15.8299
   270  2880  4952  558650.00  2315620.00  20.940086  105.564097   -9.1006  -13.5575
   271  5031  4955  580160.00  2315590.00  20.939006  105.770967   -9.2386  -13.8027
   272  2781  4967  557660.00  2315470.00  20.938762  105.554570   -4.3441  -21.1732
   273  2829  4985  558140.00  2315290.00  20.937120  105.559181   -8.0651  -11.7959
   274  2316  5000  553010.00  2315140.00  20.935920  105.509838  -11.4488  -15.8407
   275  2331  5012  553160.00  2315020.00  20.934831  105.511277   -9.1121  -13.9115
   276  2796  5036  557810.00  2314780.00  20.932523  105.555990  -15.8914  -22.5338
   277  2475  5036  554600.00  2314780.00  20.932621  105.525119   -7.1536  -19.7438
   278  2574  5060  555590.00  2314540.00  20.930423  105.534632   -2.1444   -5.3180
   279  2739  5075  557240.00  2314390.00  20.929017  105.550495   -8.4710  -13.6890
   280  2721  5093  557060.00  2314210.00  20.927396  105.548758   -8.3680  -15.8006
   281  6069  5120  590540.00  2313940.00  20.923618  105.870706   -8.8067  -16.5111
   282  5304  5147  582890.00  2313670.00  20.921538  105.797130  -11.6063  -16.2982
   283  3507  5297  564920.00  2312170.00  20.908705  105.624270  -14.6222  -17.9866
   284  2961  5507  559460.00  2310070.00  20.889914  105.571697   -7.7351  -12.4709
   285  5718  5606  587030.00  2309080.00  20.879878  105.836710  -12.1973  -13.8948
   286  6291  5681  592760.00  2308330.00  20.872824  105.891754   -8.9662  -13.2123
   287  3930  5756  569150.00  2307580.00  20.867080  105.664761  -12.5246  -12.5312
   288  3189  5792  561740.00  2307220.00  20.864089  105.593517   -2.1548   -4.3617
   289  3186  5795  561710.00  2307190.00  20.863819  105.593227   -7.4692  -16.4410
   290  3261  5849  562460.00  2306650.00  20.858915  105.600418  -17.7661  -18.7480
   291  3318  5984  563030.00  2305300.00  20.846698  105.605848  -18.4411  -31.5625
   292  6354  6038  593390.00  2304760.00  20.840538  105.897618   -5.9891  -13.2190
   293  3390  6038  563750.00  2304760.00  20.841794  105.612748  -13.3360  -19.2264
   294  3432  6059  564170.00  2304550.00  20.839882  105.616778  -11.8209  -19.8080
   295  3528  6062  565130.00  2304520.00  20.839578  105.626003   -9.5092  -13.2326
   296  3396  6068  563810.00  2304460.00  20.839081  105.613314  -14.6202  -19.2926
   297  3417  6074  564020.00  2304400.00  20.838532  105.615330  -16.0778  -18.1766
   298  3393  6080  563780.00  2304340.00  20.837998  105.613021  -12.2091  -16.3530
   299  3570  6101  565550.00  2304130.00  20.836039  105.630025  -11.3121  -16.1393
   300  3498  6101  564830.00  2304130.00  20.836064  105.623105  -13.6710  -14.9602
   301  3498  6122  564830.00  2303920.00  20.834167  105.623097  -11.7996  -13.2645
   302  4890  6167  578750.00  2303470.00  20.829562  105.756858   -9.9698  -15.2098
   303  5508  6179  584930.00  2303350.00  20.828206  105.816243   -9.7188  -18.9129
   305  3753  6194  567380.00  2303200.00  20.827571  105.647577  -12.0979  -15.9477
   306  3759  6197  567440.00  2303170.00  20.827297  105.648153  -11.3862  -13.9742
   308  6285  6239  592700.00  2302750.00  20.822413  105.890880   -4.3597  -13.2897
   309  3813  6257  567980.00  2302570.00  20.821857  105.653319   -7.2045  -15.0319
   310  3801  6275  567860.00  2302390.00  20.820235  105.652159  -10.7875  -14.3145
   312  3798  6278  567830.00  2302360.00  20.819965  105.651869   -8.6801  -16.5275
   313  3828  6284  568130.00  2302300.00  20.819412  105.654750  -12.3465  -15.7445
   316  3837  6302  568220.00  2302120.00  20.817782  105.655608  -10.9313  -15.1086
   317  3024  6350  560090.00  2301640.00  20.813726  105.577463   -5.0189  -10.5938
   318  2958  6356  559430.00  2301580.00  20.813205  105.571119   -6.0955  -12.5009
   320  3615  6395  566000.00  2301190.00  20.809459  105.634239   -5.4976  -13.8335
   322  2967  6404  559520.00  2301100.00  20.808865  105.571968  -11.0331  -16.2306
   323  3822  6413  568070.00  2301010.00  20.807758  105.654123  -11.2784  -15.1980
   325  2871  6416  558560.00  2300980.00  20.807811  105.562739  -12.2906  -10.6614
   329  3891  6425  568760.00  2300890.00  20.806649  105.660748  -13.1959  -17.6972
   338  5919  6506  589040.00  2300080.00  20.798469  105.855573   -8.8934  -13.8189
   339  3852  6518  568370.00  2299960.00  20.798260  105.656965  -13.1646  -19.1185
   340  5001  6524  579860.00  2299900.00  20.797260  105.767362  -10.0386  -19.2753
   342  3849  6539  568340.00  2299750.00  20.796364  105.656668   -7.5479  -14.7132
   343  3780  6539  567650.00  2299750.00  20.796389  105.650038   -2.7910  -22.8778
   344  3780  6602  567650.00  2299120.00  20.790697  105.650014  -17.4761  -21.0609
   345  3795  6638  567800.00  2298760.00  20.787439  105.651441   -8.5363  -12.7171
   346  3798  6686  567830.00  2298280.00  20.783101  105.651711  -10.0038  -15.4594
   348  3795  6833  567800.00  2296810.00  20.769820  105.651366   -5.7962  -10.0867
   350  3987  7121  569720.00  2293930.00  20.743727  105.669696   -9.0559  -17.8437
   352  4113  7166  570980.00  2293480.00  20.739614  105.681780  -11.5777  -25.1627
   353  3984  7193  569690.00  2293210.00  20.737223  105.669379  -11.1665  -22.3486
   354  4122  7211  571070.00  2293030.00  20.735545  105.682626  -13.7500  -17.6547
   355  4056  7214  570410.00  2293000.00  20.735299  105.676286  -14.8819  -18.7212
   356  3999  7214  569840.00  2293000.00  20.735320  105.670811    1.6677   -7.2537
   357  3978  7220  569630.00  2292940.00  20.734786  105.668792  -12.7262  -17.5178
   359  4143  7250  571280.00  2292640.00  20.732013  105.684627  -16.9428  -20.1865
   360  4077  7253  570620.00  2292610.00  20.731767  105.678287   -3.8557  -12.6575
   361  4068  7256  570530.00  2292580.00  20.731499  105.677422  -21.2155  -21.9714
   362  4062  7259  570470.00  2292550.00  20.731231  105.676844  -15.5833  -19.9689
   363  4182  7280  571670.00  2292340.00  20.729287  105.688361  -13.0875  -17.5950
   364  4095  7283  570800.00  2292310.00  20.729050  105.680004  -15.7132  -18.0127
   365  4104  7286  570890.00  2292280.00  20.728775  105.680867   -9.2769  -15.5123
   367  4122  7310  571070.00  2292040.00  20.726600  105.682586   -4.1940  -10.3556
   368  4116  7313  571010.00  2292010.00  20.726331  105.682009  -10.6930  -17.2780
   369  4164  7319  571490.00  2291950.00  20.725771  105.686616  -17.3390  -18.8995
   370  4122  7355  571070.00  2291590.00  20.722534  105.682568  -16.5873  -18.8232
   371  4296  7379  572810.00  2291350.00  20.720298  105.699268   -3.6545   -7.8904
   372  4275  7547  572600.00  2289670.00  20.705127  105.697182  -16.0729  -19.9044
   373  7344  7595  603290.00  2289190.00  20.699346  105.991843  -10.0976  -15.5728
   374  7176  7634  601610.00  2288800.00  20.695914  105.975690  -10.7213  -19.0509
   375  7284  7733  602690.00  2287810.00  20.686911  105.986002  -13.1139  -17.6124
   376  4341  8081  573260.00  2284330.00  20.656853  105.703297   -1.6973   -9.8260
   377  4365  8102  573500.00  2284120.00  20.654946  105.705592  -17.9103  -19.0248
   378  4239  8108  572240.00  2284060.00  20.654453  105.693495   -7.6852  -10.7088
   379  4656  8189  576410.00  2283250.00  20.646969  105.733489  -13.4616  -20.2136
   380  4644  8201  576290.00  2283130.00  20.645890  105.732332  -16.6525  -23.4223
   382  4254  8447  572390.00  2280670.00  20.623817  105.694796  -13.9119  -25.6841
   383  4491  8570  574760.00  2279440.00  20.612611  105.717489   -8.0827  -13.8416
   384  4962  8651  579470.00  2278630.00  20.605099  105.762653  -11.0857  -14.5077
   385  4842  8702  578270.00  2278120.00  20.600541  105.751115   -7.8692  -13.6978
   386  5235  8753  582200.00  2277610.00  20.595765  105.788803  -13.6632  -22.4666
   387  5277  8813  582620.00  2277010.00  20.590326  105.792805  -12.5060  -19.9328
   388  5295  8822  582800.00  2276920.00  20.589505  105.794528  -11.3431  -12.4474
   389  5115  8825  581000.00  2276890.00  20.589312  105.777255  -11.7746  -18.1501
   390  5187  8834  581720.00  2276800.00  20.588468  105.784160  -12.7837  -18.8679
   391  5310  8870  582950.00  2276440.00  20.585161  105.795945   -8.3976  -15.9111
   392  5313  8882  582980.00  2276320.00  20.584076  105.796227   -8.2112  -17.5873
