; ENVI Output of ROIs (5.2) [Mon Dec 02 16:45:49 2019]
; Number of ROIs: 1
; File Dimension: 7647 x 9116
;
; ROI name: EVF: Layer: grass.shp
; ROI rgb value: {255, 255, 255}
; ROI npts: 385
;   ID     X     Y      Map X       Map Y        Lat         Lon        B1        B2
     1  5334   482  583190.00  2360320.00  21.342990  105.802280  -11.6401  -16.1479
     2  5613   620  585980.00  2358940.00  21.330392  105.829114   -6.4812  -14.4222
     3  4989   731  579740.00  2357830.00  21.320649  105.768893   -1.2831  -10.3278
     4  5967   794  589520.00  2357200.00  21.314500  105.863156  -10.0594  -14.5158
     5  5370   896  583550.00  2356180.00  21.305571  105.805547   -7.0530  -12.7346
     6  4986   905  579710.00  2356090.00  21.304931  105.768522   -9.1224  -16.9400
     7  5556   905  585410.00  2356090.00  21.304671  105.823474   -5.6663  -12.3474
     8  5721   929  587060.00  2355850.00  21.302424  105.839369  -10.8440  -20.0504
     9  5121   971  581060.00  2355430.00  21.298908  105.781506   -7.4924  -14.0438
    10  4908  1013  578930.00  2355010.00  21.295208  105.760952  -11.2997  -17.9286
    11  5367  1013  583520.00  2355010.00  21.295002  105.805200   -4.3953  -12.1367
    12  4929  1016  579140.00  2354980.00  21.294927  105.762975  -10.8441  -18.0338
    13  5364  1019  583490.00  2354950.00  21.294461  105.804908  -11.6296  -15.3935
    14  4896  1028  578810.00  2354860.00  21.293858  105.759788  -14.0775  -19.0462
    19  5199  1076  581840.00  2354380.00  21.289387  105.788974  -10.1830  -10.5595
    20  5076  1088  580610.00  2354260.00  21.288358  105.777112   -8.1004  -18.4266
    21  5643  1154  586280.00  2353600.00  21.282134  105.831735   -8.7600  -14.9589
    22  5628  1172  586130.00  2353420.00  21.280515  105.830280   -6.2038  -13.2960
    23  5904  1190  588890.00  2353240.00  21.278755  105.856874   -3.5044   -9.9554
    24  5886  1211  588710.00  2353030.00  21.276867  105.855128  -11.3596  -19.1399
    25  5400  1295  583850.00  2352190.00  21.269509  105.808242   -7.1031  -11.9659
    26  5355  1316  583400.00  2351980.00  21.267633  105.803895   -5.7578  -10.8835
    27  5817  1331  588020.00  2351830.00  21.266059  105.848415   -8.8957  -12.8375
    28  5529  1631  585140.00  2348830.00  21.239094  105.820508  -14.0172  -24.5283
    29  5448  1661  584330.00  2348530.00  21.236421  105.812687   -5.4540  -11.8488
    31   828  1745  538130.00  2347690.00  21.230389  105.367451   -8.8488  -11.2364
    32  5079  1760  580640.00  2347540.00  21.227644  105.777082  -10.9083  -13.2503
    34  6390  1811  593750.00  2347030.00  21.222408  105.903377  -13.5782  -19.4372
    36  5478  1841  584630.00  2346730.00  21.220145  105.815489  -12.9860  -14.0769
    37  4227  1928  572120.00  2345860.00  21.212824  105.694914  -10.0356  -20.8395
    38  6093  1982  590780.00  2345320.00  21.207110  105.874670   -7.2755  -17.2098
    39  1050  2078  540350.00  2344360.00  21.200253  105.388765   -5.2917  -13.9886
    40  4632  2096  576170.00  2344180.00  21.197481  105.733860   -8.8047  -12.0481
    41   921  2108  539060.00  2344060.00  21.197571  105.376330   -5.0331  -15.0280
    42  5178  2177  581630.00  2343370.00  21.189926  105.786422  -11.1627  -15.0488
    43   258  2177  532430.00  2343370.00  21.191467  105.312440   -6.8352  -15.3443
    44  4926  2339  579110.00  2341750.00  21.175401  105.762071  -13.6551  -20.5475
    45  4998  2348  579830.00  2341660.00  21.174556  105.769002  -10.9521  -15.3532
    46  3822  2366  568070.00  2341480.00  21.173407  105.655717   -6.8914  -13.0686
    47  4998  2375  579830.00  2341390.00  21.172117  105.768990  -11.2450  -13.4117
    48  3597  2393  565820.00  2341210.00  21.171051  105.634034  -21.5267  -19.4597
    49   978  2405  539630.00  2341090.00  21.170724  105.381752   -8.3777  -22.1068
    50  5673  2411  586580.00  2341030.00  21.168557  105.833988   -1.5694   -8.6814
    51  5001  2438  579860.00  2340760.00  21.166424  105.769249  -12.0391  -18.5322
    52  1059  2459  540440.00  2340550.00  21.165827  105.389542    4.0798  -13.9587
    53  3687  2459  566720.00  2340550.00  21.165055  105.642677   -9.4730  -17.0488
    54  5784  2465  587690.00  2340490.00  21.163625  105.844652   -5.4875  -16.3749
    55  4386  2537  573710.00  2339770.00  21.157739  105.709971   -5.4869  -13.9733
    58  2718  2567  557030.00  2339470.00  21.155626  105.549306   -8.6188  -14.7893
    59  2031  2606  550160.00  2339080.00  21.152304  105.483126   -8.8124  -15.5387
    60   828  2615  538130.00  2338990.00  21.151782  105.367256  -10.9188  -15.9231
    61   333  2639  533180.00  2338750.00  21.149710  105.319576   -6.2145  -19.7656
    62   456  2648  534410.00  2338660.00  21.148874  105.331420   -6.1062  -13.8264
    63   474  2666  534590.00  2338480.00  21.147244  105.333150  -10.4715  -15.5366
    64  1005  2678  539900.00  2338360.00  21.146052  105.384290   -9.5475  -15.1984
    65   468  2681  534530.00  2338330.00  21.145890  105.332569  -10.7022  -12.0066
    66  4062  2711  570470.00  2338030.00  21.142146  105.678693   -8.3712  -12.2885
    67  4026  2726  570110.00  2337880.00  21.140805  105.675220   -9.9824  -15.9321
    68  2949  2750  559340.00  2337640.00  21.139018  105.571492   -8.6858  -13.7512
    69  4869  2753  578540.00  2337610.00  21.138022  105.756391  -10.6462  -17.0817
    70  6006  2768  589910.00  2337460.00  21.136142  105.865874   -9.3257  -13.9003
    71  4293  2783  572780.00  2337310.00  21.135550  105.700909  -13.0469  -16.9435
    72  4299  2792  572840.00  2337220.00  21.134735  105.701483  -12.7332  -13.6276
    73  1260  2792  542450.00  2337220.00  21.135694  105.408821   -4.1363  -11.3441
    74  1131  2795  541160.00  2337190.00  21.135453  105.396397  -11.8315  -13.8027
    75  1092  2798  540770.00  2337160.00  21.135190  105.392640   -8.4478  -14.5369
    76  4644  2801  576290.00  2337130.00  21.133781  105.734702  -11.6437  -22.4737
    77  1365  2807  543500.00  2337070.00  21.134314  105.418929   -9.1644  -21.1342
    78  1371  2813  543560.00  2337010.00  21.133771  105.419505   -8.3228  -14.1808
    79  1239  2822  542240.00  2336920.00  21.132988  105.406791   -8.5049  -16.7446
    80   990  2852  539750.00  2336620.00  21.130334  105.382805  -14.5219  -15.6230
    81   990  2858  539750.00  2336560.00  21.129792  105.382803  -10.6090  -14.7501
    82  4725  2861  577100.00  2336530.00  21.128326  105.742475  -12.1987  -15.4163
    83  4803  2864  577880.00  2336500.00  21.128022  105.749985   -5.5188  -15.5893
    84   366  2870  533510.00  2336440.00  21.128832  105.322709  -15.6576  -20.2223
    85  4329  2876  573140.00  2336380.00  21.127134  105.704336  -10.0257  -11.8406
    86  1083  2882  540680.00  2336320.00  21.127603  105.391753   -8.2833  -16.5070
    87   429  2888  534140.00  2336260.00  21.127194  105.328772   -9.0826  -13.8839
    88  2061  2894  550460.00  2336200.00  21.126274  105.485930   -3.4241  -14.3179
    89  6123  2915  591080.00  2335990.00  21.122804  105.877063   -2.0954  -12.8223
    90  1944  2921  549290.00  2335930.00  21.123867  105.474656   -6.5772  -14.5973
    91  3369  2921  563540.00  2335930.00  21.123427  105.611876   -9.2442  -15.1719
    92   417  2945  534020.00  2335690.00  21.122046  105.327605   -6.7437  -13.9616
    93   438  2954  534230.00  2335600.00  21.121229  105.329626   -8.1816  -14.0251
    94   423  2960  534080.00  2335540.00  21.120690  105.328180  -10.2144  -13.9425
    95  6468  2960  594530.00  2335540.00  21.118563  105.910257   -9.8044  -17.5312
    96   414  2963  533990.00  2335510.00  21.120421  105.327313   -7.9330  -15.2314
    97  4692  2972  576770.00  2335420.00  21.118311  105.739248   -6.7537  -15.2657
    98  4107  3005  570920.00  2335090.00  21.115566  105.682905   -9.9935  -13.4777
    99   354  3011  533390.00  2335030.00  21.116095  105.321526   -7.9814  -14.9825
   100  2082  3014  550670.00  2335000.00  21.115426  105.487917  -10.4445  -14.6049
   101  3627  3023  566120.00  2334910.00  21.114120  105.636680   -8.2805  -13.8078
   102  5388  3044  583730.00  2334700.00  21.111501  105.806228  -13.2247  -15.0071
   103  5772  3065  587570.00  2334490.00  21.109424  105.843189   -9.7528  -16.4033
   104  4719  3068  577040.00  2334460.00  21.109626  105.741804   -5.5942  -16.9791
   105  1485  3074  544700.00  2334400.00  21.110161  105.430416   -7.4146  -13.2412
   106  2334  3074  553190.00  2334400.00  21.109934  105.512163   -9.3980  -18.8245
   107  1962  3101  549470.00  2334130.00  21.107599  105.476337  -12.2183  -14.2983
   108   747  3140  537320.00  2333740.00  21.104363  105.359341   -7.3849  -15.8430
   109   912  3149  538970.00  2333650.00  21.103516  105.375226   -8.3354  -18.1906
   110  1950  3161  549350.00  2333530.00  21.102181  105.475164  -10.7630  -13.5807
   111   588  3164  535730.00  2333500.00  21.102226  105.344026   -9.1496  -13.8860
   112   900  3164  538850.00  2333500.00  21.102163  105.374067  -11.5406  -18.9720
   113   588  3170  535730.00  2333440.00  21.101684  105.344025  -10.7629  -14.9357
   114  1050  3173  540350.00  2333410.00  21.101317  105.388507   -6.9411  -16.0688
   115   915  3176  539000.00  2333380.00  21.101075  105.375508  -15.8763  -20.5893
   116  1917  3182  549020.00  2333320.00  21.100292  105.471981  -12.9928  -16.7294
   117  2037  3212  550220.00  2333020.00  21.097549  105.483526   -8.8496  -14.7174
   118  2043  3233  550280.00  2332810.00  21.095650  105.484097  -12.0291  -15.8587
   119  4266  3236  572510.00  2332780.00  21.094633  105.698117  -11.8583  -17.6557
   120  4128  3248  571130.00  2332660.00  21.093603  105.684826  -11.7471  -16.5921
   121  2067  3254  550520.00  2332600.00  21.093746  105.486402  -10.7275  -13.0517
   122  1017  3269  540020.00  2332450.00  21.092650  105.385307  -14.3005  -18.1417
   123  5229  3269  582140.00  2332450.00  21.091245  105.790812   -9.5996  -15.0840
   124   504  3269  534890.00  2332450.00  21.092755  105.335917   -7.4129  -15.1748
   125  5118  3290  581030.00  2332240.00  21.089397  105.780116   -5.8194  -12.5172
   126  1695  3296  546800.00  2332180.00  21.090050  105.450576   -5.8247  -12.0151
   127  1650  3314  546350.00  2332000.00  21.088435  105.446238   -7.0152  -12.1244
   128  3693  3317  566780.00  2331970.00  21.087533  105.642921   -8.8769  -15.3520
   129  4257  3323  572420.00  2331910.00  21.086776  105.697214  -10.0716  -16.4011
   130  4128  3326  571130.00  2331880.00  21.086556  105.684794  -10.8470  -14.7515
   131  1080  3359  540650.00  2331550.00  21.084505  105.391352   -8.4064  -11.3681
   132  1398  3368  543830.00  2331460.00  21.083618  105.421964   -7.3150  -12.8750
   133   552  3371  535370.00  2331430.00  21.083530  105.340517   -6.9753  -16.5248
   134  5283  3371  582680.00  2331430.00  21.082005  105.795961   -9.1233  -14.8355
   135  4137  3374  571220.00  2331400.00  21.082216  105.685641  -11.5476  -16.5830
   136   555  3389  535400.00  2331250.00  21.081903  105.340803    1.3331  -14.6623
   137   369  3392  533540.00  2331220.00  21.081667  105.322896  -10.2330  -16.8432
   138  4275  3404  572600.00  2331100.00  21.079451  105.698913   -8.8806  -18.6983
   139  3606  3410  565910.00  2331040.00  21.079162  105.634510  -13.9123  -19.6926
   140  5388  3413  583730.00  2331010.00  21.078163  105.806048   -9.9869  -17.8055
   141   351  3431  533360.00  2330830.00  21.078147  105.321155   -8.5060  -13.7771
   142   459  3431  534440.00  2330830.00  21.078127  105.331552   -6.1668  -16.1202
   143  5709  3431  586940.00  2330830.00  21.076387  105.836938   -9.1219  -12.9856
   144  5706  3434  586910.00  2330800.00  21.076117  105.836648   -8.8389  -14.1336
   145   525  3455  535100.00  2330590.00  21.075946  105.337901    1.2450   -8.0505
   146  5391  3461  583760.00  2330530.00  21.073825  105.806314   -7.8664  -15.3283
   147   507  3461  534920.00  2330530.00  21.075407  105.336167   -2.3329  -11.6441
   149  1638  3491  546230.00  2330230.00  21.072446  105.445035   -8.5306  -16.2163
   150  4473  3503  574580.00  2330110.00  21.070427  105.717930   -3.5954  -10.6574
   151  1983  3509  549680.00  2330050.00  21.070729  105.478241   -5.0807  -11.9429
   152  4962  3509  579470.00  2330050.00  21.069679  105.764997   -7.3423  -13.8242
   153   549  3509  535340.00  2330050.00  21.071062  105.340200   -3.8686  -16.3614
   154  4269  3521  572540.00  2329930.00  21.068883  105.698286   -6.3802  -15.5261
   155  5712  3533  586970.00  2329810.00  21.067170  105.837176   -7.8179   -7.9724
   156  2529  3536  555140.00  2329780.00  21.068133  105.530791   -5.4761  -16.2931
   157  6426  3551  594110.00  2329630.00  21.065191  105.905889   -6.9566  -14.4990
   158   624  3569  536090.00  2329450.00  21.065626  105.347407  -10.7544  -10.6477
   159  6063  3614  590480.00  2329000.00  21.059682  105.870918   -4.1029  -16.3688
   160  6828  3626  598130.00  2328880.00  21.058205  105.944539   -8.2387  -19.9549
   161  1917  3638  549020.00  2328760.00  21.059091  105.471851  -16.1167  -20.7090
   162  5052  3653  580370.00  2328610.00  21.056630  105.773592   -6.1465  -12.9644
   163  5766  3662  587510.00  2328520.00  21.055490  105.842308    0.0027   -8.8643
   164  4551  3692  575360.00  2328220.00  21.053319  105.725355  -11.0735  -16.3419
   165  4788  3698  577730.00  2328160.00  21.052678  105.748163   -6.6259  -16.8012
   166  2346  3719  553310.00  2327950.00  21.051653  105.513119  -10.1990  -18.5697
   167  1812  3722  547970.00  2327920.00  21.051530  105.461721  -12.4679  -18.1564
   168  6765  3725  597500.00  2327890.00  21.049294  105.938419   -4.6959  -11.8719
   169   492  3740  534770.00  2327740.00  21.050201  105.334667    0.7285  -11.3149
   170  1788  3746  547730.00  2327680.00  21.049367  105.459404  -16.0581  -21.4589
   171  1449  3752  544340.00  2327620.00  21.048910  105.426774   -5.6151  -15.8501
   172  1461  3752  544460.00  2327620.00  21.048907  105.427929   -9.3717  -15.0050
   173   480  3767  534650.00  2327470.00  21.047764  105.333506   -1.0802  -13.4414
   174  1704  3770  546890.00  2327440.00  21.047221  105.451313   -5.8743  -13.0428
   175  4653  3773  576380.00  2327410.00  21.045959  105.735136   -8.6420  -12.8666
   176  1422  3773  544070.00  2327410.00  21.047019  105.424170   -8.5966  -15.2860
   177  1245  3776  542300.00  2327380.00  21.046790  105.407134   -9.1699  -20.9854
   178  1359  3827  543440.00  2326870.00  21.042155  105.418093   -5.7634  -15.5189
   179  1821  3830  548060.00  2326840.00  21.041769  105.462557   -6.9378  -13.8999
   180  2301  3839  552860.00  2326750.00  21.040824  105.508751  -15.0622  -10.8422
   181   543  3839  535280.00  2326750.00  21.041246  105.339555   -5.7025  -10.1631
   182  1722  3845  547070.00  2326690.00  21.040439  105.453025  -10.5287  -16.3592
   183  2550  3851  555350.00  2326630.00  21.039666  105.532711  -13.7428  -15.6992
   184   450  3857  534350.00  2326570.00  21.039637  105.330601   -6.6040  -14.6007
   185  1983  3860  549680.00  2326540.00  21.039015  105.478140  -16.7693  -25.4679
   186  6216  3860  592010.00  2326540.00  21.037381  105.885512   -9.7471  -16.1546
   187  2127  3869  551120.00  2326450.00  21.038163  105.491996  -11.7947  -17.7920
   188   318  3890  533030.00  2326240.00  21.036680  105.317890  -11.3527  -18.3903
   189  6285  3893  592700.00  2326210.00  21.034365  105.892134  -18.9443  -22.5365
   190  6075  3899  590600.00  2326150.00  21.033928  105.871923   -9.9339  -17.1353
   191  1263  3899  542480.00  2326150.00  21.035672  105.408836  -10.4006  -13.7909
   192  2163  3908  551480.00  2326060.00  21.034629  105.495449  -11.4806  -15.5024
   193  6207  3914  591920.00  2326000.00  21.032507  105.884617  -16.4740  -19.9786
   194  2247  3917  552320.00  2325970.00  21.033792  105.503530   -5.0457  -11.4198
   195   318  3926  533030.00  2325880.00  21.033427  105.317883  -13.2461  -14.7729
   196   414  3932  533990.00  2325820.00  21.032867  105.327121   -2.8612  -11.9143
   197  6336  3935  593210.00  2325790.00  21.030545  105.897019  -17.3979  -20.8930
   198   471  3938  534560.00  2325760.00  21.032315  105.332606   -7.0728  -12.4096
   199  2547  3938  555320.00  2325760.00  21.031807  105.532395  -10.7367  -16.9548
   200  1644  3965  546290.00  2325490.00  21.029617  105.445486   -8.7806  -14.4247
   201  4086  3977  570710.00  2325370.00  21.027755  105.680483   -8.5792  -18.9782
   202  1569  3992  545540.00  2325220.00  21.027196  105.438261   -7.3898  -15.7796
   203  1713  3998  546980.00  2325160.00  21.026618  105.452117   -7.4434  -13.3890
   204  2265  4001  552500.00  2325130.00  21.026197  105.505237  -11.3712  -18.9736
   205  2145  4004  551300.00  2325100.00  21.025960  105.493688   -7.2758  -14.7518
   206  2076  4004  550610.00  2325100.00  21.025979  105.487048   -7.0618  -14.6237
   207  1446  4007  544310.00  2325070.00  21.025871  105.426420  -10.4711  -14.3303
   208  2100  4007  550850.00  2325070.00  21.025701  105.489357   -9.4031  -16.6126
   209  1614  4010  545990.00  2325040.00  21.025558  105.442587  -10.8535  -17.5838
   210  1413  4019  543980.00  2324950.00  21.024795  105.423241  -17.9668  -18.9340
   211  3495  4019  564800.00  2324950.00  21.024178  105.623595   -7.3947  -14.8511
   212  2079  4019  550640.00  2324950.00  21.024623  105.487332   -5.2197  -13.9476
   213  1392  4019  543770.00  2324950.00  21.024800  105.421220  -10.0265  -14.1769
   214  4890  4022  578750.00  2324920.00  21.023362  105.757832  -12.8356  -13.7121
   215  1680  4034  546650.00  2324800.00  21.023373  105.448931  -10.5485  -14.2347
   216  1068  4037  540530.00  2324770.00  21.023248  105.390037  -13.3387  -17.8029
   218  4365  4058  573500.00  2324560.00  21.020327  105.707297  -11.7561  -21.1769
   219  2511  4073  554960.00  2324410.00  21.019620  105.528887  -10.5546  -15.1836
   220  1683  4079  546680.00  2324350.00  21.019307  105.449208   -6.3105  -12.6389
   221  2466  4085  554510.00  2324290.00  21.018549  105.524553   -7.6709  -14.2506
   222   699  4100  536840.00  2324140.00  21.017633  105.354513   -6.5733   -9.3438
   223  5355  4109  583400.00  2324050.00  21.015296  105.802535   -6.4015  -10.9382
   224  1701  4109  546860.00  2324050.00  21.016591  105.450932   -7.1418  -13.1108
   225  4920  4112  579050.00  2324020.00  21.015218  105.760677  -11.7264  -16.6856
   226  2646  4115  556310.00  2323990.00  21.015784  105.541864   -9.2055  -13.3158
   227  4815  4130  578000.00  2323840.00  21.013636  105.750566   -6.8547  -14.8877
   228  2637  4148  556220.00  2323660.00  21.012805  105.540987   -8.8210  -17.9533
   229  3561  4154  565460.00  2323600.00  21.011957  105.629895   -7.8034  -15.1654
   230  4875  4172  578600.00  2323420.00  21.009816  105.756320  -12.8562  -15.4568
   231  4848  4172  578330.00  2323420.00  21.009827  105.753722  -12.9585  -11.8018
   232  4650  4181  576350.00  2323330.00  21.009098  105.734667   -8.2121  -16.7533
   233  6603  4190  595880.00  2323240.00  21.007370  105.922570   -9.0874  -17.0473
   234  3408  4205  563930.00  2323090.00  21.007403  105.615154  -11.0966  -13.5289
   235  4923  4223  579080.00  2322910.00  21.005188  105.760915   -9.6012  -13.3753
   236  2181  4238  551660.00  2322760.00  21.004807  105.497082   -5.6966  -11.8517
   237  3660  4256  566450.00  2322580.00  21.002706  105.639382   -5.1886  -13.1128
   238  2346  4262  553310.00  2322520.00  21.002592  105.512951   -8.8009  -12.9216
   239  2100  4274  550850.00  2322400.00  21.001577  105.489278   -7.9851  -10.6303
   240  2385  4277  553700.00  2322370.00  21.001225  105.516699   -9.5178  -17.1513
   241  5652  4322  586370.00  2321920.00  20.995915  105.831005  -10.6484  -19.0571
   242  5595  4385  585800.00  2321290.00  20.990250  105.825490   -8.5111  -15.6137
   243  4788  4394  577730.00  2321200.00  20.989796  105.747849   -9.5803  -14.2493
   244  2718  4457  557030.00  2320570.00  20.984861  105.548679  -12.0626  -14.8685
   245  2742  4502  557270.00  2320120.00  20.980788  105.550973   -7.6222  -13.8840
   246  5598  4580  585830.00  2319340.00  20.972631  105.825682    1.4706  -11.8456
   247  2475  4598  554600.00  2319160.00  20.972195  105.525257   -7.5105  -12.1096
   248  5490  4607  584750.00  2319070.00  20.970242  105.815280   -8.9317  -16.3227
   249  6108  4622  590930.00  2318920.00  20.968592  105.874717   -8.2485  -14.0230
   250  4827  4634  578120.00  2318800.00  20.968095  105.751493  -10.8322  -12.4919
   251  4857  4646  578420.00  2318680.00  20.966998  105.754373  -13.0899  -15.6876
   252  3075  4676  560600.00  2318380.00  20.964960  105.582948   -8.4817  -12.6461
   253  2646  4685  556310.00  2318290.00  20.964283  105.541678  -11.8679  -14.8565
   254  4809  4703  577940.00  2318110.00  20.961869  105.749730   -9.6252  -16.5779
   255  4701  4757  576860.00  2317570.00  20.957035  105.739318  -11.9381  -11.6508
   256  4755  4787  577400.00  2317270.00  20.954302  105.744498    1.8359   -7.7314
   257  5127  4817  581120.00  2316970.00  20.951432  105.780264   -8.8595  -15.1892
   258  3678  4838  566630.00  2316760.00  20.950115  105.640889   -5.5084  -14.3187
   259  2904  4841  558890.00  2316730.00  20.950107  105.566443  -12.6780  -18.4885
   260  5217  4853  582020.00  2316610.00  20.948139  105.788903   -5.6931  -14.6643
   261  2424  4919  554090.00  2315950.00  20.943207  105.520250   -3.1115  -10.6670
   262  3426  4922  564110.00  2315920.00  20.942615  105.616620  -11.8203  -22.6520
   263  3570  4925  565550.00  2315890.00  20.942293  105.630469   -9.6772  -19.3550
   264  2880  4952  558650.00  2315620.00  20.940086  105.564097  -10.2422  -15.5535
   265  5031  4955  580160.00  2315590.00  20.939006  105.770967   -6.9923  -14.7760
   266  2781  4967  557660.00  2315470.00  20.938762  105.554570   -5.3887  -14.2076
   267  2829  4985  558140.00  2315290.00  20.937120  105.559181  -12.0011  -15.5472
   268  2316  5000  553010.00  2315140.00  20.935920  105.509838   -6.9716  -14.6817
   269  2796  5036  557810.00  2314780.00  20.932523  105.555990  -10.9454  -22.1112
   270  2574  5060  555590.00  2314540.00  20.930423  105.534632    0.0031   -7.5278
   271  2739  5075  557240.00  2314390.00  20.929017  105.550495   -8.9708  -15.8790
   272  2721  5093  557060.00  2314210.00  20.927396  105.548758   -8.8008  -11.3194
   273  6069  5120  590540.00  2313940.00  20.923618  105.870706   -6.7750  -14.9007
   274  5304  5147  582890.00  2313670.00  20.921538  105.797130   -9.6255  -14.6882
   275  3507  5297  564920.00  2312170.00  20.908705  105.624270  -10.3555  -18.5961
   276  2961  5507  559460.00  2310070.00  20.889914  105.571697   -8.9279  -14.2989
   277  5718  5606  587030.00  2309080.00  20.879878  105.836710  -10.8798  -15.9038
   278  6291  5681  592760.00  2308330.00  20.872824  105.891754   -8.2233  -15.6906
   279  6288  5696  592730.00  2308180.00  20.871470  105.891457  -10.2568  -14.7275
   280  3930  5756  569150.00  2307580.00  20.867080  105.664761   -7.5370  -14.5068
   281  3189  5792  561740.00  2307220.00  20.864089  105.593517    0.6982   -9.8260
   282  3186  5795  561710.00  2307190.00  20.863819  105.593227  -12.6547  -18.5876
   283  3261  5849  562460.00  2306650.00  20.858915  105.600418  -16.3340  -18.5373
   284  3318  5984  563030.00  2305300.00  20.846698  105.605848  -18.1292  -22.4081
   285  6354  6038  593390.00  2304760.00  20.840538  105.897618   -9.2118  -12.4040
   286  3390  6038  563750.00  2304760.00  20.841794  105.612748  -18.4062  -19.7084
   287  3432  6059  564170.00  2304550.00  20.839882  105.616778  -10.1916  -17.4918
   288  3528  6062  565130.00  2304520.00  20.839578  105.626003   -5.8056  -13.7182
   289  3396  6068  563810.00  2304460.00  20.839081  105.613314  -12.9618  -16.7913
   290  3417  6074  564020.00  2304400.00  20.838532  105.615330   -9.8709  -19.5750
   291  3393  6080  563780.00  2304340.00  20.837998  105.613021  -12.7795  -22.3101
   292  3570  6101  565550.00  2304130.00  20.836039  105.630025  -11.9734  -19.4168
   293  3498  6101  564830.00  2304130.00  20.836064  105.623105  -13.3773  -18.7616
   294  3498  6122  564830.00  2303920.00  20.834167  105.623097   -8.9954  -15.6334
   295  4890  6167  578750.00  2303470.00  20.829562  105.756858   -8.1959  -17.7163
   296  5508  6179  584930.00  2303350.00  20.828206  105.816243   -9.0237  -15.6044
   298  3753  6194  567380.00  2303200.00  20.827571  105.647577   -6.4224  -15.1994
   299  3759  6197  567440.00  2303170.00  20.827297  105.648153  -11.3962  -21.0979
   301  6285  6239  592700.00  2302750.00  20.822413  105.890880  -12.5096  -15.0319
   302  3813  6257  567980.00  2302570.00  20.821857  105.653319  -11.8142  -15.9069
   303  3801  6275  567860.00  2302390.00  20.820235  105.652159   -9.0676  -13.1112
   304  3798  6278  567830.00  2302360.00  20.819965  105.651869   -7.5906  -16.4120
   306  3828  6284  568130.00  2302300.00  20.819412  105.654750  -11.8463  -14.5227
   309  3837  6302  568220.00  2302120.00  20.817782  105.655608   -9.8797  -14.3916
   310  3024  6350  560090.00  2301640.00  20.813726  105.577463   -6.0168  -15.2406
   311  2958  6356  559430.00  2301580.00  20.813205  105.571119   -3.9707   -9.4494
   313  3615  6395  566000.00  2301190.00  20.809459  105.634239   -7.3007  -15.1334
   315  2967  6404  559520.00  2301100.00  20.808865  105.571968   -8.0656  -15.6097
   316  3822  6413  568070.00  2301010.00  20.807758  105.654123   -7.9230  -18.3426
   317  2871  6416  558560.00  2300980.00  20.807811  105.562739  -13.3856  -16.4182
   322  3891  6425  568760.00  2300890.00  20.806649  105.660748   -6.2490  -18.5473
   331  5919  6506  589040.00  2300080.00  20.798469  105.855573   -8.0951  -13.7248
   332  3852  6518  568370.00  2299960.00  20.798260  105.656965  -11.4271  -19.6819
   334  5001  6524  579860.00  2299900.00  20.797260  105.767362  -11.5052  -15.3414
   335  3849  6539  568340.00  2299750.00  20.796364  105.656668   -8.9729  -13.4378
   336  3780  6539  567650.00  2299750.00  20.796389  105.650038  -13.1539  -21.0100
   337  3780  6602  567650.00  2299120.00  20.790697  105.650014  -16.1884  -28.9665
   338  3795  6638  567800.00  2298760.00  20.787439  105.651441  -10.0806  -15.4073
   339  3798  6686  567830.00  2298280.00  20.783101  105.651711  -13.0423  -14.7953
   341  3795  6833  567800.00  2296810.00  20.769820  105.651366   -8.4627  -16.0082
   343  3987  7121  569720.00  2293930.00  20.743727  105.669696   -8.9285  -17.1278
   345  4113  7166  570980.00  2293480.00  20.739614  105.681780   -7.5065  -14.3488
   346  3984  7193  569690.00  2293210.00  20.737223  105.669379  -13.6366  -20.9779
   347  4122  7211  571070.00  2293030.00  20.735545  105.682626  -12.1857  -19.3284
   348  3999  7214  569840.00  2293000.00  20.735320  105.670811    0.9151   -2.0648
   349  4056  7214  570410.00  2293000.00  20.735299  105.676286  -17.4671  -13.6865
   350  3978  7220  569630.00  2292940.00  20.734786  105.668792  -15.7353  -20.9162
   352  4143  7250  571280.00  2292640.00  20.732013  105.684627  -15.6323  -30.7899
   353  4077  7253  570620.00  2292610.00  20.731767  105.678287   -6.1147  -10.8986
   354  4068  7256  570530.00  2292580.00  20.731499  105.677422  -16.3780  -21.2926
   355  4062  7259  570470.00  2292550.00  20.731231  105.676844  -14.9858  -21.1825
   356  4182  7280  571670.00  2292340.00  20.729287  105.688361  -14.6549  -18.0366
   357  4095  7283  570800.00  2292310.00  20.729050  105.680004  -13.0794  -19.4677
   358  4104  7286  570890.00  2292280.00  20.728775  105.680867  -10.1192  -14.7972
   360  4122  7310  571070.00  2292040.00  20.726600  105.682586   -2.1827   -9.1573
   361  4116  7313  571010.00  2292010.00  20.726331  105.682009   -7.2390  -16.0245
   362  4164  7319  571490.00  2291950.00  20.725771  105.686616  -16.3097  -18.8152
   363  4122  7355  571070.00  2291590.00  20.722534  105.682568  -12.9388  -15.2173
   364  4296  7379  572810.00  2291350.00  20.720298  105.699268   -3.3277   -7.9412
   365  4275  7547  572600.00  2289670.00  20.705127  105.697182  -15.6910  -22.6066
   366  7344  7595  603290.00  2289190.00  20.699346  105.991843  -10.3952  -12.4417
   367  7176  7634  601610.00  2288800.00  20.695914  105.975690   -7.0865  -20.5642
   368  7284  7733  602690.00  2287810.00  20.686911  105.986002  -13.1915  -16.1093
   369  4341  8081  573260.00  2284330.00  20.656853  105.703297   -1.2987  -10.3947
   370  4365  8102  573500.00  2284120.00  20.654946  105.705592  -14.4109  -19.4177
   371  4239  8108  572240.00  2284060.00  20.654453  105.693495   -7.5441  -12.9753
   372  4656  8189  576410.00  2283250.00  20.646969  105.733489  -12.7636  -14.7564
   373  4644  8201  576290.00  2283130.00  20.645890  105.732332  -16.0040  -19.9171
   375  4254  8447  572390.00  2280670.00  20.623817  105.694796   -9.6637  -17.9005
   376  4491  8570  574760.00  2279440.00  20.612611  105.717489  -10.4883  -14.3698
   377  4962  8651  579470.00  2278630.00  20.605099  105.762653  -11.2362  -15.4724
   378  4842  8702  578270.00  2278120.00  20.600541  105.751115   -8.7946  -11.4974
   379  5235  8753  582200.00  2277610.00  20.595765  105.788803  -14.2586  -20.3589
   380  5277  8813  582620.00  2277010.00  20.590326  105.792805  -14.7195  -19.2342
   381  5295  8822  582800.00  2276920.00  20.589505  105.794528  -12.4984  -21.0760
   382  5115  8825  581000.00  2276890.00  20.589312  105.777255   -8.1289  -16.0396
   383  5187  8834  581720.00  2276800.00  20.588468  105.784160  -13.4557  -20.7686
   384  5310  8870  582950.00  2276440.00  20.585161  105.795945   -9.1440  -17.1292
   385  5313  8882  582980.00  2276320.00  20.584076  105.796227  -10.5312  -18.0650
