; ENVI Output of ROIs (5.2) [Wed Nov 27 00:36:44 2019]
; Number of ROIs: 1
; File Dimension: 7647 x 9116
;
; ROI name: EVF: Layer: grass.shp
; ROI rgb value: {255, 255, 255}
; ROI npts: 394
;   ID     X     Y      Map X       Map Y        Lat         Lon        B1        B2
     1  5334   482  583190.00  2360320.00  21.342990  105.802280  -10.4231  -16.5752
     2  5613   620  585980.00  2358940.00  21.330392  105.829114   -7.6224  -18.5179
     3  4989   731  579740.00  2357830.00  21.320649  105.768893   -1.2752   -7.6671
     4  5967   794  589520.00  2357200.00  21.314500  105.863156   -9.3931  -15.2464
     5  5370   896  583550.00  2356180.00  21.305571  105.805547  -11.5805  -15.9880
     6  5556   905  585410.00  2356090.00  21.304671  105.823474   -7.8321  -17.8200
     7  4986   905  579710.00  2356090.00  21.304931  105.768522  -16.3131  -22.4899
     8  5721   929  587060.00  2355850.00  21.302424  105.839369  -16.6293  -18.8212
     9  5121   971  581060.00  2355430.00  21.298908  105.781506  -11.7455  -18.7078
    10  4908  1013  578930.00  2355010.00  21.295208  105.760952  -10.7479  -18.9559
    11  5367  1013  583520.00  2355010.00  21.295002  105.805200   -7.8018  -12.0421
    12  4929  1016  579140.00  2354980.00  21.294927  105.762975  -11.0498  -17.3664
    13  5364  1019  583490.00  2354950.00  21.294461  105.804908   -9.7905  -16.8028
    14  4896  1028  578810.00  2354860.00  21.293858  105.759788  -17.2253  -23.0121
    19  5199  1076  581840.00  2354380.00  21.289387  105.788974   -8.5638  -15.1177
    20  5076  1088  580610.00  2354260.00  21.288358  105.777112   -9.4603  -13.8908
    21  5643  1154  586280.00  2353600.00  21.282134  105.831735  -13.7774  -16.4066
    22  5628  1172  586130.00  2353420.00  21.280515  105.830280   -7.8405  -16.9449
    23  5904  1190  588890.00  2353240.00  21.278755  105.856874   -9.8815  -17.3610
    24  5886  1211  588710.00  2353030.00  21.276867  105.855128  -10.6961  -17.9434
    25  5400  1295  583850.00  2352190.00  21.269509  105.808242   -8.0884  -12.2684
    26  5355  1316  583400.00  2351980.00  21.267633  105.803895   -8.3298  -11.8199
    27  5817  1331  588020.00  2351830.00  21.266059  105.848415   -5.7981  -18.1805
    28  5529  1631  585140.00  2348830.00  21.239094  105.820508  -16.9903  -21.5387
    29  5448  1661  584330.00  2348530.00  21.236421  105.812687   -7.6989  -20.5408
    31   828  1745  538130.00  2347690.00  21.230389  105.367451  -12.1629  -14.2075
    32  5079  1760  580640.00  2347540.00  21.227644  105.777082   -8.9757  -15.2297
    34  6390  1811  593750.00  2347030.00  21.222408  105.903377  -10.8990  -18.2361
    36  5478  1841  584630.00  2346730.00  21.220145  105.815489  -13.9972  -15.4106
    37  4227  1928  572120.00  2345860.00  21.212824  105.694914   -9.2176  -17.4811
    38  6093  1982  590780.00  2345320.00  21.207110  105.874670  -11.3957  -16.2705
    39  1050  2078  540350.00  2344360.00  21.200253  105.388765   -5.3096  -12.1459
    40  4632  2096  576170.00  2344180.00  21.197481  105.733860  -10.0556  -15.5501
    41   921  2108  539060.00  2344060.00  21.197571  105.376330  -10.0492  -14.2124
    42  5178  2177  581630.00  2343370.00  21.189926  105.786422   -7.4956  -19.5325
    43   258  2177  532430.00  2343370.00  21.191467  105.312440  -11.5759  -20.7229
    44  4926  2339  579110.00  2341750.00  21.175401  105.762071   -8.4619  -20.2410
    45  4998  2348  579830.00  2341660.00  21.174556  105.769002  -14.9422  -21.8383
    46  3822  2366  568070.00  2341480.00  21.173407  105.655717  -11.1160  -21.7994
    47  4998  2375  579830.00  2341390.00  21.172117  105.768990   -9.8823  -19.0305
    48  3597  2393  565820.00  2341210.00  21.171051  105.634034  -15.0684  -22.7094
    49   978  2405  539630.00  2341090.00  21.170724  105.381752  -11.6110  -19.5573
    50  5673  2411  586580.00  2341030.00  21.168557  105.833988  -12.4873  -12.5805
    51  5001  2438  579860.00  2340760.00  21.166424  105.769249  -12.6920  -17.1979
    52  3687  2459  566720.00  2340550.00  21.165055  105.642677  -11.3250  -20.8202
    53  1059  2459  540440.00  2340550.00  21.165827  105.389542    3.9848  -14.2297
    54  5784  2465  587690.00  2340490.00  21.163625  105.844652   -9.6933  -14.0369
    55  4386  2537  573710.00  2339770.00  21.157739  105.709971   -8.9301  -24.6428
    58  2718  2567  557030.00  2339470.00  21.155626  105.549306  -16.3249  -16.1015
    59  2031  2606  550160.00  2339080.00  21.152304  105.483126  -13.8973  -14.0504
    60   828  2615  538130.00  2338990.00  21.151782  105.367256  -13.6584  -17.5081
    61   333  2639  533180.00  2338750.00  21.149710  105.319576  -13.6769  -16.4367
    62   456  2648  534410.00  2338660.00  21.148874  105.331420   -6.6349  -11.1548
    63   474  2666  534590.00  2338480.00  21.147244  105.333150  -13.1118  -18.3436
    64  1005  2678  539900.00  2338360.00  21.146052  105.384290  -12.5836  -16.6898
    65   468  2681  534530.00  2338330.00  21.145890  105.332569   -6.0607  -11.5051
    66  4062  2711  570470.00  2338030.00  21.142146  105.678693  -10.8954  -15.6910
    67  4026  2726  570110.00  2337880.00  21.140805  105.675220   -9.0384  -14.7796
    68  2949  2750  559340.00  2337640.00  21.139018  105.571492  -13.2572  -17.7991
    69  4869  2753  578540.00  2337610.00  21.138022  105.756391  -12.4280  -21.6390
    70  6006  2768  589910.00  2337460.00  21.136142  105.865874  -16.9043  -19.2496
    71  4293  2783  572780.00  2337310.00  21.135550  105.700909  -16.8139  -19.1996
    72  4299  2792  572840.00  2337220.00  21.134735  105.701483  -12.6863  -15.5343
    73  1260  2792  542450.00  2337220.00  21.135694  105.408821   -4.8511  -13.5837
    74  1131  2795  541160.00  2337190.00  21.135453  105.396397   -9.2920   -9.4901
    75  1092  2798  540770.00  2337160.00  21.135190  105.392640   -7.9000  -21.3008
    76  4644  2801  576290.00  2337130.00  21.133781  105.734702  -18.0857  -19.3925
    77  1365  2807  543500.00  2337070.00  21.134314  105.418929  -11.1542  -17.1742
    78  1371  2813  543560.00  2337010.00  21.133771  105.419505   -3.9154  -14.0771
    79  1239  2822  542240.00  2336920.00  21.132988  105.406791   -8.1249  -16.6027
    80   990  2852  539750.00  2336620.00  21.130334  105.382805  -12.3895  -18.9723
    81   990  2858  539750.00  2336560.00  21.129792  105.382803   -7.9852  -11.5986
    82  4725  2861  577100.00  2336530.00  21.128326  105.742475  -12.5561  -21.3552
    83  4803  2864  577880.00  2336500.00  21.128022  105.749985   -8.0597  -17.8522
    84   366  2870  533510.00  2336440.00  21.128832  105.322709  -12.9301  -22.2860
    85  4329  2876  573140.00  2336380.00  21.127134  105.704336  -11.6937  -18.2652
    86  1083  2882  540680.00  2336320.00  21.127603  105.391753  -13.3600  -13.8979
    87   429  2888  534140.00  2336260.00  21.127194  105.328772  -11.6742  -19.2520
    88  2061  2894  550460.00  2336200.00  21.126274  105.485930   -7.8828  -14.2522
    89  6123  2915  591080.00  2335990.00  21.122804  105.877063   -9.6074  -12.1213
    90  1944  2921  549290.00  2335930.00  21.123867  105.474656   -9.4745  -11.6173
    91  3369  2921  563540.00  2335930.00  21.123427  105.611876   -9.5202  -18.6973
    92   417  2945  534020.00  2335690.00  21.122046  105.327605   -6.9967  -14.5410
    93   438  2954  534230.00  2335600.00  21.121229  105.329626   -9.5465  -13.8246
    94  6468  2960  594530.00  2335540.00  21.118563  105.910257  -10.5481  -19.8733
    95   423  2960  534080.00  2335540.00  21.120690  105.328180   -7.3726  -14.8217
    96   414  2963  533990.00  2335510.00  21.120421  105.327313   -9.9851  -15.9683
    97  4692  2972  576770.00  2335420.00  21.118311  105.739248  -13.0461  -11.5387
    98  4107  3005  570920.00  2335090.00  21.115566  105.682905  -11.0493  -15.4357
    99   354  3011  533390.00  2335030.00  21.116095  105.321526  -11.4623  -17.4564
   100  2082  3014  550670.00  2335000.00  21.115426  105.487917   -9.5476  -15.5303
   101  3627  3023  566120.00  2334910.00  21.114120  105.636680  -11.9292  -15.0198
   102  5388  3044  583730.00  2334700.00  21.111501  105.806228  -12.9377  -16.6539
   103  5772  3065  587570.00  2334490.00  21.109424  105.843189   -9.0249  -18.5500
   104  4719  3068  577040.00  2334460.00  21.109626  105.741804   -8.0177  -13.0903
   105  1485  3074  544700.00  2334400.00  21.110161  105.430416  -10.6956  -15.5853
   106  2334  3074  553190.00  2334400.00  21.109934  105.512163  -12.0068  -15.0916
   107  1962  3101  549470.00  2334130.00  21.107599  105.476337   -9.4011  -17.1717
   108   747  3140  537320.00  2333740.00  21.104363  105.359341  -12.6430  -14.0698
   109   912  3149  538970.00  2333650.00  21.103516  105.375226   -9.8560  -17.7834
   110  1950  3161  549350.00  2333530.00  21.102181  105.475164   -8.7675  -14.2339
   111   588  3164  535730.00  2333500.00  21.102226  105.344026   -8.1633  -16.6480
   112   900  3164  538850.00  2333500.00  21.102163  105.374067   -9.0283  -17.2183
   113   588  3170  535730.00  2333440.00  21.101684  105.344025  -15.0490  -22.1687
   114  1050  3173  540350.00  2333410.00  21.101317  105.388507   -8.6303  -17.9736
   115   915  3176  539000.00  2333380.00  21.101075  105.375508  -18.9821  -26.5355
   116  1917  3182  549020.00  2333320.00  21.100292  105.471981  -10.7850  -12.4799
   117  2037  3212  550220.00  2333020.00  21.097549  105.483526  -10.0647  -14.2962
   118  1125  3221  541100.00  2332930.00  21.096963  105.395717   -9.8923  -17.6056
   119  2043  3233  550280.00  2332810.00  21.095650  105.484097  -12.7934  -19.9969
   120  4266  3236  572510.00  2332780.00  21.094633  105.698117  -10.3516  -19.7546
   121  4128  3248  571130.00  2332660.00  21.093603  105.684826  -11.6698  -22.8372
   122  2067  3254  550520.00  2332600.00  21.093746  105.486402   -8.5058  -17.2143
   123  1017  3269  540020.00  2332450.00  21.092650  105.385307  -11.2822  -19.8369
   124   504  3269  534890.00  2332450.00  21.092755  105.335917   -6.1266  -15.6085
   125  5229  3269  582140.00  2332450.00  21.091245  105.790812  -12.7829  -14.4314
   126  5118  3290  581030.00  2332240.00  21.089397  105.780116  -10.6823  -16.8659
   127  1695  3296  546800.00  2332180.00  21.090050  105.450576   -8.5016  -14.7884
   128  1650  3314  546350.00  2332000.00  21.088435  105.446238   -8.8660  -13.3722
   129  3693  3317  566780.00  2331970.00  21.087533  105.642921   -9.1548  -21.0940
   130  4257  3323  572420.00  2331910.00  21.086776  105.697214   -8.8540  -16.6477
   131  4128  3326  571130.00  2331880.00  21.086556  105.684794  -14.0553  -15.5786
   132  1080  3359  540650.00  2331550.00  21.084505  105.391352  -10.9368  -13.0625
   133  1398  3368  543830.00  2331460.00  21.083618  105.421964   -5.2573  -13.5833
   134  5283  3371  582680.00  2331430.00  21.082005  105.795961  -13.0603  -18.4997
   135   552  3371  535370.00  2331430.00  21.083530  105.340517   -8.9514  -14.0775
   136  4137  3374  571220.00  2331400.00  21.082216  105.685641   -9.8351  -19.2830
   137   555  3389  535400.00  2331250.00  21.081903  105.340803   -7.0587  -15.6973
   138   369  3392  533540.00  2331220.00  21.081667  105.322896  -10.3817  -19.8412
   139  4275  3404  572600.00  2331100.00  21.079451  105.698913   -8.8497  -12.3664
   140  3606  3410  565910.00  2331040.00  21.079162  105.634510  -15.0881  -19.0254
   141  5388  3413  583730.00  2331010.00  21.078163  105.806048   -9.6188  -14.1177
   142   351  3431  533360.00  2330830.00  21.078147  105.321155   -6.4956  -11.9834
   143  5709  3431  586940.00  2330830.00  21.076387  105.836938   -9.1252  -14.9138
   144   459  3431  534440.00  2330830.00  21.078127  105.331552   -8.1835  -15.2246
   145  5706  3434  586910.00  2330800.00  21.076117  105.836648  -10.6127  -12.6107
   146  5511  3449  584960.00  2330650.00  21.074854  105.817870  -22.3629  -23.7508
   147   525  3455  535100.00  2330590.00  21.075946  105.337901   -5.1455  -14.7651
   148  5391  3461  583760.00  2330530.00  21.073825  105.806314   -5.6457  -15.5648
   149   507  3461  534920.00  2330530.00  21.075407  105.336167   -7.6942  -14.1324
   150  7338  3485  603230.00  2330290.00  21.070663  105.993707       NaN       NaN
   151  1638  3491  546230.00  2330230.00  21.072446  105.445035  -13.2257  -16.5200
   152  4473  3503  574580.00  2330110.00  21.070427  105.717930   -3.0188  -11.4960
   153  1983  3509  549680.00  2330050.00  21.070729  105.478241  -10.2529  -18.5246
   154  4962  3509  579470.00  2330050.00  21.069679  105.764997   -8.8072  -11.9663
   155   549  3509  535340.00  2330050.00  21.071062  105.340200   -9.3285  -12.2547
   156  4269  3521  572540.00  2329930.00  21.068883  105.698286   -8.8600  -13.2365
   157  5712  3533  586970.00  2329810.00  21.067170  105.837176  -11.4873  -13.2018
   158  2529  3536  555140.00  2329780.00  21.068133  105.530791   -7.9047  -13.5766
   159  6426  3551  594110.00  2329630.00  21.065191  105.905889  -13.5820  -20.5778
   160   624  3569  536090.00  2329450.00  21.065626  105.347407   -7.2854  -16.1514
   161  6063  3614  590480.00  2329000.00  21.059682  105.870918  -12.2071  -18.1894
   162  6828  3626  598130.00  2328880.00  21.058205  105.944539   -9.7796  -18.9998
   163  1917  3638  549020.00  2328760.00  21.059091  105.471851  -20.3797  -20.3044
   164  5052  3653  580370.00  2328610.00  21.056630  105.773592  -12.5322  -15.4752
   165  5766  3662  587510.00  2328520.00  21.055490  105.842308   -1.5275  -11.2513
   166  4551  3692  575360.00  2328220.00  21.053319  105.725355   -9.0763  -17.2317
   167  4788  3698  577730.00  2328160.00  21.052678  105.748163  -12.7611  -13.5611
   168  2346  3719  553310.00  2327950.00  21.051653  105.513119   -9.8198  -18.4211
   169  1812  3722  547970.00  2327920.00  21.051530  105.461721  -12.4290  -18.6219
   170  6765  3725  597500.00  2327890.00  21.049294  105.938419  -10.2161  -18.3338
   171   492  3740  534770.00  2327740.00  21.050201  105.334667   -4.4149  -11.4290
   172  1788  3746  547730.00  2327680.00  21.049367  105.459404  -17.1507  -22.5727
   173  1449  3752  544340.00  2327620.00  21.048910  105.426774  -10.8291  -16.0668
   174  1461  3752  544460.00  2327620.00  21.048907  105.427929  -14.3567  -18.8900
   175   480  3767  534650.00  2327470.00  21.047764  105.333506   -4.5180  -12.4164
   176  1704  3770  546890.00  2327440.00  21.047221  105.451313   -9.3553  -14.8359
   177  1422  3773  544070.00  2327410.00  21.047019  105.424170  -11.3887  -19.9537
   178  4653  3773  576380.00  2327410.00  21.045959  105.735136   -9.8124  -14.9849
   179  1245  3776  542300.00  2327380.00  21.046790  105.407134  -13.2918  -17.5173
   180  1359  3827  543440.00  2326870.00  21.042155  105.418093  -10.7717  -14.0136
   181  1821  3830  548060.00  2326840.00  21.041769  105.462557  -10.0002  -13.5006
   182   543  3839  535280.00  2326750.00  21.041246  105.339555   -8.4756  -14.1737
   183  2301  3839  552860.00  2326750.00  21.040824  105.508751   -8.8754  -14.0317
   184  1722  3845  547070.00  2326690.00  21.040439  105.453025  -10.9612  -13.4706
   185  2550  3851  555350.00  2326630.00  21.039666  105.532711   -9.8396  -21.1293
   186   450  3857  534350.00  2326570.00  21.039637  105.330601   -9.4815  -12.6940
   187  6216  3860  592010.00  2326540.00  21.037381  105.885512  -11.5931  -15.8225
   188  1983  3860  549680.00  2326540.00  21.039015  105.478140  -19.2393  -25.2048
   189  2127  3869  551120.00  2326450.00  21.038163  105.491996  -11.9846  -19.3766
   190   318  3890  533030.00  2326240.00  21.036680  105.317890  -15.7592  -25.4636
   191  6285  3893  592700.00  2326210.00  21.034365  105.892134  -19.4294  -23.9882
   192  6075  3899  590600.00  2326150.00  21.033928  105.871923  -12.4019  -17.7976
   193  1263  3899  542480.00  2326150.00  21.035672  105.408836   -9.8159  -17.5450
   194  2163  3908  551480.00  2326060.00  21.034629  105.495449  -12.1570  -13.5466
   195  6207  3914  591920.00  2326000.00  21.032507  105.884617  -18.9419  -22.5991
   196  2247  3917  552320.00  2325970.00  21.033792  105.503530   -9.9939  -22.2681
   197   318  3926  533030.00  2325880.00  21.033427  105.317883   -9.6373  -16.0802
   198   414  3932  533990.00  2325820.00  21.032867  105.327121   -7.7708  -12.8744
   199  6336  3935  593210.00  2325790.00  21.030545  105.897019  -17.0839  -18.8863
   200   471  3938  534560.00  2325760.00  21.032315  105.332606  -12.0289  -15.4913
   201  2547  3938  555320.00  2325760.00  21.031807  105.532395  -11.6281  -14.5184
   202  1644  3965  546290.00  2325490.00  21.029617  105.445486   -7.6153  -13.8337
   203  4086  3977  570710.00  2325370.00  21.027755  105.680483  -10.5842  -15.4872
   204  1569  3992  545540.00  2325220.00  21.027196  105.438261   -9.3852  -16.7144
   205  1293  3998  542780.00  2325160.00  21.026720  105.411699   -5.3731  -12.7116
   206  1713  3998  546980.00  2325160.00  21.026618  105.452117   -7.9807  -14.9035
   207  2265  4001  552500.00  2325130.00  21.026197  105.505237  -18.5279  -21.5994
   208  2076  4004  550610.00  2325100.00  21.025979  105.487048  -10.9535  -16.8770
   209  2145  4004  551300.00  2325100.00  21.025960  105.493688   -9.5058  -19.0575
   210  2100  4007  550850.00  2325070.00  21.025701  105.489357   -9.5067  -20.8917
   211  1446  4007  544310.00  2325070.00  21.025871  105.426420  -11.1991  -15.8692
   212  1614  4010  545990.00  2325040.00  21.025558  105.442587  -14.2841  -20.2036
   213  3495  4019  564800.00  2324950.00  21.024178  105.623595   -9.5574  -19.6656
   214  1392  4019  543770.00  2324950.00  21.024800  105.421220  -10.2606  -16.5967
   215  1413  4019  543980.00  2324950.00  21.024795  105.423241  -14.8059  -20.9581
   216  2079  4019  550640.00  2324950.00  21.024623  105.487332  -11.0237  -21.2948
   217  4890  4022  578750.00  2324920.00  21.023362  105.757832  -11.1802  -14.4054
   218  1680  4034  546650.00  2324800.00  21.023373  105.448931   -9.1929  -15.2312
   219  1068  4037  540530.00  2324770.00  21.023248  105.390037  -14.7734  -23.0150
   221  4365  4058  573500.00  2324560.00  21.020327  105.707297  -13.7459  -17.2893
   222  2511  4073  554960.00  2324410.00  21.019620  105.528887   -9.8226  -17.6680
   223  1683  4079  546680.00  2324350.00  21.019307  105.449208   -9.1842  -15.7576
   224  2466  4085  554510.00  2324290.00  21.018549  105.524553  -12.0448  -13.5997
   225   699  4100  536840.00  2324140.00  21.017633  105.354513   -6.7230  -11.8195
   226  5355  4109  583400.00  2324050.00  21.015296  105.802535   -7.5802  -11.1791
   227  1701  4109  546860.00  2324050.00  21.016591  105.450932   -7.7774  -16.0888
   228  4920  4112  579050.00  2324020.00  21.015218  105.760677  -11.7726  -14.6671
   229  2646  4115  556310.00  2323990.00  21.015784  105.541864  -14.2058  -19.1009
   230  2385  4124  553700.00  2323900.00  21.015049  105.516746  -11.9739  -14.4411
   231  4815  4130  578000.00  2323840.00  21.013636  105.750566  -11.0947  -17.5647
   232  2637  4148  556220.00  2323660.00  21.012805  105.540987  -10.0661  -17.0053
   233  3561  4154  565460.00  2323600.00  21.011957  105.629895   -9.6095  -14.5824
   234  4875  4172  578600.00  2323420.00  21.009816  105.756320   -9.3798  -14.2498
   235  4848  4172  578330.00  2323420.00  21.009827  105.753722  -10.1670  -16.2937
   236  4650  4181  576350.00  2323330.00  21.009098  105.734667  -10.0506  -17.5305
   237  6603  4190  595880.00  2323240.00  21.007370  105.922570  -13.4683  -19.3863
   238  2346  4199  553310.00  2323150.00  21.008284  105.512970   -7.7474  -16.2317
   239  3408  4205  563930.00  2323090.00  21.007403  105.615154  -13.4069  -21.6941
   240  4923  4223  579080.00  2322910.00  21.005188  105.760915  -11.8679  -15.6407
   241  2475  4229  554600.00  2322850.00  21.005535  105.525373  -12.3939  -14.3718
   242  2181  4238  551660.00  2322760.00  21.004807  105.497082   -7.9581  -15.1758
   243  3660  4256  566450.00  2322580.00  21.002706  105.639382   -9.1916  -15.9258
   244  2346  4262  553310.00  2322520.00  21.002592  105.512951  -11.7098  -15.3278
   245  2100  4274  550850.00  2322400.00  21.001577  105.489278  -13.4890  -21.7941
   246  2385  4277  553700.00  2322370.00  21.001225  105.516699  -12.2408  -18.9761
   247  5652  4322  586370.00  2321920.00  20.995915  105.831005   -7.6425  -16.2953
   248  5595  4385  585800.00  2321290.00  20.990250  105.825490   -7.9774  -12.9193
   249  4788  4394  577730.00  2321200.00  20.989796  105.747849  -11.1045  -20.3862
   250  2718  4457  557030.00  2320570.00  20.984861  105.548679  -10.0725  -14.1071
   251  2742  4502  557270.00  2320120.00  20.980788  105.550973  -11.1201  -16.0986
   252  5598  4580  585830.00  2319340.00  20.972631  105.825682   -0.8325  -10.7884
   253  2475  4598  554600.00  2319160.00  20.972195  105.525257   -8.4828  -17.5620
   254  5490  4607  584750.00  2319070.00  20.970242  105.815280  -11.5382  -12.1632
   255  6108  4622  590930.00  2318920.00  20.968592  105.874717  -11.7837  -15.9722
   256  4827  4634  578120.00  2318800.00  20.968095  105.751493   -4.3624  -14.1515
   257  4857  4646  578420.00  2318680.00  20.966998  105.754373  -14.2058  -17.6427
   258  4860  4667  578450.00  2318470.00  20.965100  105.754652  -15.3682  -20.5462
   259  3075  4676  560600.00  2318380.00  20.964960  105.582948  -12.6829  -17.4974
   260  2646  4685  556310.00  2318290.00  20.964283  105.541678  -11.6761  -11.2117
   261  4809  4703  577940.00  2318110.00  20.961869  105.749730   -5.3302  -18.8380
   262  4701  4757  576860.00  2317570.00  20.957035  105.739318   -9.9072  -12.3589
   263  4755  4787  577400.00  2317270.00  20.954302  105.744498   -1.0325   -4.7086
   264  5127  4817  581120.00  2316970.00  20.951432  105.780264   -8.1530  -21.1837
   265  3678  4838  566630.00  2316760.00  20.950115  105.640889   -6.8708  -14.7216
   266  2904  4841  558890.00  2316730.00  20.950107  105.566443  -13.9111  -14.8618
   267  5217  4853  582020.00  2316610.00  20.948139  105.788903   -7.8549  -18.5565
   268  2424  4919  554090.00  2315950.00  20.943207  105.520250   -4.8258  -11.8480
   269  3426  4922  564110.00  2315920.00  20.942615  105.616620  -13.8704  -17.9005
   270  3570  4925  565550.00  2315890.00  20.942293  105.630469  -11.8132  -21.7361
   271  2880  4952  558650.00  2315620.00  20.940086  105.564097  -12.0504  -15.0111
   272  5031  4955  580160.00  2315590.00  20.939006  105.770967   -8.8406  -12.4920
   273  2781  4967  557660.00  2315470.00  20.938762  105.554570   -6.7546  -17.1774
   274  2829  4985  558140.00  2315290.00  20.937120  105.559181  -11.9340  -12.9757
   275  2316  5000  553010.00  2315140.00  20.935920  105.509838  -10.7195  -16.7426
   276  2331  5012  553160.00  2315020.00  20.934831  105.511277   -6.3943  -14.1089
   277  2475  5036  554600.00  2314780.00  20.932621  105.525119   -8.6021  -14.2840
   278  2796  5036  557810.00  2314780.00  20.932523  105.555990  -13.9520  -22.4629
   279  2574  5060  555590.00  2314540.00  20.930423  105.534632   -2.7012   -8.3992
   280  2739  5075  557240.00  2314390.00  20.929017  105.550495  -12.5865  -14.2639
   281  2721  5093  557060.00  2314210.00  20.927396  105.548758  -13.3276  -16.0987
   282  6069  5120  590540.00  2313940.00  20.923618  105.870706   -9.1832  -14.5970
   283  5304  5147  582890.00  2313670.00  20.921538  105.797130  -11.3419  -20.1552
   284  3507  5297  564920.00  2312170.00  20.908705  105.624270  -12.6671  -17.3959
   285  2961  5507  559460.00  2310070.00  20.889914  105.571697   -7.0802  -18.0559
   286  5718  5606  587030.00  2309080.00  20.879878  105.836710  -12.2068  -18.2072
   287  6291  5681  592760.00  2308330.00  20.872824  105.891754  -11.1046  -13.2869
   288  6288  5696  592730.00  2308180.00  20.871470  105.891457   -8.8468  -14.5673
   289  3930  5756  569150.00  2307580.00  20.867080  105.664761   -8.2749  -14.3489
   290  3189  5792  561740.00  2307220.00  20.864089  105.593517    1.0291   -7.1823
   291  3186  5795  561710.00  2307190.00  20.863819  105.593227  -13.5371  -18.8575
   292  3261  5849  562460.00  2306650.00  20.858915  105.600418  -14.4762  -17.1189
   293  3318  5984  563030.00  2305300.00  20.846698  105.605848  -17.1103  -22.5929
   294  6354  6038  593390.00  2304760.00  20.840538  105.897618   -9.4027  -14.1101
   295  3390  6038  563750.00  2304760.00  20.841794  105.612748  -20.6008  -24.9475
   296  3432  6059  564170.00  2304550.00  20.839882  105.616778  -12.6000  -17.2920
   297  3528  6062  565130.00  2304520.00  20.839578  105.626003  -10.6896  -15.5391
   298  3396  6068  563810.00  2304460.00  20.839081  105.613314  -15.9658  -23.0693
   299  3417  6074  564020.00  2304400.00  20.838532  105.615330  -14.2502  -22.6098
   300  3393  6080  563780.00  2304340.00  20.837998  105.613021  -13.1667  -21.8303
   301  3498  6101  564830.00  2304130.00  20.836064  105.623105  -14.0952  -19.7047
   302  3570  6101  565550.00  2304130.00  20.836039  105.630025  -14.5330  -18.4092
   303  3498  6122  564830.00  2303920.00  20.834167  105.623097  -11.0818  -16.0573
   304  4890  6167  578750.00  2303470.00  20.829562  105.756858  -14.0423  -18.7541
   305  5508  6179  584930.00  2303350.00  20.828206  105.816243  -13.4619  -15.2001
   307  3753  6194  567380.00  2303200.00  20.827571  105.647577  -14.1673  -20.7844
   308  3759  6197  567440.00  2303170.00  20.827297  105.648153  -10.5641  -16.3868
   310  6285  6239  592700.00  2302750.00  20.822413  105.890880   -9.1842  -16.0598
   311  3813  6257  567980.00  2302570.00  20.821857  105.653319  -10.5883  -16.7268
   312  3801  6275  567860.00  2302390.00  20.820235  105.652159  -11.3241  -14.7761
   313  3798  6278  567830.00  2302360.00  20.819965  105.651869  -12.9723  -18.6456
   316  3828  6284  568130.00  2302300.00  20.819412  105.654750  -16.7765  -20.3262
   318  3837  6302  568220.00  2302120.00  20.817782  105.655608   -9.4368  -18.3264
   319  3024  6350  560090.00  2301640.00  20.813726  105.577463   -6.8321  -14.5986
   320  2958  6356  559430.00  2301580.00  20.813205  105.571119   -5.1359   -9.2745
   322  3615  6395  566000.00  2301190.00  20.809459  105.634239   -6.5972  -13.8968
   324  2967  6404  559520.00  2301100.00  20.808865  105.571968  -12.6998  -17.4580
   325  3822  6413  568070.00  2301010.00  20.807758  105.654123  -10.6962  -16.8704
   327  2871  6416  558560.00  2300980.00  20.807811  105.562739  -10.9428  -17.7416
   331  3891  6425  568760.00  2300890.00  20.806649  105.660748   -8.5003  -16.0339
   340  5919  6506  589040.00  2300080.00  20.798469  105.855573   -6.2720  -11.6901
   341  3852  6518  568370.00  2299960.00  20.798260  105.656965  -14.9495  -17.3968
   343  5001  6524  579860.00  2299900.00  20.797260  105.767362  -14.3810  -19.5917
   344  3849  6539  568340.00  2299750.00  20.796364  105.656668   -9.5498  -18.3914
   345  3780  6539  567650.00  2299750.00  20.796389  105.650038  -13.5315  -19.8960
   346  3780  6602  567650.00  2299120.00  20.790697  105.650014  -19.7562  -20.4906
   347  3795  6638  567800.00  2298760.00  20.787439  105.651441   -8.7259  -19.2085
   348  3798  6686  567830.00  2298280.00  20.783101  105.651711  -13.6392  -20.0030
   349  3795  6833  567800.00  2296810.00  20.769820  105.651366  -10.2042  -13.3013
   352  3987  7121  569720.00  2293930.00  20.743727  105.669696  -12.1806  -20.0255
   354  4113  7166  570980.00  2293480.00  20.739614  105.681780  -10.0777  -17.7579
   355  3984  7193  569690.00  2293210.00  20.737223  105.669379   -9.1556  -15.7154
   356  4122  7211  571070.00  2293030.00  20.735545  105.682626  -15.3729  -24.1764
   357  3999  7214  569840.00  2293000.00  20.735320  105.670811    0.7190   -4.0852
   358  4056  7214  570410.00  2293000.00  20.735299  105.676286  -17.9905  -21.6746
   359  3978  7220  569630.00  2292940.00  20.734786  105.668792  -16.2752  -22.2279
   361  4143  7250  571280.00  2292640.00  20.732013  105.684627  -16.4233  -27.3014
   362  4077  7253  570620.00  2292610.00  20.731767  105.678287   -6.5204  -13.6035
   363  4068  7256  570530.00  2292580.00  20.731499  105.677422  -22.4916  -25.6725
   364  4062  7259  570470.00  2292550.00  20.731231  105.676844  -17.2051  -19.7839
   365  4182  7280  571670.00  2292340.00  20.729287  105.688361  -16.5750  -18.3178
   366  4095  7283  570800.00  2292310.00  20.729050  105.680004  -16.0330  -18.8566
   367  4104  7286  570890.00  2292280.00  20.728775  105.680867   -9.7918  -16.1475
   369  4122  7310  571070.00  2292040.00  20.726600  105.682586   -5.9584  -10.8816
   370  4116  7313  571010.00  2292010.00  20.726331  105.682009  -10.9915  -12.7902
   371  4164  7319  571490.00  2291950.00  20.725771  105.686616  -20.9971  -22.1604
   372  4122  7355  571070.00  2291590.00  20.722534  105.682568  -12.7879  -19.9073
   373  4296  7379  572810.00  2291350.00  20.720298  105.699268   -4.6908  -12.3839
   374  4275  7547  572600.00  2289670.00  20.705127  105.697182  -12.3846  -21.8552
   375  7344  7595  603290.00  2289190.00  20.699346  105.991843  -10.5044  -17.8492
   376  7176  7634  601610.00  2288800.00  20.695914  105.975690   -9.2172  -18.5955
   377  7284  7733  602690.00  2287810.00  20.686911  105.986002  -15.4798  -16.7137
   378  4341  8081  573260.00  2284330.00  20.656853  105.703297   -5.3704  -12.1635
   379  4365  8102  573500.00  2284120.00  20.654946  105.705592  -16.7697  -20.6000
   380  4239  8108  572240.00  2284060.00  20.654453  105.693495   -6.4951  -10.2153
   381  4656  8189  576410.00  2283250.00  20.646969  105.733489  -10.8449  -20.4126
   382  4644  8201  576290.00  2283130.00  20.645890  105.732332  -15.7100  -21.8025
   384  4254  8447  572390.00  2280670.00  20.623817  105.694796  -12.1471  -27.1508
   385  4491  8570  574760.00  2279440.00  20.612611  105.717489  -11.6432  -20.1454
   386  4962  8651  579470.00  2278630.00  20.605099  105.762653  -10.1444  -17.2300
   387  4842  8702  578270.00  2278120.00  20.600541  105.751115  -13.5043  -14.1476
   388  5235  8753  582200.00  2277610.00  20.595765  105.788803  -18.7684  -22.7030
   389  5277  8813  582620.00  2277010.00  20.590326  105.792805  -12.4554  -25.1212
   390  5295  8822  582800.00  2276920.00  20.589505  105.794528  -12.7615  -21.0685
   391  5115  8825  581000.00  2276890.00  20.589312  105.777255    0.0387  -14.9974
   392  5187  8834  581720.00  2276800.00  20.588468  105.784160   -7.7566  -17.5038
   393  5310  8870  582950.00  2276440.00  20.585161  105.795945   -7.1129  -16.7024
   394  5313  8882  582980.00  2276320.00  20.584076  105.796227  -13.5002  -18.5260
