; ENVI Output of ROIs (5.2) [Wed Nov 27 01:09:56 2019]
; Number of ROIs: 1
; File Dimension: 7647 x 9116
;
; ROI name: EVF: Layer: grass.shp
; ROI rgb value: {255, 255, 255}
; ROI npts: 394
;   ID     X     Y      Map X       Map Y        Lat         Lon        B1        B2
     1  5334   482  583190.00  2360320.00  21.342990  105.802280  -11.8178  -15.5405
     2  5613   620  585980.00  2358940.00  21.330392  105.829114   -7.1424  -18.5183
     3  4989   731  579740.00  2357830.00  21.320649  105.768893   -4.8053   -5.7974
     4  5967   794  589520.00  2357200.00  21.314500  105.863156  -11.2526  -14.6137
     5  5370   896  583550.00  2356180.00  21.305571  105.805547  -12.6118  -18.7022
     6  5556   905  585410.00  2356090.00  21.304671  105.823474   -7.5298  -15.7351
     7  4986   905  579710.00  2356090.00  21.304931  105.768522  -11.9935  -19.3415
     8  5721   929  587060.00  2355850.00  21.302424  105.839369  -13.6559  -18.7926
     9  5121   971  581060.00  2355430.00  21.298908  105.781506   -9.3296  -18.6750
    10  4908  1013  578930.00  2355010.00  21.295208  105.760952  -10.1550  -14.7024
    11  5367  1013  583520.00  2355010.00  21.295002  105.805200   -3.4143  -11.8963
    12  4929  1016  579140.00  2354980.00  21.294927  105.762975  -10.8013  -17.3881
    13  5364  1019  583490.00  2354950.00  21.294461  105.804908  -10.9995  -15.0706
    14  4896  1028  578810.00  2354860.00  21.293858  105.759788  -13.1552  -20.2426
    19  5199  1076  581840.00  2354380.00  21.289387  105.788974  -10.4900  -15.7538
    20  5076  1088  580610.00  2354260.00  21.288358  105.777112  -10.0298  -15.9445
    21  5643  1154  586280.00  2353600.00  21.282134  105.831735  -11.3270  -14.9381
    22  5628  1172  586130.00  2353420.00  21.280515  105.830280  -12.4211  -15.4828
    23  5904  1190  588890.00  2353240.00  21.278755  105.856874   -8.2371  -14.9225
    24  5886  1211  588710.00  2353030.00  21.276867  105.855128  -10.0901  -17.3335
    25  5400  1295  583850.00  2352190.00  21.269509  105.808242   -9.5038  -18.0271
    26  5355  1316  583400.00  2351980.00  21.267633  105.803895  -10.3541  -10.8407
    27  5817  1331  588020.00  2351830.00  21.266059  105.848415   -6.7468  -16.1840
    28  5529  1631  585140.00  2348830.00  21.239094  105.820508  -17.2580  -26.3732
    29  5448  1661  584330.00  2348530.00  21.236421  105.812687  -11.0611  -17.4163
    31   828  1745  538130.00  2347690.00  21.230389  105.367451  -11.1975  -10.9859
    32  5079  1760  580640.00  2347540.00  21.227644  105.777082   -9.7204  -12.4896
    34  6390  1811  593750.00  2347030.00  21.222408  105.903377   -7.6440  -17.8397
    36  5478  1841  584630.00  2346730.00  21.220145  105.815489  -11.1100  -16.0062
    37  4227  1928  572120.00  2345860.00  21.212824  105.694914  -13.6436  -21.6723
    38  6093  1982  590780.00  2345320.00  21.207110  105.874670  -13.9724  -16.4157
    39  1050  2078  540350.00  2344360.00  21.200253  105.388765   -5.5568  -14.4146
    40  4632  2096  576170.00  2344180.00  21.197481  105.733860  -12.7342  -15.9930
    41   921  2108  539060.00  2344060.00  21.197571  105.376330  -11.2120  -14.6144
    42  5178  2177  581630.00  2343370.00  21.189926  105.786422  -11.8766  -19.1241
    43   258  2177  532430.00  2343370.00  21.191467  105.312440  -12.5164  -18.0100
    44  4926  2339  579110.00  2341750.00  21.175401  105.762071  -10.6490  -14.0152
    45  4998  2348  579830.00  2341660.00  21.174556  105.769002   -9.0384  -16.4999
    46  3822  2366  568070.00  2341480.00  21.173407  105.655717  -13.0052  -18.4625
    47  4998  2375  579830.00  2341390.00  21.172117  105.768990  -10.2579  -18.3428
    48  3597  2393  565820.00  2341210.00  21.171051  105.634034  -15.4598  -21.5681
    49   978  2405  539630.00  2341090.00  21.170724  105.381752  -12.9314  -17.6726
    50  5673  2411  586580.00  2341030.00  21.168557  105.833988   -7.4179   -9.8121
    51  5001  2438  579860.00  2340760.00  21.166424  105.769249  -12.3567  -18.0367
    52  3687  2459  566720.00  2340550.00  21.165055  105.642677  -12.4966  -22.3767
    53  1059  2459  540440.00  2340550.00  21.165827  105.389542    6.7579  -14.5449
    54  5784  2465  587690.00  2340490.00  21.163625  105.844652   -9.4927  -18.1689
    55  4386  2537  573710.00  2339770.00  21.157739  105.709971   -9.7785  -13.9229
    58  2718  2567  557030.00  2339470.00  21.155626  105.549306  -13.8611  -17.0605
    59  2031  2606  550160.00  2339080.00  21.152304  105.483126   -9.1025  -13.2720
    60   828  2615  538130.00  2338990.00  21.151782  105.367256   -9.4375  -17.2133
    61   333  2639  533180.00  2338750.00  21.149710  105.319576  -14.4923  -20.5488
    62   456  2648  534410.00  2338660.00  21.148874  105.331420   -9.1473  -13.5157
    63   474  2666  534590.00  2338480.00  21.147244  105.333150  -11.8708  -15.6670
    64  1005  2678  539900.00  2338360.00  21.146052  105.384290  -11.4603  -17.0345
    65   468  2681  534530.00  2338330.00  21.145890  105.332569   -7.7862  -12.3971
    66  4062  2711  570470.00  2338030.00  21.142146  105.678693  -10.7149  -18.1345
    67  4026  2726  570110.00  2337880.00  21.140805  105.675220  -10.2257  -17.9875
    68  2949  2750  559340.00  2337640.00  21.139018  105.571492  -10.3809  -17.4505
    69  4869  2753  578540.00  2337610.00  21.138022  105.756391  -17.5223  -18.5774
    70  6006  2768  589910.00  2337460.00  21.136142  105.865874  -16.0319  -18.5379
    71  4293  2783  572780.00  2337310.00  21.135550  105.700909  -13.4264  -21.6717
    72  4299  2792  572840.00  2337220.00  21.134735  105.701483  -14.0881  -19.3611
    73  1260  2792  542450.00  2337220.00  21.135694  105.408821   -8.1974  -11.0516
    74  1131  2795  541160.00  2337190.00  21.135453  105.396397  -10.3381   -9.6922
    75  1092  2798  540770.00  2337160.00  21.135190  105.392640  -11.1763  -19.5486
    76  4644  2801  576290.00  2337130.00  21.133781  105.734702  -13.8514  -19.3398
    77  1365  2807  543500.00  2337070.00  21.134314  105.418929   -8.2113  -19.2345
    78  1371  2813  543560.00  2337010.00  21.133771  105.419505   -6.5785  -14.7281
    79  1239  2822  542240.00  2336920.00  21.132988  105.406791   -7.9018  -14.1790
    80   990  2852  539750.00  2336620.00  21.130334  105.382805  -15.8735  -19.5616
    81   990  2858  539750.00  2336560.00  21.129792  105.382803   -9.8523  -18.2929
    82  4725  2861  577100.00  2336530.00  21.128326  105.742475  -10.8816  -17.2868
    83  4803  2864  577880.00  2336500.00  21.128022  105.749985   -5.2502  -16.6335
    84   366  2870  533510.00  2336440.00  21.128832  105.322709  -16.7600  -24.9450
    85  4329  2876  573140.00  2336380.00  21.127134  105.704336  -10.2824  -16.7581
    86  1083  2882  540680.00  2336320.00  21.127603  105.391753  -10.0811  -16.1428
    87   429  2888  534140.00  2336260.00  21.127194  105.328772  -11.4940  -21.9614
    88  2061  2894  550460.00  2336200.00  21.126274  105.485930   -7.0193  -16.4926
    89  6123  2915  591080.00  2335990.00  21.122804  105.877063   -7.0587  -17.7756
    90  1944  2921  549290.00  2335930.00  21.123867  105.474656   -7.9316  -12.7126
    91  3369  2921  563540.00  2335930.00  21.123427  105.611876   -9.6396  -14.6399
    92   417  2945  534020.00  2335690.00  21.122046  105.327605   -6.9492  -14.4422
    93   438  2954  534230.00  2335600.00  21.121229  105.329626   -9.7473  -18.2470
    94  6468  2960  594530.00  2335540.00  21.118563  105.910257  -10.8246  -12.0431
    95   423  2960  534080.00  2335540.00  21.120690  105.328180   -9.6458  -12.3320
    96   414  2963  533990.00  2335510.00  21.120421  105.327313  -11.2955  -14.5510
    97  4692  2972  576770.00  2335420.00  21.118311  105.739248  -13.4498  -15.3169
    98  4107  3005  570920.00  2335090.00  21.115566  105.682905   -9.8593  -14.4337
    99   354  3011  533390.00  2335030.00  21.116095  105.321526  -10.0218  -14.2880
   100  2082  3014  550670.00  2335000.00  21.115426  105.487917   -7.3937  -16.2755
   101  3627  3023  566120.00  2334910.00  21.114120  105.636680  -10.5483  -18.1261
   102  5388  3044  583730.00  2334700.00  21.111501  105.806228  -11.1165  -20.3198
   103  5772  3065  587570.00  2334490.00  21.109424  105.843189   -9.0673  -12.7809
   104  4719  3068  577040.00  2334460.00  21.109626  105.741804   -6.7556  -14.6140
   105  1485  3074  544700.00  2334400.00  21.110161  105.430416  -10.1655  -11.8970
   106  2334  3074  553190.00  2334400.00  21.109934  105.512163  -14.5440  -16.2013
   107  1962  3101  549470.00  2334130.00  21.107599  105.476337  -10.2916  -15.3236
   108   747  3140  537320.00  2333740.00  21.104363  105.359341   -9.8996  -14.8213
   109   912  3149  538970.00  2333650.00  21.103516  105.375226   -9.2196  -17.7886
   110  1950  3161  549350.00  2333530.00  21.102181  105.475164  -10.2473  -14.4490
   111   588  3164  535730.00  2333500.00  21.102226  105.344026   -9.7855  -14.4917
   112   900  3164  538850.00  2333500.00  21.102163  105.374067   -9.3476  -13.0742
   113   588  3170  535730.00  2333440.00  21.101684  105.344025  -11.1949  -17.7999
   114  1050  3173  540350.00  2333410.00  21.101317  105.388507   -6.2415  -16.5338
   115   915  3176  539000.00  2333380.00  21.101075  105.375508  -15.9181  -24.7481
   116  1917  3182  549020.00  2333320.00  21.100292  105.471981   -8.7208  -15.8989
   117  2037  3212  550220.00  2333020.00  21.097549  105.483526   -8.8342  -17.3564
   118  1125  3221  541100.00  2332930.00  21.096963  105.395717  -11.5009  -15.0313
   119  2043  3233  550280.00  2332810.00  21.095650  105.484097  -13.4207  -19.4938
   120  4266  3236  572510.00  2332780.00  21.094633  105.698117   -9.8678  -16.7395
   121  4128  3248  571130.00  2332660.00  21.093603  105.684826  -17.1732  -18.6440
   122  2067  3254  550520.00  2332600.00  21.093746  105.486402  -11.7890  -14.8075
   123  1017  3269  540020.00  2332450.00  21.092650  105.385307  -11.4029  -16.6873
   124   504  3269  534890.00  2332450.00  21.092755  105.335917   -6.5709  -13.3444
   125  5229  3269  582140.00  2332450.00  21.091245  105.790812   -7.5437  -24.9897
   126  5118  3290  581030.00  2332240.00  21.089397  105.780116  -11.7217  -17.2519
   127  1695  3296  546800.00  2332180.00  21.090050  105.450576   -4.8834  -15.2502
   128  1650  3314  546350.00  2332000.00  21.088435  105.446238   -8.4389  -14.7316
   129  3693  3317  566780.00  2331970.00  21.087533  105.642921   -9.8415  -16.5124
   130  4257  3323  572420.00  2331910.00  21.086776  105.697214  -12.8408  -17.4149
   131  4128  3326  571130.00  2331880.00  21.086556  105.684794  -12.9095  -15.1948
   132  1080  3359  540650.00  2331550.00  21.084505  105.391352   -8.9676  -16.7615
   133  1398  3368  543830.00  2331460.00  21.083618  105.421964   -5.8639  -12.6876
   134  5283  3371  582680.00  2331430.00  21.082005  105.795961  -12.0659  -19.3724
   135   552  3371  535370.00  2331430.00  21.083530  105.340517  -12.3734  -14.8437
   136  4137  3374  571220.00  2331400.00  21.082216  105.685641   -9.4421  -15.1465
   137   555  3389  535400.00  2331250.00  21.081903  105.340803  -10.4965  -16.4529
   138   369  3392  533540.00  2331220.00  21.081667  105.322896  -10.8778  -15.2605
   139  4275  3404  572600.00  2331100.00  21.079451  105.698913  -11.3161  -16.5639
   140  3606  3410  565910.00  2331040.00  21.079162  105.634510  -15.2592  -19.8334
   141  5388  3413  583730.00  2331010.00  21.078163  105.806048   -9.2019  -15.0878
   142   351  3431  533360.00  2330830.00  21.078147  105.321155   -9.2664  -14.8011
   143  5709  3431  586940.00  2330830.00  21.076387  105.836938   -6.8189  -14.2230
   144   459  3431  534440.00  2330830.00  21.078127  105.331552   -8.3800  -14.2412
   145  5706  3434  586910.00  2330800.00  21.076117  105.836648  -10.4076  -10.1023
   146  5511  3449  584960.00  2330650.00  21.074854  105.817870  -16.5487  -18.9906
   147   525  3455  535100.00  2330590.00  21.075946  105.337901   -3.5815  -11.9178
   148  5391  3461  583760.00  2330530.00  21.073825  105.806314   -6.6823  -12.7245
   149   507  3461  534920.00  2330530.00  21.075407  105.336167   -8.0920  -13.2252
   151  1638  3491  546230.00  2330230.00  21.072446  105.445035  -11.3432  -15.3387
   152  4473  3503  574580.00  2330110.00  21.070427  105.717930   -0.2799  -13.0525
   153  1983  3509  549680.00  2330050.00  21.070729  105.478241   -8.1294  -15.9377
   154  4962  3509  579470.00  2330050.00  21.069679  105.764997   -8.3970  -12.9324
   155   549  3509  535340.00  2330050.00  21.071062  105.340200   -7.2094  -12.0827
   156  4269  3521  572540.00  2329930.00  21.068883  105.698286   -8.2899  -16.9645
   157  5712  3533  586970.00  2329810.00  21.067170  105.837176   -8.6321  -14.5815
   158  2529  3536  555140.00  2329780.00  21.068133  105.530791   -4.6288  -12.7350
   159  6426  3551  594110.00  2329630.00  21.065191  105.905889  -12.2742  -21.5913
   160   624  3569  536090.00  2329450.00  21.065626  105.347407   -6.2467  -11.4962
   161  6063  3614  590480.00  2329000.00  21.059682  105.870918   -7.6237  -13.2218
   162  6828  3626  598130.00  2328880.00  21.058205  105.944539   -8.7493  -18.4634
   163  1917  3638  549020.00  2328760.00  21.059091  105.471851  -19.4671  -25.4765
   164  5052  3653  580370.00  2328610.00  21.056630  105.773592   -9.7201  -18.3461
   165  5766  3662  587510.00  2328520.00  21.055490  105.842308    0.2907   -8.1626
   166  4551  3692  575360.00  2328220.00  21.053319  105.725355  -11.0762  -15.2111
   167  4788  3698  577730.00  2328160.00  21.052678  105.748163  -11.8914  -13.9352
   168  2346  3719  553310.00  2327950.00  21.051653  105.513119  -12.8627  -16.6024
   169  1812  3722  547970.00  2327920.00  21.051530  105.461721  -12.0964  -19.6545
   170  6765  3725  597500.00  2327890.00  21.049294  105.938419  -14.0443  -17.9420
   171   492  3740  534770.00  2327740.00  21.050201  105.334667   -1.9184   -7.3232
   172  1788  3746  547730.00  2327680.00  21.049367  105.459404  -13.7075  -21.2005
   173  1449  3752  544340.00  2327620.00  21.048910  105.426774  -10.1693  -14.6748
   174  1461  3752  544460.00  2327620.00  21.048907  105.427929  -13.4047  -19.1209
   175   480  3767  534650.00  2327470.00  21.047764  105.333506   -3.5687  -11.4694
   176  1704  3770  546890.00  2327440.00  21.047221  105.451313  -11.3298  -16.5712
   177  1422  3773  544070.00  2327410.00  21.047019  105.424170  -14.2932  -19.5231
   178  4653  3773  576380.00  2327410.00  21.045959  105.735136  -10.6828  -17.3162
   179  1245  3776  542300.00  2327380.00  21.046790  105.407134  -13.5128  -17.2750
   180  1359  3827  543440.00  2326870.00  21.042155  105.418093  -10.0330   -9.9351
   181  1821  3830  548060.00  2326840.00  21.041769  105.462557  -12.9727  -14.2779
   182   543  3839  535280.00  2326750.00  21.041246  105.339555   -9.4592  -13.3910
   183  2301  3839  552860.00  2326750.00  21.040824  105.508751   -8.2361  -16.7281
   184  1722  3845  547070.00  2326690.00  21.040439  105.453025  -12.2923  -20.2129
   185  2550  3851  555350.00  2326630.00  21.039666  105.532711  -11.6166  -17.9273
   186   450  3857  534350.00  2326570.00  21.039637  105.330601   -7.7528  -20.3974
   187  6216  3860  592010.00  2326540.00  21.037381  105.885512  -12.5151  -16.0640
   188  1983  3860  549680.00  2326540.00  21.039015  105.478140  -20.0147  -27.8655
   189  2127  3869  551120.00  2326450.00  21.038163  105.491996  -14.6374  -17.7833
   190   318  3890  533030.00  2326240.00  21.036680  105.317890  -15.7180  -21.0939
   191  6285  3893  592700.00  2326210.00  21.034365  105.892134  -14.6551  -21.9613
   192  6075  3899  590600.00  2326150.00  21.033928  105.871923   -8.9002  -15.5861
   193  1263  3899  542480.00  2326150.00  21.035672  105.408836  -14.6364  -15.8610
   194  2163  3908  551480.00  2326060.00  21.034629  105.495449   -9.8051  -19.7786
   195  6207  3914  591920.00  2326000.00  21.032507  105.884617  -15.3074  -18.0831
   196  2247  3917  552320.00  2325970.00  21.033792  105.503530  -10.5292  -23.7388
   197   318  3926  533030.00  2325880.00  21.033427  105.317883  -10.8162  -14.1069
   198   414  3932  533990.00  2325820.00  21.032867  105.327121   -5.8445  -12.2626
   199  6336  3935  593210.00  2325790.00  21.030545  105.897019  -15.7814  -18.2380
   200   471  3938  534560.00  2325760.00  21.032315  105.332606   -8.5618  -14.5144
   201  2547  3938  555320.00  2325760.00  21.031807  105.532395   -9.8877  -12.0267
   202  1644  3965  546290.00  2325490.00  21.029617  105.445486   -9.0256  -14.9744
   203  4086  3977  570710.00  2325370.00  21.027755  105.680483  -12.6595  -16.7399
   204  1569  3992  545540.00  2325220.00  21.027196  105.438261   -9.2971  -18.6641
   205  1293  3998  542780.00  2325160.00  21.026720  105.411699  -10.1695  -16.9169
   206  1713  3998  546980.00  2325160.00  21.026618  105.452117   -7.6882  -12.6445
   207  2265  4001  552500.00  2325130.00  21.026197  105.505237  -17.2645  -20.5074
   208  2076  4004  550610.00  2325100.00  21.025979  105.487048  -12.7048  -17.8574
   209  2145  4004  551300.00  2325100.00  21.025960  105.493688   -8.9257  -16.2641
   210  2100  4007  550850.00  2325070.00  21.025701  105.489357  -14.4909  -18.2956
   211  1446  4007  544310.00  2325070.00  21.025871  105.426420   -9.8187  -18.4292
   212  1614  4010  545990.00  2325040.00  21.025558  105.442587  -13.0922  -17.1287
   213  3495  4019  564800.00  2324950.00  21.024178  105.623595  -10.0687  -14.4367
   214  1392  4019  543770.00  2324950.00  21.024800  105.421220  -10.8559  -18.8024
   215  1413  4019  543980.00  2324950.00  21.024795  105.423241  -14.1579  -14.7409
   216  2079  4019  550640.00  2324950.00  21.024623  105.487332   -9.4688  -18.7521
   217  4890  4022  578750.00  2324920.00  21.023362  105.757832  -10.2601  -15.1851
   218  1680  4034  546650.00  2324800.00  21.023373  105.448931  -12.0402  -16.3934
   219  1068  4037  540530.00  2324770.00  21.023248  105.390037  -10.9960  -19.5426
   221  4365  4058  573500.00  2324560.00  21.020327  105.707297  -12.5879  -16.9481
   222  2511  4073  554960.00  2324410.00  21.019620  105.528887  -13.8915  -14.5704
   223  1683  4079  546680.00  2324350.00  21.019307  105.449208   -9.5937  -12.0978
   224  2466  4085  554510.00  2324290.00  21.018549  105.524553   -7.2464  -20.5080
   225   699  4100  536840.00  2324140.00  21.017633  105.354513   -7.7230  -10.0020
   226  5355  4109  583400.00  2324050.00  21.015296  105.802535   -9.7732  -10.0423
   227  1701  4109  546860.00  2324050.00  21.016591  105.450932   -5.9042  -13.6583
   228  4920  4112  579050.00  2324020.00  21.015218  105.760677  -11.5189  -15.7038
   229  2646  4115  556310.00  2323990.00  21.015784  105.541864  -12.5677  -21.3967
   230  2385  4124  553700.00  2323900.00  21.015049  105.516746  -11.9886  -15.2087
   231  4815  4130  578000.00  2323840.00  21.013636  105.750566  -15.1376  -13.1068
   232  2637  4148  556220.00  2323660.00  21.012805  105.540987   -8.7441  -20.4154
   233  3561  4154  565460.00  2323600.00  21.011957  105.629895   -7.5993  -16.0329
   234  4875  4172  578600.00  2323420.00  21.009816  105.756320  -10.1509  -14.5186
   235  4848  4172  578330.00  2323420.00  21.009827  105.753722  -10.1351  -17.3906
   236  4650  4181  576350.00  2323330.00  21.009098  105.734667  -10.4444  -22.5060
   237  6603  4190  595880.00  2323240.00  21.007370  105.922570   -9.0519  -13.6592
   238  2346  4199  553310.00  2323150.00  21.008284  105.512970   -8.5641  -15.4275
   239  3408  4205  563930.00  2323090.00  21.007403  105.615154  -12.9540  -22.5651
   240  4923  4223  579080.00  2322910.00  21.005188  105.760915   -7.7945  -16.4830
   241  2475  4229  554600.00  2322850.00  21.005535  105.525373  -13.1874  -17.6659
   242  2181  4238  551660.00  2322760.00  21.004807  105.497082   -9.1259  -15.9567
   243  3660  4256  566450.00  2322580.00  21.002706  105.639382  -12.5423  -14.0847
   244  2346  4262  553310.00  2322520.00  21.002592  105.512951   -9.0747  -15.5951
   245  2100  4274  550850.00  2322400.00  21.001577  105.489278  -10.7584  -13.5235
   246  2385  4277  553700.00  2322370.00  21.001225  105.516699  -11.5061  -15.1386
   247  5652  4322  586370.00  2321920.00  20.995915  105.831005  -10.0373  -15.7469
   248  5595  4385  585800.00  2321290.00  20.990250  105.825490  -11.4899  -14.9913
   249  4788  4394  577730.00  2321200.00  20.989796  105.747849  -12.2368  -19.1694
   250  2718  4457  557030.00  2320570.00  20.984861  105.548679   -8.6887  -19.6186
   251  2742  4502  557270.00  2320120.00  20.980788  105.550973   -8.5573  -16.0102
   252  5598  4580  585830.00  2319340.00  20.972631  105.825682    0.2363  -13.6859
   253  2475  4598  554600.00  2319160.00  20.972195  105.525257   -9.2831  -16.5546
   254  5490  4607  584750.00  2319070.00  20.970242  105.815280   -7.5382  -11.3611
   255  6108  4622  590930.00  2318920.00  20.968592  105.874717   -8.0677  -15.2548
   256  4827  4634  578120.00  2318800.00  20.968095  105.751493  -10.6086  -14.6183
   257  4857  4646  578420.00  2318680.00  20.966998  105.754373  -17.9954  -17.7071
   258  4860  4667  578450.00  2318470.00  20.965100  105.754652  -15.2094  -17.4665
   259  3075  4676  560600.00  2318380.00  20.964960  105.582948  -14.0560  -17.2816
   260  2646  4685  556310.00  2318290.00  20.964283  105.541678   -9.6473  -12.5993
   261  4809  4703  577940.00  2318110.00  20.961869  105.749730  -10.1401  -14.2919
   262  4701  4757  576860.00  2317570.00  20.957035  105.739318   -8.7508  -16.7621
   263  4755  4787  577400.00  2317270.00  20.954302  105.744498    0.0305   -6.1575
   264  5127  4817  581120.00  2316970.00  20.951432  105.780264  -11.9978  -15.7513
   265  3678  4838  566630.00  2316760.00  20.950115  105.640889   -7.1860  -15.5977
   266  2904  4841  558890.00  2316730.00  20.950107  105.566443  -12.9213  -15.1903
   267  5217  4853  582020.00  2316610.00  20.948139  105.788903   -8.1863  -13.7725
   268  2424  4919  554090.00  2315950.00  20.943207  105.520250  -10.0349   -9.9429
   269  3426  4922  564110.00  2315920.00  20.942615  105.616620  -11.3187  -19.6028
   270  3570  4925  565550.00  2315890.00  20.942293  105.630469  -13.1413  -18.1405
   271  2880  4952  558650.00  2315620.00  20.940086  105.564097   -9.2732  -18.1372
   272  5031  4955  580160.00  2315590.00  20.939006  105.770967   -9.8482  -14.7942
   273  2781  4967  557660.00  2315470.00  20.938762  105.554570   -8.8856  -18.0329
   274  2829  4985  558140.00  2315290.00  20.937120  105.559181   -7.5337  -13.8280
   275  2316  5000  553010.00  2315140.00  20.935920  105.509838   -9.8188  -16.1179
   276  2331  5012  553160.00  2315020.00  20.934831  105.511277  -10.7506  -11.1410
   277  2475  5036  554600.00  2314780.00  20.932621  105.525119  -12.4344  -16.6901
   278  2796  5036  557810.00  2314780.00  20.932523  105.555990  -14.0219  -17.4030
   279  2574  5060  555590.00  2314540.00  20.930423  105.534632   -1.3945   -5.9732
   280  2739  5075  557240.00  2314390.00  20.929017  105.550495   -9.5382  -15.3404
   281  2721  5093  557060.00  2314210.00  20.927396  105.548758   -8.6430  -11.8765
   282  6069  5120  590540.00  2313940.00  20.923618  105.870706   -8.1404  -14.3655
   283  5304  5147  582890.00  2313670.00  20.921538  105.797130  -11.7781  -19.3308
   284  3507  5297  564920.00  2312170.00  20.908705  105.624270  -11.3292  -16.4339
   285  2961  5507  559460.00  2310070.00  20.889914  105.571697  -10.1779  -13.6037
   286  5718  5606  587030.00  2309080.00  20.879878  105.836710   -9.5619  -20.5398
   287  6291  5681  592760.00  2308330.00  20.872824  105.891754  -13.8966  -13.1173
   288  6288  5696  592730.00  2308180.00  20.871470  105.891457   -8.5188  -17.8703
   289  3930  5756  569150.00  2307580.00  20.867080  105.664761   -9.9009  -13.3435
   290  3189  5792  561740.00  2307220.00  20.864089  105.593517    0.5504   -5.2770
   291  3186  5795  561710.00  2307190.00  20.863819  105.593227  -14.7349  -19.6809
   292  3261  5849  562460.00  2306650.00  20.858915  105.600418  -14.9547  -17.7294
   293  3318  5984  563030.00  2305300.00  20.846698  105.605848  -18.6607  -23.9962
   294  6354  6038  593390.00  2304760.00  20.840538  105.897618   -6.2581  -12.2364
   295  3390  6038  563750.00  2304760.00  20.841794  105.612748  -16.4540  -26.2533
   296  3432  6059  564170.00  2304550.00  20.839882  105.616778  -12.4675  -14.0468
   297  3528  6062  565130.00  2304520.00  20.839578  105.626003  -12.2987  -17.1698
   298  3396  6068  563810.00  2304460.00  20.839081  105.613314  -13.3623  -18.1916
   299  3417  6074  564020.00  2304400.00  20.838532  105.615330   -8.3632  -18.7153
   300  3393  6080  563780.00  2304340.00  20.837998  105.613021  -11.2641  -23.4968
   301  3498  6101  564830.00  2304130.00  20.836064  105.623105  -11.4749  -15.1767
   302  3570  6101  565550.00  2304130.00  20.836039  105.630025  -12.4569  -18.8064
   303  3498  6122  564830.00  2303920.00  20.834167  105.623097   -7.1556  -15.9975
   304  4890  6167  578750.00  2303470.00  20.829562  105.756858  -16.7928  -19.4521
   305  5508  6179  584930.00  2303350.00  20.828206  105.816243  -10.1062  -17.7300
   307  3753  6194  567380.00  2303200.00  20.827571  105.647577  -12.5284  -17.3118
   308  3759  6197  567440.00  2303170.00  20.827297  105.648153  -12.6673  -18.1746
   310  6285  6239  592700.00  2302750.00  20.822413  105.890880   -4.8114  -13.7326
   311  3813  6257  567980.00  2302570.00  20.821857  105.653319   -8.4689  -14.0986
   312  3801  6275  567860.00  2302390.00  20.820235  105.652159  -12.0021  -16.3664
   313  3798  6278  567830.00  2302360.00  20.819965  105.651869  -10.5725  -16.7577
   316  3828  6284  568130.00  2302300.00  20.819412  105.654750  -12.5126  -20.0443
   318  3837  6302  568220.00  2302120.00  20.817782  105.655608  -10.3249  -19.3220
   319  3024  6350  560090.00  2301640.00  20.813726  105.577463   -7.9641   -9.5285
   320  2958  6356  559430.00  2301580.00  20.813205  105.571119   -5.7963  -12.2212
   322  3615  6395  566000.00  2301190.00  20.809459  105.634239   -6.4749  -12.6162
   324  2967  6404  559520.00  2301100.00  20.808865  105.571968  -10.2613  -16.6999
   325  3822  6413  568070.00  2301010.00  20.807758  105.654123  -12.4962  -19.9667
   327  2871  6416  558560.00  2300980.00  20.807811  105.562739  -13.0861  -13.2595
   331  3891  6425  568760.00  2300890.00  20.806649  105.660748  -12.7039  -13.2003
   340  5919  6506  589040.00  2300080.00  20.798469  105.855573   -5.8622  -13.9679
   341  3852  6518  568370.00  2299960.00  20.798260  105.656965  -16.1419  -19.2408
   343  5001  6524  579860.00  2299900.00  20.797260  105.767362   -9.7010  -19.6959
   344  3849  6539  568340.00  2299750.00  20.796364  105.656668   -9.9947  -14.5323
   345  3780  6539  567650.00  2299750.00  20.796389  105.650038  -13.2433  -25.2384
   346  3780  6602  567650.00  2299120.00  20.790697  105.650014  -19.5326  -23.6210
   347  3795  6638  567800.00  2298760.00  20.787439  105.651441  -14.3017  -14.7655
   348  3798  6686  567830.00  2298280.00  20.783101  105.651711  -12.4751  -20.1842
   349  3795  6833  567800.00  2296810.00  20.769820  105.651366   -7.0378  -15.1375
   352  3987  7121  569720.00  2293930.00  20.743727  105.669696  -11.4532  -13.5369
   354  4113  7166  570980.00  2293480.00  20.739614  105.681780   -6.4538  -15.6346
   355  3984  7193  569690.00  2293210.00  20.737223  105.669379  -12.3049  -19.2549
   356  4122  7211  571070.00  2293030.00  20.735545  105.682626  -10.5062  -17.0448
   357  3999  7214  569840.00  2293000.00  20.735320  105.670811   -0.2524   -1.9912
   358  4056  7214  570410.00  2293000.00  20.735299  105.676286  -14.7639  -17.5567
   359  3978  7220  569630.00  2292940.00  20.734786  105.668792  -14.9990  -16.5330
   361  4143  7250  571280.00  2292640.00  20.732013  105.684627  -18.4731  -21.6664
   362  4077  7253  570620.00  2292610.00  20.731767  105.678287  -11.4303  -12.0112
   363  4068  7256  570530.00  2292580.00  20.731499  105.677422  -20.4065  -27.7521
   364  4062  7259  570470.00  2292550.00  20.731231  105.676844  -15.8634  -18.7687
   365  4182  7280  571670.00  2292340.00  20.729287  105.688361  -12.6856  -18.6953
   366  4095  7283  570800.00  2292310.00  20.729050  105.680004  -16.3592  -22.1335
   367  4104  7286  570890.00  2292280.00  20.728775  105.680867  -10.5673  -15.3474
   369  4122  7310  571070.00  2292040.00  20.726600  105.682586   -6.1542  -11.2737
   370  4116  7313  571010.00  2292010.00  20.726331  105.682009  -10.5271  -16.4408
   371  4164  7319  571490.00  2291950.00  20.725771  105.686616  -16.3692  -19.6942
   372  4122  7355  571070.00  2291590.00  20.722534  105.682568  -17.0536  -18.9808
   373  4296  7379  572810.00  2291350.00  20.720298  105.699268   -3.8535  -11.6757
   374  4275  7547  572600.00  2289670.00  20.705127  105.697182  -14.0904  -23.8193
   375  7344  7595  603290.00  2289190.00  20.699346  105.991843   -9.2651  -16.7337
   376  7176  7634  601610.00  2288800.00  20.695914  105.975690  -10.9520  -19.5319
   377  7284  7733  602690.00  2287810.00  20.686911  105.986002  -11.9075  -20.2070
   378  4341  8081  573260.00  2284330.00  20.656853  105.703297   -2.3063  -12.3703
   379  4365  8102  573500.00  2284120.00  20.654946  105.705592  -15.6574  -18.0652
   380  4239  8108  572240.00  2284060.00  20.654453  105.693495   -8.8861  -10.6603
   381  4656  8189  576410.00  2283250.00  20.646969  105.733489  -15.4166  -18.7392
   382  4644  8201  576290.00  2283130.00  20.645890  105.732332  -20.0822  -21.4425
   384  4254  8447  572390.00  2280670.00  20.623817  105.694796  -12.3876  -20.2395
   385  4491  8570  574760.00  2279440.00  20.612611  105.717489  -11.2140  -15.7249
   386  4962  8651  579470.00  2278630.00  20.605099  105.762653   -8.6420  -18.5781
   387  4842  8702  578270.00  2278120.00  20.600541  105.751115   -6.3047  -15.7660
   388  5235  8753  582200.00  2277610.00  20.595765  105.788803  -16.6821  -22.0466
   389  5277  8813  582620.00  2277010.00  20.590326  105.792805  -15.1552  -23.4896
   390  5295  8822  582800.00  2276920.00  20.589505  105.794528  -14.8771  -17.1903
   391  5115  8825  581000.00  2276890.00  20.589312  105.777255   -4.7078  -13.3457
   392  5187  8834  581720.00  2276800.00  20.588468  105.784160  -13.5482  -17.7867
   393  5310  8870  582950.00  2276440.00  20.585161  105.795945  -12.1736  -16.2086
   394  5313  8882  582980.00  2276320.00  20.584076  105.796227   -9.4325  -16.7840
