; ENVI Output of ROIs (5.2) [Wed Nov 27 01:31:27 2019]
; Number of ROIs: 1
; File Dimension: 7647 x 9116
;
; ROI name: EVF: Layer: grass.shp
; ROI rgb value: {255, 255, 255}
; ROI npts: 394
;   ID     X     Y      Map X       Map Y        Lat         Lon        B1        B2
     1  5334   482  583190.00  2360320.00  21.342990  105.802280  -12.0923  -15.4715
     2  5613   620  585980.00  2358940.00  21.330392  105.829114   -8.1861  -16.1264
     3  4989   731  579740.00  2357830.00  21.320649  105.768893   -4.2045  -12.8241
     4  5967   794  589520.00  2357200.00  21.314500  105.863156   -5.9655  -14.3343
     5  5370   896  583550.00  2356180.00  21.305571  105.805547   -9.5148  -14.1472
     6  5556   905  585410.00  2356090.00  21.304671  105.823474   -8.2200  -17.0161
     7  4986   905  579710.00  2356090.00  21.304931  105.768522  -11.5765  -20.2788
     8  5721   929  587060.00  2355850.00  21.302424  105.839369  -10.5976  -17.2775
     9  5121   971  581060.00  2355430.00  21.298908  105.781506  -10.0540  -12.8964
    10  4908  1013  578930.00  2355010.00  21.295208  105.760952  -11.7802  -15.6332
    11  5367  1013  583520.00  2355010.00  21.295002  105.805200   -5.9667  -13.7142
    12  4929  1016  579140.00  2354980.00  21.294927  105.762975  -12.0823  -18.1038
    13  5364  1019  583490.00  2354950.00  21.294461  105.804908  -11.7018  -16.8534
    14  4896  1028  578810.00  2354860.00  21.293858  105.759788  -14.3098  -18.2339
    19  5199  1076  581840.00  2354380.00  21.289387  105.788974  -10.0182  -14.9144
    20  5076  1088  580610.00  2354260.00  21.288358  105.777112   -8.9920  -15.0866
    21  5643  1154  586280.00  2353600.00  21.282134  105.831735  -11.6608  -15.4715
    22  5628  1172  586130.00  2353420.00  21.280515  105.830280  -12.5966  -14.4568
    23  5904  1190  588890.00  2353240.00  21.278755  105.856874  -11.2973  -12.8654
    24  5886  1211  588710.00  2353030.00  21.276867  105.855128   -6.6749  -14.8560
    25  5400  1295  583850.00  2352190.00  21.269509  105.808242   -8.4188  -11.7754
    26  5355  1316  583400.00  2351980.00  21.267633  105.803895   -8.3840  -13.6536
    27  5817  1331  588020.00  2351830.00  21.266059  105.848415   -8.4793  -14.5731
    28  5529  1631  585140.00  2348830.00  21.239094  105.820508  -20.6659  -26.9426
    29  5448  1661  584330.00  2348530.00  21.236421  105.812687  -11.6679  -21.6138
    31   828  1745  538130.00  2347690.00  21.230389  105.367451   -9.2668  -14.1341
    32  5079  1760  580640.00  2347540.00  21.227644  105.777082   -6.4493  -15.9718
    34  6390  1811  593750.00  2347030.00  21.222408  105.903377  -10.0680  -14.9197
    36  5478  1841  584630.00  2346730.00  21.220145  105.815489  -14.6934  -17.7781
    37  4227  1928  572120.00  2345860.00  21.212824  105.694914  -14.0295  -21.7393
    38  6093  1982  590780.00  2345320.00  21.207110  105.874670  -15.6216  -17.9405
    39  1050  2078  540350.00  2344360.00  21.200253  105.388765   -4.5666  -14.8174
    40  4632  2096  576170.00  2344180.00  21.197481  105.733860  -12.4486  -17.3464
    41   921  2108  539060.00  2344060.00  21.197571  105.376330  -11.2021  -16.3432
    42  5178  2177  581630.00  2343370.00  21.189926  105.786422  -10.2325  -15.9540
    43   258  2177  532430.00  2343370.00  21.191467  105.312440  -10.0773  -16.3995
    44  4926  2339  579110.00  2341750.00  21.175401  105.762071  -11.3672  -16.2416
    45  4998  2348  579830.00  2341660.00  21.174556  105.769002  -12.3085  -13.5781
    46  3822  2366  568070.00  2341480.00  21.173407  105.655717  -13.6406  -15.7721
    47  4998  2375  579830.00  2341390.00  21.172117  105.768990  -10.3586  -15.8143
    48  3597  2393  565820.00  2341210.00  21.171051  105.634034  -10.9089  -23.3733
    49   978  2405  539630.00  2341090.00  21.170724  105.381752   -9.2979  -14.2525
    50  5673  2411  586580.00  2341030.00  21.168557  105.833988   -6.8768   -9.2161
    51  5001  2438  579860.00  2340760.00  21.166424  105.769249  -12.3467  -16.2516
    52  3687  2459  566720.00  2340550.00  21.165055  105.642677  -11.4374  -18.5231
    53  1059  2459  540440.00  2340550.00  21.165827  105.389542    4.8234  -19.4335
    54  5784  2465  587690.00  2340490.00  21.163625  105.844652  -10.7163  -16.7051
    55  4386  2537  573710.00  2339770.00  21.157739  105.709971   -9.7069  -16.8067
    58  2718  2567  557030.00  2339470.00  21.155626  105.549306  -11.2929  -20.1805
    59  2031  2606  550160.00  2339080.00  21.152304  105.483126   -7.5838  -16.7419
    60   828  2615  538130.00  2338990.00  21.151782  105.367256  -11.7824  -18.2053
    61   333  2639  533180.00  2338750.00  21.149710  105.319576  -11.3757  -18.0787
    62   456  2648  534410.00  2338660.00  21.148874  105.331420   -4.8608  -13.5760
    63   474  2666  534590.00  2338480.00  21.147244  105.333150  -14.9388  -17.2047
    64  1005  2678  539900.00  2338360.00  21.146052  105.384290  -13.7104  -19.2577
    65   468  2681  534530.00  2338330.00  21.145890  105.332569   -5.2438  -13.3657
    66  4062  2711  570470.00  2338030.00  21.142146  105.678693   -8.6432  -14.9449
    67  4026  2726  570110.00  2337880.00  21.140805  105.675220  -10.1454  -18.0702
    68  2949  2750  559340.00  2337640.00  21.139018  105.571492  -12.1324  -16.6600
    69  4869  2753  578540.00  2337610.00  21.138022  105.756391  -15.3574  -16.1920
    70  6006  2768  589910.00  2337460.00  21.136142  105.865874  -11.9733  -16.4369
    71  4293  2783  572780.00  2337310.00  21.135550  105.700909  -18.0508  -23.7798
    72  4299  2792  572840.00  2337220.00  21.134735  105.701483  -15.1654  -19.3837
    73  1260  2792  542450.00  2337220.00  21.135694  105.408821  -12.8007  -10.6369
    74  1131  2795  541160.00  2337190.00  21.135453  105.396397   -8.1704  -12.6316
    75  1092  2798  540770.00  2337160.00  21.135190  105.392640   -9.7974  -19.2891
    76  4644  2801  576290.00  2337130.00  21.133781  105.734702   -9.3378  -24.0798
    77  1365  2807  543500.00  2337070.00  21.134314  105.418929   -7.8373  -19.3510
    78  1371  2813  543560.00  2337010.00  21.133771  105.419505  -10.1967  -19.2033
    79  1239  2822  542240.00  2336920.00  21.132988  105.406791   -8.7638  -18.5004
    80   990  2852  539750.00  2336620.00  21.130334  105.382805  -12.1614  -19.8121
    81   990  2858  539750.00  2336560.00  21.129792  105.382803   -6.6088  -14.3534
    82  4725  2861  577100.00  2336530.00  21.128326  105.742475  -11.0930  -17.6763
    83  4803  2864  577880.00  2336500.00  21.128022  105.749985   -6.7965  -15.3538
    84   366  2870  533510.00  2336440.00  21.128832  105.322709  -15.2552  -21.6439
    85  4329  2876  573140.00  2336380.00  21.127134  105.704336  -10.2676  -18.2534
    86  1083  2882  540680.00  2336320.00  21.127603  105.391753   -9.3687  -15.6602
    87   429  2888  534140.00  2336260.00  21.127194  105.328772  -12.3603  -17.9872
    88  2061  2894  550460.00  2336200.00  21.126274  105.485930   -6.6542  -12.8936
    89  6123  2915  591080.00  2335990.00  21.122804  105.877063   -6.0198  -18.7321
    90  1944  2921  549290.00  2335930.00  21.123867  105.474656  -10.4130  -10.3657
    91  3369  2921  563540.00  2335930.00  21.123427  105.611876  -10.6797  -16.9421
    92   417  2945  534020.00  2335690.00  21.122046  105.327605   -7.0193   -9.8149
    93   438  2954  534230.00  2335600.00  21.121229  105.329626   -7.7745  -19.0471
    94  6468  2960  594530.00  2335540.00  21.118563  105.910257  -10.1717  -15.6291
    95   423  2960  534080.00  2335540.00  21.120690  105.328180   -8.6870  -10.8745
    96   414  2963  533990.00  2335510.00  21.120421  105.327313   -8.8684  -14.8836
    97  4692  2972  576770.00  2335420.00  21.118311  105.739248  -12.0974  -15.0348
    98  4107  3005  570920.00  2335090.00  21.115566  105.682905  -11.7750  -18.5565
    99   354  3011  533390.00  2335030.00  21.116095  105.321526   -8.1880  -15.5342
   100  2082  3014  550670.00  2335000.00  21.115426  105.487917   -7.1270  -15.1287
   101  3627  3023  566120.00  2334910.00  21.114120  105.636680   -6.8333  -13.4009
   102  5388  3044  583730.00  2334700.00  21.111501  105.806228  -11.9356  -19.1961
   103  5772  3065  587570.00  2334490.00  21.109424  105.843189   -8.5871  -20.0756
   104  4719  3068  577040.00  2334460.00  21.109626  105.741804   -3.2251  -11.0625
   105  1485  3074  544700.00  2334400.00  21.110161  105.430416   -9.2420  -11.5954
   106  2334  3074  553190.00  2334400.00  21.109934  105.512163  -11.8541  -17.1014
   107  1962  3101  549470.00  2334130.00  21.107599  105.476337  -12.4365  -15.5403
   108   747  3140  537320.00  2333740.00  21.104363  105.359341   -7.2407  -12.3092
   109   912  3149  538970.00  2333650.00  21.103516  105.375226  -11.0077  -19.0473
   110  1950  3161  549350.00  2333530.00  21.102181  105.475164   -6.8324  -13.8139
   111   588  3164  535730.00  2333500.00  21.102226  105.344026   -8.8255  -19.0405
   112   900  3164  538850.00  2333500.00  21.102163  105.374067  -10.2612  -15.1446
   113   588  3170  535730.00  2333440.00  21.101684  105.344025  -12.7524  -15.3167
   114  1050  3173  540350.00  2333410.00  21.101317  105.388507   -9.7034  -16.2648
   115   915  3176  539000.00  2333380.00  21.101075  105.375508  -17.5000  -24.2553
   116  1917  3182  549020.00  2333320.00  21.100292  105.471981  -10.4687  -19.5269
   117  2037  3212  550220.00  2333020.00  21.097549  105.483526   -9.2902  -13.5257
   118  1125  3221  541100.00  2332930.00  21.096963  105.395717   -8.1730  -16.7717
   119  2043  3233  550280.00  2332810.00  21.095650  105.484097  -12.3705  -18.0085
   120  4266  3236  572510.00  2332780.00  21.094633  105.698117  -14.1336  -14.5188
   121  4128  3248  571130.00  2332660.00  21.093603  105.684826  -13.1940  -17.5490
   122  2067  3254  550520.00  2332600.00  21.093746  105.486402   -6.2783  -17.9899
   123  1017  3269  540020.00  2332450.00  21.092650  105.385307  -13.4949  -16.0867
   124   504  3269  534890.00  2332450.00  21.092755  105.335917   -7.7619  -12.9356
   125  5229  3269  582140.00  2332450.00  21.091245  105.790812  -11.7693  -14.0780
   126  5118  3290  581030.00  2332240.00  21.089397  105.780116  -12.2276  -18.9454
   127  1695  3296  546800.00  2332180.00  21.090050  105.450576   -7.5777  -10.8830
   128  1650  3314  546350.00  2332000.00  21.088435  105.446238   -6.6723  -14.6442
   129  3693  3317  566780.00  2331970.00  21.087533  105.642921   -9.9708  -17.7183
   130  4257  3323  572420.00  2331910.00  21.086776  105.697214  -14.0884  -18.4619
   131  4128  3326  571130.00  2331880.00  21.086556  105.684794   -8.6915  -18.0237
   132  1080  3359  540650.00  2331550.00  21.084505  105.391352  -10.0218  -16.1587
   133  1398  3368  543830.00  2331460.00  21.083618  105.421964  -10.3974  -10.1753
   134  5283  3371  582680.00  2331430.00  21.082005  105.795961  -12.5904  -16.5583
   135   552  3371  535370.00  2331430.00  21.083530  105.340517   -9.8891  -16.3220
   136  4137  3374  571220.00  2331400.00  21.082216  105.685641  -14.5707  -22.0025
   137   555  3389  535400.00  2331250.00  21.081903  105.340803   -6.3165  -14.6455
   138   369  3392  533540.00  2331220.00  21.081667  105.322896  -11.2265  -15.2549
   139  4275  3404  572600.00  2331100.00  21.079451  105.698913   -9.7457  -18.3716
   140  3606  3410  565910.00  2331040.00  21.079162  105.634510  -16.5157  -24.8745
   141  5388  3413  583730.00  2331010.00  21.078163  105.806048  -13.1446  -14.6304
   142   351  3431  533360.00  2330830.00  21.078147  105.321155   -8.0944  -15.7962
   143  5709  3431  586940.00  2330830.00  21.076387  105.836938  -12.7843  -14.9879
   144   459  3431  534440.00  2330830.00  21.078127  105.331552   -8.8573  -15.7792
   145  5706  3434  586910.00  2330800.00  21.076117  105.836648   -8.0022  -13.3144
   146  5511  3449  584960.00  2330650.00  21.074854  105.817870  -14.0550  -22.6992
   147   525  3455  535100.00  2330590.00  21.075946  105.337901   -6.7814  -14.8278
   148  5391  3461  583760.00  2330530.00  21.073825  105.806314   -5.5631  -13.1965
   149   507  3461  534920.00  2330530.00  21.075407  105.336167   -6.8194  -18.2268
   151  1638  3491  546230.00  2330230.00  21.072446  105.445035   -9.6303  -17.7528
   152  4473  3503  574580.00  2330110.00  21.070427  105.717930   -2.8382   -9.9839
   153  1983  3509  549680.00  2330050.00  21.070729  105.478241   -7.2135  -17.3987
   154  4962  3509  579470.00  2330050.00  21.069679  105.764997   -9.5154  -13.5324
   155   549  3509  535340.00  2330050.00  21.071062  105.340200   -6.8116  -12.1425
   156  4269  3521  572540.00  2329930.00  21.068883  105.698286  -10.8018  -12.6431
   157  5712  3533  586970.00  2329810.00  21.067170  105.837176   -9.3511  -13.4307
   158  2529  3536  555140.00  2329780.00  21.068133  105.530791   -7.0596  -13.5460
   159  6426  3551  594110.00  2329630.00  21.065191  105.905889  -10.9932  -22.4797
   160   624  3569  536090.00  2329450.00  21.065626  105.347407   -8.3162  -13.9758
   161  6063  3614  590480.00  2329000.00  21.059682  105.870918   -8.1628  -18.9630
   162  6828  3626  598130.00  2328880.00  21.058205  105.944539  -10.7867  -17.0815
   163  1917  3638  549020.00  2328760.00  21.059091  105.471851  -19.3555  -22.9225
   164  5052  3653  580370.00  2328610.00  21.056630  105.773592   -9.8170  -17.9095
   165  5766  3662  587510.00  2328520.00  21.055490  105.842308   -2.5061   -8.2560
   166  4551  3692  575360.00  2328220.00  21.053319  105.725355  -12.3226  -18.8276
   167  4788  3698  577730.00  2328160.00  21.052678  105.748163   -9.3498  -13.1728
   168  2346  3719  553310.00  2327950.00  21.051653  105.513119  -13.3287  -21.2605
   169  1812  3722  547970.00  2327920.00  21.051530  105.461721  -14.8283  -19.7242
   170  6765  3725  597500.00  2327890.00  21.049294  105.938419   -7.3287  -16.9886
   171   492  3740  534770.00  2327740.00  21.050201  105.334667   -4.9989  -14.5874
   172  1788  3746  547730.00  2327680.00  21.049367  105.459404  -20.4079  -26.2142
   173  1449  3752  544340.00  2327620.00  21.048910  105.426774   -7.6140  -14.8101
   174  1461  3752  544460.00  2327620.00  21.048907  105.427929  -14.6438  -18.6481
   175   480  3767  534650.00  2327470.00  21.047764  105.333506   -7.0051  -15.0032
   176  1704  3770  546890.00  2327440.00  21.047221  105.451313   -8.8117  -13.3570
   177  1422  3773  544070.00  2327410.00  21.047019  105.424170  -10.6812  -18.2979
   178  4653  3773  576380.00  2327410.00  21.045959  105.735136   -9.2663  -18.5181
   179  1245  3776  542300.00  2327380.00  21.046790  105.407134   -8.9725  -17.2397
   180  1359  3827  543440.00  2326870.00  21.042155  105.418093  -14.2712  -11.2636
   181  1821  3830  548060.00  2326840.00  21.041769  105.462557   -8.6042  -13.8780
   182   543  3839  535280.00  2326750.00  21.041246  105.339555   -4.7716  -12.3509
   183  2301  3839  552860.00  2326750.00  21.040824  105.508751  -11.6723  -19.4630
   184  1722  3845  547070.00  2326690.00  21.040439  105.453025  -13.5466  -17.3607
   185  2550  3851  555350.00  2326630.00  21.039666  105.532711   -9.3068  -21.1296
   186   450  3857  534350.00  2326570.00  21.039637  105.330601  -11.7952  -15.0513
   187  6216  3860  592010.00  2326540.00  21.037381  105.885512  -13.4861  -19.1086
   188  1983  3860  549680.00  2326540.00  21.039015  105.478140  -20.1396  -26.9643
   189  2127  3869  551120.00  2326450.00  21.038163  105.491996   -9.6987  -17.3248
   190   318  3890  533030.00  2326240.00  21.036680  105.317890  -18.8540  -20.9977
   191  6285  3893  592700.00  2326210.00  21.034365  105.892134  -17.1112  -19.8567
   192  6075  3899  590600.00  2326150.00  21.033928  105.871923  -11.5046  -14.1719
   193  1263  3899  542480.00  2326150.00  21.035672  105.408836  -10.0536  -17.2766
   194  2163  3908  551480.00  2326060.00  21.034629  105.495449  -10.4278  -19.6042
   195  6207  3914  591920.00  2326000.00  21.032507  105.884617  -16.6851  -21.2031
   196  2247  3917  552320.00  2325970.00  21.033792  105.503530   -8.7370  -21.6022
   197   318  3926  533030.00  2325880.00  21.033427  105.317883  -13.7975  -13.2673
   198   414  3932  533990.00  2325820.00  21.032867  105.327121   -7.9273  -13.2317
   199  6336  3935  593210.00  2325790.00  21.030545  105.897019  -16.4044  -19.6399
   200   471  3938  534560.00  2325760.00  21.032315  105.332606   -8.2195  -12.6989
   201  2547  3938  555320.00  2325760.00  21.031807  105.532395  -11.3907  -15.0091
   202  1644  3965  546290.00  2325490.00  21.029617  105.445486   -8.3589  -14.8780
   203  4086  3977  570710.00  2325370.00  21.027755  105.680483  -10.5833  -18.7113
   204  1569  3992  545540.00  2325220.00  21.027196  105.438261  -10.7291  -17.8130
   205  1293  3998  542780.00  2325160.00  21.026720  105.411699   -8.1349   -9.9655
   206  1713  3998  546980.00  2325160.00  21.026618  105.452117   -7.8270  -14.1910
   207  2265  4001  552500.00  2325130.00  21.026197  105.505237  -15.3359  -18.2939
   208  2076  4004  550610.00  2325100.00  21.025979  105.487048  -11.1993  -16.3121
   209  2145  4004  551300.00  2325100.00  21.025960  105.493688   -9.1644  -17.2582
   210  2100  4007  550850.00  2325070.00  21.025701  105.489357  -10.5665  -21.7870
   211  1446  4007  544310.00  2325070.00  21.025871  105.426420  -10.7874  -16.8657
   212  1614  4010  545990.00  2325040.00  21.025558  105.442587  -10.7299  -15.0774
   213  3495  4019  564800.00  2324950.00  21.024178  105.623595  -10.8727  -14.9660
   214  1392  4019  543770.00  2324950.00  21.024800  105.421220  -10.8587  -17.4324
   215  1413  4019  543980.00  2324950.00  21.024795  105.423241  -13.3082  -19.9283
   216  2079  4019  550640.00  2324950.00  21.024623  105.487332  -10.7943  -18.3575
   217  4890  4022  578750.00  2324920.00  21.023362  105.757832  -10.1534  -13.9309
   218  1680  4034  546650.00  2324800.00  21.023373  105.448931  -11.1596  -15.3838
   219  1068  4037  540530.00  2324770.00  21.023248  105.390037  -13.0506  -21.1026
   221  4365  4058  573500.00  2324560.00  21.020327  105.707297  -10.9762  -17.5160
   222  2511  4073  554960.00  2324410.00  21.019620  105.528887  -11.7465  -18.6302
   223  1683  4079  546680.00  2324350.00  21.019307  105.449208  -10.3179  -14.9936
   224  2466  4085  554510.00  2324290.00  21.018549  105.524553  -13.3218  -16.1203
   225   699  4100  536840.00  2324140.00  21.017633  105.354513   -6.1378  -11.6962
   226  5355  4109  583400.00  2324050.00  21.015296  105.802535  -10.5055  -14.5234
   227  1701  4109  546860.00  2324050.00  21.016591  105.450932  -10.7524  -12.2653
   228  4920  4112  579050.00  2324020.00  21.015218  105.760677   -8.4393  -14.5732
   229  2646  4115  556310.00  2323990.00  21.015784  105.541864  -10.3304  -22.0620
   230  2385  4124  553700.00  2323900.00  21.015049  105.516746  -13.2302  -17.7228
   231  4815  4130  578000.00  2323840.00  21.013636  105.750566   -9.3519  -15.5891
   232  2637  4148  556220.00  2323660.00  21.012805  105.540987  -13.8067  -16.7598
   233  3561  4154  565460.00  2323600.00  21.011957  105.629895   -9.7594  -14.8051
   234  4875  4172  578600.00  2323420.00  21.009816  105.756320   -8.9338  -11.8720
   235  4848  4172  578330.00  2323420.00  21.009827  105.753722  -10.2398  -15.6474
   236  4650  4181  576350.00  2323330.00  21.009098  105.734667  -12.6547  -17.9015
   237  6603  4190  595880.00  2323240.00  21.007370  105.922570  -12.3597  -15.9945
   238  2346  4199  553310.00  2323150.00  21.008284  105.512970   -6.7013  -17.2447
   239  3408  4205  563930.00  2323090.00  21.007403  105.615154  -10.0579  -18.4493
   240  4923  4223  579080.00  2322910.00  21.005188  105.760915   -8.3985  -12.4981
   241  2475  4229  554600.00  2322850.00  21.005535  105.525373  -11.5924  -15.6870
   242  2181  4238  551660.00  2322760.00  21.004807  105.497082   -8.6811  -13.6625
   243  3660  4256  566450.00  2322580.00  21.002706  105.639382  -10.5048  -16.0755
   244  2346  4262  553310.00  2322520.00  21.002592  105.512951   -8.2010  -17.3296
   245  2100  4274  550850.00  2322400.00  21.001577  105.489278   -6.3771  -13.2307
   246  2385  4277  553700.00  2322370.00  21.001225  105.516699  -12.2784  -12.3127
   247  5652  4322  586370.00  2321920.00  20.995915  105.831005  -15.5551  -13.3667
   248  5595  4385  585800.00  2321290.00  20.990250  105.825490  -10.2992  -15.6178
   249  4788  4394  577730.00  2321200.00  20.989796  105.747849  -15.1017  -15.1016
   250  2718  4457  557030.00  2320570.00  20.984861  105.548679   -9.6300  -16.7609
   251  2742  4502  557270.00  2320120.00  20.980788  105.550973   -8.3451  -14.7555
   252  5598  4580  585830.00  2319340.00  20.972631  105.825682   -1.3414  -12.5073
   253  2475  4598  554600.00  2319160.00  20.972195  105.525257   -8.1735  -13.9055
   254  5490  4607  584750.00  2319070.00  20.970242  105.815280   -0.3087   -9.8824
   255  6108  4622  590930.00  2318920.00  20.968592  105.874717   -6.6666  -11.2432
   256  4827  4634  578120.00  2318800.00  20.968095  105.751493   -7.4944  -16.4069
   257  4857  4646  578420.00  2318680.00  20.966998  105.754373  -11.4653  -17.8720
   258  4860  4667  578450.00  2318470.00  20.965100  105.754652  -14.5443  -20.2247
   259  3075  4676  560600.00  2318380.00  20.964960  105.582948  -12.5706  -16.5825
   260  2646  4685  556310.00  2318290.00  20.964283  105.541678   -7.6111  -13.0151
   261  4809  4703  577940.00  2318110.00  20.961869  105.749730   -8.3016  -13.6038
   262  4701  4757  576860.00  2317570.00  20.957035  105.739318   -8.5718  -15.2434
   263  4755  4787  577400.00  2317270.00  20.954302  105.744498   -0.0624   -4.8389
   264  5127  4817  581120.00  2316970.00  20.951432  105.780264  -10.6173  -15.0731
   265  3678  4838  566630.00  2316760.00  20.950115  105.640889   -6.8469  -14.5089
   266  2904  4841  558890.00  2316730.00  20.950107  105.566443  -11.9501  -15.0103
   267  5217  4853  582020.00  2316610.00  20.948139  105.788903   -7.3091  -13.1019
   268  2424  4919  554090.00  2315950.00  20.943207  105.520250   -6.3446  -15.7959
   269  3426  4922  564110.00  2315920.00  20.942615  105.616620  -11.8651  -18.9981
   270  3570  4925  565550.00  2315890.00  20.942293  105.630469  -12.0026  -19.6633
   271  2880  4952  558650.00  2315620.00  20.940086  105.564097   -8.4950  -13.2619
   272  5031  4955  580160.00  2315590.00  20.939006  105.770967   -6.3608  -15.2160
   273  2781  4967  557660.00  2315470.00  20.938762  105.554570  -14.9101  -20.9911
   274  2829  4985  558140.00  2315290.00  20.937120  105.559181   -7.0370  -12.5793
   275  2316  5000  553010.00  2315140.00  20.935920  105.509838  -11.8731  -14.3494
   276  2331  5012  553160.00  2315020.00  20.934831  105.511277   -8.4071  -14.8651
   277  2475  5036  554600.00  2314780.00  20.932621  105.525119   -9.2800  -12.4401
   278  2796  5036  557810.00  2314780.00  20.932523  105.555990  -16.8809  -19.5075
   279  2574  5060  555590.00  2314540.00  20.930423  105.534632   -2.8967   -7.3153
   280  2739  5075  557240.00  2314390.00  20.929017  105.550495  -11.9711  -17.0948
   281  2721  5093  557060.00  2314210.00  20.927396  105.548758   -6.9436  -15.3763
   282  6069  5120  590540.00  2313940.00  20.923618  105.870706   -6.5995  -14.1165
   283  5304  5147  582890.00  2313670.00  20.921538  105.797130   -9.1447  -16.3237
   284  3507  5297  564920.00  2312170.00  20.908705  105.624270  -11.8805  -21.4786
   285  2961  5507  559460.00  2310070.00  20.889914  105.571697   -7.0137  -16.4962
   286  5718  5606  587030.00  2309080.00  20.879878  105.836710  -14.2005  -18.6509
   287  6291  5681  592760.00  2308330.00  20.872824  105.891754  -14.7015  -16.1209
   288  6288  5696  592730.00  2308180.00  20.871470  105.891457   -8.6414  -18.1497
   289  3930  5756  569150.00  2307580.00  20.867080  105.664761   -7.3509  -14.9476
   290  3189  5792  561740.00  2307220.00  20.864089  105.593517    1.4457   -9.4062
   291  3186  5795  561710.00  2307190.00  20.863819  105.593227   -9.6349  -23.5857
   292  3261  5849  562460.00  2306650.00  20.858915  105.600418  -15.7082  -20.0085
   293  3318  5984  563030.00  2305300.00  20.846698  105.605848  -16.6485  -23.7243
   294  6354  6038  593390.00  2304760.00  20.840538  105.897618   -8.8659  -11.0433
   295  3390  6038  563750.00  2304760.00  20.841794  105.612748  -14.6161  -20.4450
   296  3432  6059  564170.00  2304550.00  20.839882  105.616778  -11.9069  -14.8712
   297  3528  6062  565130.00  2304520.00  20.839578  105.626003  -11.0686  -18.7541
   298  3396  6068  563810.00  2304460.00  20.839081  105.613314  -11.3402  -21.0620
   299  3417  6074  564020.00  2304400.00  20.838532  105.615330  -11.5332  -20.9634
   300  3393  6080  563780.00  2304340.00  20.837998  105.613021  -11.8548  -18.5518
   301  3498  6101  564830.00  2304130.00  20.836064  105.623105  -12.1587  -17.9102
   302  3570  6101  565550.00  2304130.00  20.836039  105.630025  -10.9547  -19.6811
   303  3498  6122  564830.00  2303920.00  20.834167  105.623097   -9.2341  -15.1354
   304  4890  6167  578750.00  2303470.00  20.829562  105.756858  -13.0191  -20.5331
   305  5508  6179  584930.00  2303350.00  20.828206  105.816243  -11.8056  -19.1342
   307  3753  6194  567380.00  2303200.00  20.827571  105.647577  -12.8351  -17.7689
   308  3759  6197  567440.00  2303170.00  20.827297  105.648153  -11.9610  -17.6790
   310  6285  6239  592700.00  2302750.00  20.822413  105.890880   -5.8170  -15.1393
   311  3813  6257  567980.00  2302570.00  20.821857  105.653319  -13.5288  -18.6162
   312  3801  6275  567860.00  2302390.00  20.820235  105.652159  -13.8570  -13.3746
   313  3798  6278  567830.00  2302360.00  20.819965  105.651869  -12.9778  -17.4559
   316  3828  6284  568130.00  2302300.00  20.819412  105.654750  -13.4932  -19.1273
   318  3837  6302  568220.00  2302120.00  20.817782  105.655608  -10.7259  -12.4645
   319  3024  6350  560090.00  2301640.00  20.813726  105.577463   -6.5757  -10.3069
   320  2958  6356  559430.00  2301580.00  20.813205  105.571119   -8.0276  -10.2524
   322  3615  6395  566000.00  2301190.00  20.809459  105.634239   -6.3779  -10.0239
   324  2967  6404  559520.00  2301100.00  20.808865  105.571968   -8.3264  -14.4996
   325  3822  6413  568070.00  2301010.00  20.807758  105.654123  -11.2021  -17.1105
   327  2871  6416  558560.00  2300980.00  20.807811  105.562739   -8.0753  -16.7697
   331  3891  6425  568760.00  2300890.00  20.806649  105.660748  -10.1282  -15.4759
   340  5919  6506  589040.00  2300080.00  20.798469  105.855573   -7.2388  -12.8383
   341  3852  6518  568370.00  2299960.00  20.798260  105.656965  -14.2642  -15.0248
   343  5001  6524  579860.00  2299900.00  20.797260  105.767362  -12.6219  -14.7774
   344  3849  6539  568340.00  2299750.00  20.796364  105.656668   -9.1762  -18.9947
   345  3780  6539  567650.00  2299750.00  20.796389  105.650038  -11.2505  -33.0619
   346  3780  6602  567650.00  2299120.00  20.790697  105.650014  -16.4278  -23.7319
   347  3795  6638  567800.00  2298760.00  20.787439  105.651441  -11.6296  -14.9318
   348  3798  6686  567830.00  2298280.00  20.783101  105.651711  -12.3302  -15.7635
   349  3795  6833  567800.00  2296810.00  20.769820  105.651366   -8.1003  -16.0609
   352  3987  7121  569720.00  2293930.00  20.743727  105.669696  -12.2527  -17.4996
   354  4113  7166  570980.00  2293480.00  20.739614  105.681780  -12.0374  -19.4124
   355  3984  7193  569690.00  2293210.00  20.737223  105.669379   -8.4930  -16.0900
   356  4122  7211  571070.00  2293030.00  20.735545  105.682626  -18.1589  -17.1434
   357  3999  7214  569840.00  2293000.00  20.735320  105.670811   -0.9814   -6.7980
   358  4056  7214  570410.00  2293000.00  20.735299  105.676286  -15.6944  -16.9711
   359  3978  7220  569630.00  2292940.00  20.734786  105.668792  -14.1829  -17.1703
   361  4143  7250  571280.00  2292640.00  20.732013  105.684627  -17.4312  -23.9057
   362  4077  7253  570620.00  2292610.00  20.731767  105.678287   -5.5334  -19.6816
   363  4068  7256  570530.00  2292580.00  20.731499  105.677422  -20.2966  -25.0138
   364  4062  7259  570470.00  2292550.00  20.731231  105.676844  -15.4584  -24.9406
   365  4182  7280  571670.00  2292340.00  20.729287  105.688361  -12.2871  -15.8764
   366  4095  7283  570800.00  2292310.00  20.729050  105.680004  -17.2136  -18.6806
   367  4104  7286  570890.00  2292280.00  20.728775  105.680867  -12.0318  -16.2303
   369  4122  7310  571070.00  2292040.00  20.726600  105.682586   -5.2662   -9.2246
   370  4116  7313  571010.00  2292010.00  20.726331  105.682009  -10.7024  -13.6591
   371  4164  7319  571490.00  2291950.00  20.725771  105.686616  -17.5948  -19.0423
   372  4122  7355  571070.00  2291590.00  20.722534  105.682568  -17.3222  -22.6290
   373  4296  7379  572810.00  2291350.00  20.720298  105.699268   -4.1670  -11.1385
   374  4275  7547  572600.00  2289670.00  20.705127  105.697182  -14.4881  -26.0788
   375  7344  7595  603290.00  2289190.00  20.699346  105.991843  -10.0802  -17.1454
   376  7176  7634  601610.00  2288800.00  20.695914  105.975690  -12.2218  -19.6682
   377  7284  7733  602690.00  2287810.00  20.686911  105.986002  -15.4294  -20.5399
   378  4341  8081  573260.00  2284330.00  20.656853  105.703297   -3.9982   -7.9446
   379  4365  8102  573500.00  2284120.00  20.654946  105.705592  -16.9123  -18.1621
   380  4239  8108  572240.00  2284060.00  20.654453  105.693495   -4.4811   -8.8891
   381  4656  8189  576410.00  2283250.00  20.646969  105.733489  -13.4508  -18.6015
   382  4644  8201  576290.00  2283130.00  20.645890  105.732332  -18.7250  -26.9550
   384  4254  8447  572390.00  2280670.00  20.623817  105.694796  -13.6936  -26.3940
   385  4491  8570  574760.00  2279440.00  20.612611  105.717489  -11.9815  -13.0994
   386  4962  8651  579470.00  2278630.00  20.605099  105.762653   -7.6332  -16.1143
   387  4842  8702  578270.00  2278120.00  20.600541  105.751115   -8.2573  -12.9132
   388  5235  8753  582200.00  2277610.00  20.595765  105.788803  -16.4067  -24.3643
   389  5277  8813  582620.00  2277010.00  20.590326  105.792805  -15.4019  -18.8910
   390  5295  8822  582800.00  2276920.00  20.589505  105.794528  -13.0209  -15.5028
   391  5115  8825  581000.00  2276890.00  20.589312  105.777255   -8.5935  -16.4055
   392  5187  8834  581720.00  2276800.00  20.588468  105.784160  -15.0592  -20.5869
   393  5310  8870  582950.00  2276440.00  20.585161  105.795945   -8.4102  -16.0354
   394  5313  8882  582980.00  2276320.00  20.584076  105.796227  -10.3433  -11.7690
