; ENVI Output of ROIs (5.2) [Tue Nov 26 16:42:01 2019]
; Number of ROIs: 1
; File Dimension: 7647 x 9116
;
; ROI name: EVF: Layer: grass.shp
; ROI rgb value: {160, 32, 240}
; ROI npts: 390
;   ID     X     Y      Map X       Map Y        Lat         Lon        B1        B2
     1  5334   482  583190.00  2360320.00  21.342990  105.802280  -10.4962  -14.9067
     2  5613   620  585980.00  2358940.00  21.330392  105.829114   -6.7938  -14.0742
     3  4989   731  579740.00  2357830.00  21.320649  105.768893   -2.8206   -9.2578
     4  5967   794  589520.00  2357200.00  21.314500  105.863156   -8.2325  -15.8301
     5  5370   896  583550.00  2356180.00  21.305571  105.805547   -9.7936  -16.0063
     6  5556   905  585410.00  2356090.00  21.304671  105.823474   -9.7280  -17.2132
     7  4986   905  579710.00  2356090.00  21.304931  105.768522  -13.9442  -18.2175
     8  5721   929  587060.00  2355850.00  21.302424  105.839369  -13.7083  -18.0739
     9  5121   971  581060.00  2355430.00  21.298908  105.781506   -7.9502  -18.1073
    10  4908  1013  578930.00  2355010.00  21.295208  105.760952  -14.2266  -19.9387
    11  5367  1013  583520.00  2355010.00  21.295002  105.805200   -6.6618  -14.9266
    12  4929  1016  579140.00  2354980.00  21.294927  105.762975  -12.8574  -19.0166
    13  5364  1019  583490.00  2354950.00  21.294461  105.804908   -9.2249  -14.9876
    14  4896  1028  578810.00  2354860.00  21.293858  105.759788  -19.4848  -18.5451
    15  5199  1076  581840.00  2354380.00  21.289387  105.788974  -11.0092  -14.9455
    16  5076  1088  580610.00  2354260.00  21.288358  105.777112   -6.3997  -15.9295
    17  5643  1154  586280.00  2353600.00  21.282134  105.831735  -12.3808  -17.8813
    18  5628  1172  586130.00  2353420.00  21.280515  105.830280   -8.6174  -13.9455
    19  5904  1190  588890.00  2353240.00  21.278755  105.856874   -9.0339  -17.0473
    20  5886  1211  588710.00  2353030.00  21.276867  105.855128   -8.4671  -12.6303
    21  5400  1295  583850.00  2352190.00  21.269509  105.808242   -9.6406  -11.7416
    22  5355  1316  583400.00  2351980.00  21.267633  105.803895   -7.9782   -8.7479
    23  5817  1331  588020.00  2351830.00  21.266059  105.848415  -11.6190  -15.4262
    24  5529  1631  585140.00  2348830.00  21.239094  105.820508  -19.5136  -28.8056
    25  5448  1661  584330.00  2348530.00  21.236421  105.812687   -8.9748  -16.6641
    27   828  1745  538130.00  2347690.00  21.230389  105.367451   -9.3334  -11.3505
    28  5079  1760  580640.00  2347540.00  21.227644  105.777082   -9.1067  -18.5050
    30  6390  1811  593750.00  2347030.00  21.222408  105.903377  -13.4962  -15.0309
    32  5478  1841  584630.00  2346730.00  21.220145  105.815489  -12.3675  -15.0093
    33  4227  1928  572120.00  2345860.00  21.212824  105.694914   -9.0508  -19.1262
    34  6093  1982  590780.00  2345320.00  21.207110  105.874670  -13.4019  -17.5683
    35  1050  2078  540350.00  2344360.00  21.200253  105.388765   -6.1435  -13.1736
    36  4632  2096  576170.00  2344180.00  21.197481  105.733860  -12.4646  -17.1962
    37   921  2108  539060.00  2344060.00  21.197571  105.376330  -11.7699  -17.3938
    38  5178  2177  581630.00  2343370.00  21.189926  105.786422  -10.8658  -15.2207
    39   258  2177  532430.00  2343370.00  21.191467  105.312440  -10.9034  -17.5238
    40  4926  2339  579110.00  2341750.00  21.175401  105.762071   -7.9869  -13.5050
    41  4998  2348  579830.00  2341660.00  21.174556  105.769002  -14.0577  -18.1752
    42  3822  2366  568070.00  2341480.00  21.173407  105.655717  -14.0092  -18.9805
    43  4998  2375  579830.00  2341390.00  21.172117  105.768990   -9.7501  -13.4900
    44  3597  2393  565820.00  2341210.00  21.171051  105.634034  -10.1539  -17.9485
    45   978  2405  539630.00  2341090.00  21.170724  105.381752   -9.6553  -14.4924
    46  5673  2411  586580.00  2341030.00  21.168557  105.833988   -7.3749  -12.7567
    47  5001  2438  579860.00  2340760.00  21.166424  105.769249  -13.4513  -18.7386
    48  1059  2459  540440.00  2340550.00  21.165827  105.389542    1.6175  -15.2697
    49  3687  2459  566720.00  2340550.00  21.165055  105.642677  -12.2155  -18.3865
    50  5784  2465  587690.00  2340490.00  21.163625  105.844652   -6.5784  -14.4508
    51  4386  2537  573710.00  2339770.00  21.157739  105.709971  -10.1382  -13.3687
    54  2718  2567  557030.00  2339470.00  21.155626  105.549306  -10.5623  -16.9400
    55  2031  2606  550160.00  2339080.00  21.152304  105.483126   -8.6632  -16.3087
    56   828  2615  538130.00  2338990.00  21.151782  105.367256   -9.4573  -15.6490
    57   333  2639  533180.00  2338750.00  21.149710  105.319576  -15.1069  -20.2886
    58   456  2648  534410.00  2338660.00  21.148874  105.331420   -8.2178  -11.2742
    59   474  2666  534590.00  2338480.00  21.147244  105.333150  -11.7027  -15.7904
    60  1005  2678  539900.00  2338360.00  21.146052  105.384290  -16.7422  -17.3799
    61   468  2681  534530.00  2338330.00  21.145890  105.332569   -8.1024  -14.7711
    62  4062  2711  570470.00  2338030.00  21.142146  105.678693  -10.5106  -13.3604
    63  4026  2726  570110.00  2337880.00  21.140805  105.675220  -11.2869  -16.5531
    64  2949  2750  559340.00  2337640.00  21.139018  105.571492   -9.7098  -19.2293
    65  4869  2753  578540.00  2337610.00  21.138022  105.756391  -15.2123  -16.9869
    66  6006  2768  589910.00  2337460.00  21.136142  105.865874  -10.5078  -16.1304
    67  4293  2783  572780.00  2337310.00  21.135550  105.700909  -16.7395  -23.4030
    68  1260  2792  542450.00  2337220.00  21.135694  105.408821   -8.9449   -7.2240
    69  4299  2792  572840.00  2337220.00  21.134735  105.701483  -13.3082  -21.7441
    70  1131  2795  541160.00  2337190.00  21.135453  105.396397   -8.3011  -14.0229
    71  1092  2798  540770.00  2337160.00  21.135190  105.392640  -14.8017  -20.4649
    72  4644  2801  576290.00  2337130.00  21.133781  105.734702  -10.0872  -23.2337
    73  1365  2807  543500.00  2337070.00  21.134314  105.418929  -11.8725  -16.6735
    74  1371  2813  543560.00  2337010.00  21.133771  105.419505   -7.6074  -20.3107
    75  1239  2822  542240.00  2336920.00  21.132988  105.406791  -11.4370  -16.3671
    76   990  2852  539750.00  2336620.00  21.130334  105.382805   -7.9328  -18.3079
    77   990  2858  539750.00  2336560.00  21.129792  105.382803   -8.4667  -17.5325
    78  4725  2861  577100.00  2336530.00  21.128326  105.742475  -11.1099  -16.7991
    79  4803  2864  577880.00  2336500.00  21.128022  105.749985   -5.7552  -21.5625
    80   366  2870  533510.00  2336440.00  21.128832  105.322709  -13.3677  -20.4891
    81  4329  2876  573140.00  2336380.00  21.127134  105.704336   -8.6843  -16.1875
    82  1083  2882  540680.00  2336320.00  21.127603  105.391753  -10.1697  -18.6681
    83   429  2888  534140.00  2336260.00  21.127194  105.328772  -11.4028  -18.1835
    84  2061  2894  550460.00  2336200.00  21.126274  105.485930  -10.2055  -19.4980
    85  6123  2915  591080.00  2335990.00  21.122804  105.877063  -10.1994  -16.5804
    86  3369  2921  563540.00  2335930.00  21.123427  105.611876  -11.6760  -17.4351
    87  1944  2921  549290.00  2335930.00  21.123867  105.474656   -7.9485  -13.5880
    88   417  2945  534020.00  2335690.00  21.122046  105.327605   -7.5411  -12.8466
    89   438  2954  534230.00  2335600.00  21.121229  105.329626  -10.7820  -19.7706
    90   423  2960  534080.00  2335540.00  21.120690  105.328180  -11.6334  -14.0811
    91  6468  2960  594530.00  2335540.00  21.118563  105.910257  -12.1060  -14.7259
    92   414  2963  533990.00  2335510.00  21.120421  105.327313   -7.9420  -16.7753
    93  4692  2972  576770.00  2335420.00  21.118311  105.739248  -11.1955  -17.5793
    94  4107  3005  570920.00  2335090.00  21.115566  105.682905  -14.6928  -16.7880
    95   354  3011  533390.00  2335030.00  21.116095  105.321526   -7.4320  -11.0946
    96  2082  3014  550670.00  2335000.00  21.115426  105.487917   -8.8218  -18.2883
    97  3627  3023  566120.00  2334910.00  21.114120  105.636680   -9.8283  -15.7583
    98  5388  3044  583730.00  2334700.00  21.111501  105.806228  -11.8554  -18.9293
    99  5772  3065  587570.00  2334490.00  21.109424  105.843189  -11.9786  -19.0890
   100  4719  3068  577040.00  2334460.00  21.109626  105.741804  -10.8009  -10.6437
   101  1485  3074  544700.00  2334400.00  21.110161  105.430416  -10.8155  -15.2424
   102  2334  3074  553190.00  2334400.00  21.109934  105.512163   -9.3266  -13.4198
   103  1962  3101  549470.00  2334130.00  21.107599  105.476337  -12.0916  -17.4648
   104   747  3140  537320.00  2333740.00  21.104363  105.359341   -8.8217  -14.6614
   105   912  3149  538970.00  2333650.00  21.103516  105.375226   -5.4564  -16.3133
   106  1950  3161  549350.00  2333530.00  21.102181  105.475164   -7.5886  -16.2923
   107   588  3164  535730.00  2333500.00  21.102226  105.344026   -9.0774  -14.4492
   108   900  3164  538850.00  2333500.00  21.102163  105.374067  -12.8559  -16.8329
   109   588  3170  535730.00  2333440.00  21.101684  105.344025  -11.3334  -18.2377
   110  1050  3173  540350.00  2333410.00  21.101317  105.388507  -12.5592  -18.4950
   111   915  3176  539000.00  2333380.00  21.101075  105.375508  -18.9210  -20.0127
   112  1917  3182  549020.00  2333320.00  21.100292  105.471981  -11.4910  -15.6178
   113  2037  3212  550220.00  2333020.00  21.097549  105.483526  -10.6447  -14.0254
   114  1125  3221  541100.00  2332930.00  21.096963  105.395717  -12.3879  -17.8324
   115  2043  3233  550280.00  2332810.00  21.095650  105.484097  -10.7517  -18.5960
   116  4266  3236  572510.00  2332780.00  21.094633  105.698117  -13.2897  -14.5735
   117  4128  3248  571130.00  2332660.00  21.093603  105.684826  -11.6871  -14.9402
   118  2067  3254  550520.00  2332600.00  21.093746  105.486402   -8.9355  -18.5623
   119  5229  3269  582140.00  2332450.00  21.091245  105.790812   -8.6391  -17.2106
   120  1017  3269  540020.00  2332450.00  21.092650  105.385307  -11.1386  -19.4798
   121   504  3269  534890.00  2332450.00  21.092755  105.335917   -6.6896  -12.4222
   122  5118  3290  581030.00  2332240.00  21.089397  105.780116  -10.5236  -18.6395
   123  1695  3296  546800.00  2332180.00  21.090050  105.450576   -9.2524  -18.1544
   124  1650  3314  546350.00  2332000.00  21.088435  105.446238  -12.1310  -14.3593
   125  3693  3317  566780.00  2331970.00  21.087533  105.642921  -11.8972  -15.4744
   126  4257  3323  572420.00  2331910.00  21.086776  105.697214  -11.0431  -25.3490
   127  4128  3326  571130.00  2331880.00  21.086556  105.684794  -11.0051  -18.2068
   128  1080  3359  540650.00  2331550.00  21.084505  105.391352  -11.5254  -16.9975
   129  1398  3368  543830.00  2331460.00  21.083618  105.421964   -8.0706  -14.6113
   130   552  3371  535370.00  2331430.00  21.083530  105.340517  -10.7013  -17.3900
   131  5283  3371  582680.00  2331430.00  21.082005  105.795961  -13.9135  -16.6132
   132  4137  3374  571220.00  2331400.00  21.082216  105.685641  -13.3885  -21.2858
   133   555  3389  535400.00  2331250.00  21.081903  105.340803   -8.1836  -17.0317
   134   369  3392  533540.00  2331220.00  21.081667  105.322896  -13.0687  -13.9060
   135  4275  3404  572600.00  2331100.00  21.079451  105.698913   -8.5212  -16.2917
   136  3606  3410  565910.00  2331040.00  21.079162  105.634510  -12.7295  -19.2030
   137  5388  3413  583730.00  2331010.00  21.078163  105.806048  -11.4824  -17.1761
   138  5709  3431  586940.00  2330830.00  21.076387  105.836938  -12.0077  -14.6258
   139   351  3431  533360.00  2330830.00  21.078147  105.321155   -7.3867  -12.7646
   140   459  3431  534440.00  2330830.00  21.078127  105.331552  -10.7550  -16.4317
   141  5706  3434  586910.00  2330800.00  21.076117  105.836648   -9.3562  -15.8499
   142  5511  3449  584960.00  2330650.00  21.074854  105.817870  -16.7830  -21.8252
   143   525  3455  535100.00  2330590.00  21.075946  105.337901   -4.5398  -17.2685
   144  5391  3461  583760.00  2330530.00  21.073825  105.806314   -7.9818  -12.9244
   145   507  3461  534920.00  2330530.00  21.075407  105.336167   -9.5632  -14.5216
   147  1638  3491  546230.00  2330230.00  21.072446  105.445035  -12.5033  -12.1611
   148  4473  3503  574580.00  2330110.00  21.070427  105.717930   -4.0097  -12.6559
   149  4962  3509  579470.00  2330050.00  21.069679  105.764997  -12.1605  -16.7656
   150  1983  3509  549680.00  2330050.00  21.070729  105.478241   -8.4624  -14.5375
   151   549  3509  535340.00  2330050.00  21.071062  105.340200   -5.7899  -13.0373
   152  4269  3521  572540.00  2329930.00  21.068883  105.698286  -12.0097  -14.4267
   153  5712  3533  586970.00  2329810.00  21.067170  105.837176  -12.2428  -17.0617
   154  2529  3536  555140.00  2329780.00  21.068133  105.530791   -4.3956  -13.9754
   155  6426  3551  594110.00  2329630.00  21.065191  105.905889  -12.8648  -14.3507
   156   624  3569  536090.00  2329450.00  21.065626  105.347407  -11.0007  -13.7860
   157  6063  3614  590480.00  2329000.00  21.059682  105.870918   -7.8363  -15.1334
   158  6828  3626  598130.00  2328880.00  21.058205  105.944539  -10.4995  -19.6058
   159  1917  3638  549020.00  2328760.00  21.059091  105.471851  -20.2887  -23.7984
   160  5052  3653  580370.00  2328610.00  21.056630  105.773592  -10.0501  -15.3123
   161  5766  3662  587510.00  2328520.00  21.055490  105.842308   -6.0372  -10.8460
   162  4551  3692  575360.00  2328220.00  21.053319  105.725355  -10.4277  -15.8433
   163  4788  3698  577730.00  2328160.00  21.052678  105.748163  -10.8795  -14.8170
   164  2346  3719  553310.00  2327950.00  21.051653  105.513119  -12.0259  -17.6214
   165  1812  3722  547970.00  2327920.00  21.051530  105.461721   -9.9334  -17.2388
   166  6765  3725  597500.00  2327890.00  21.049294  105.938419   -8.3731  -16.9716
   167   492  3740  534770.00  2327740.00  21.050201  105.334667   -5.5017   -9.8925
   168  1788  3746  547730.00  2327680.00  21.049367  105.459404  -18.4239  -24.9985
   169  1449  3752  544340.00  2327620.00  21.048910  105.426774   -9.6740  -18.1266
   170  1461  3752  544460.00  2327620.00  21.048907  105.427929  -15.3021  -15.8697
   171   480  3767  534650.00  2327470.00  21.047764  105.333506   -7.6669  -16.4440
   172  1704  3770  546890.00  2327440.00  21.047221  105.451313  -11.3083  -12.9554
   173  1422  3773  544070.00  2327410.00  21.047019  105.424170  -13.0609  -20.3933
   174  4653  3773  576380.00  2327410.00  21.045959  105.735136   -9.6654  -19.6510
   175  1245  3776  542300.00  2327380.00  21.046790  105.407134   -9.9987  -15.0163
   176  1359  3827  543440.00  2326870.00  21.042155  105.418093  -11.1928  -12.8688
   177  1821  3830  548060.00  2326840.00  21.041769  105.462557   -9.4790  -16.6345
   178  2301  3839  552860.00  2326750.00  21.040824  105.508751  -10.6446  -16.2453
   179   543  3839  535280.00  2326750.00  21.041246  105.339555   -5.8672  -13.8339
   180  1722  3845  547070.00  2326690.00  21.040439  105.453025  -13.5572  -16.1251
   181  2550  3851  555350.00  2326630.00  21.039666  105.532711  -11.5121  -19.4014
   182   450  3857  534350.00  2326570.00  21.039637  105.330601  -11.8740  -17.5915
   183  1983  3860  549680.00  2326540.00  21.039015  105.478140  -14.8782  -19.9235
   184  6216  3860  592010.00  2326540.00  21.037381  105.885512  -11.0577  -22.3984
   185  2127  3869  551120.00  2326450.00  21.038163  105.491996  -13.5628  -16.6962
   186   318  3890  533030.00  2326240.00  21.036680  105.317890  -15.9438  -18.9940
   187  6285  3893  592700.00  2326210.00  21.034365  105.892134  -17.7880  -23.9201
   188  6075  3899  590600.00  2326150.00  21.033928  105.871923   -9.6251  -14.8483
   189  1263  3899  542480.00  2326150.00  21.035672  105.408836  -12.7827  -13.6168
   190  2163  3908  551480.00  2326060.00  21.034629  105.495449   -8.4462  -16.6326
   191  6207  3914  591920.00  2326000.00  21.032507  105.884617  -22.0564  -22.8060
   192  2247  3917  552320.00  2325970.00  21.033792  105.503530   -1.9380  -20.0362
   193   318  3926  533030.00  2325880.00  21.033427  105.317883  -10.2805  -15.7055
   194   414  3932  533990.00  2325820.00  21.032867  105.327121   -7.5741  -14.0057
   195  6336  3935  593210.00  2325790.00  21.030545  105.897019  -15.5797  -18.9242
   196   471  3938  534560.00  2325760.00  21.032315  105.332606   -7.9996  -12.4956
   197  2547  3938  555320.00  2325760.00  21.031807  105.532395  -11.3921  -15.0061
   198  1644  3965  546290.00  2325490.00  21.029617  105.445486  -13.1728  -15.5044
   199  4086  3977  570710.00  2325370.00  21.027755  105.680483   -6.7852  -18.0127
   200  1569  3992  545540.00  2325220.00  21.027196  105.438261  -13.5137  -16.0243
   201  1293  3998  542780.00  2325160.00  21.026720  105.411699   -7.4931  -13.7059
   202  1713  3998  546980.00  2325160.00  21.026618  105.452117   -8.2540  -12.7653
   203  2265  4001  552500.00  2325130.00  21.026197  105.505237  -14.8908  -19.6429
   204  2076  4004  550610.00  2325100.00  21.025979  105.487048   -7.9657  -15.8595
   205  2145  4004  551300.00  2325100.00  21.025960  105.493688  -13.1821  -16.3040
   206  1446  4007  544310.00  2325070.00  21.025871  105.426420   -9.0587  -18.2446
   207  2100  4007  550850.00  2325070.00  21.025701  105.489357  -12.7570  -16.7195
   208  1614  4010  545990.00  2325040.00  21.025558  105.442587   -9.1937  -16.8556
   209  2079  4019  550640.00  2324950.00  21.024623  105.487332  -11.2380  -16.7282
   210  1413  4019  543980.00  2324950.00  21.024795  105.423241  -10.8985  -17.1680
   211  3495  4019  564800.00  2324950.00  21.024178  105.623595   -9.0770  -15.2627
   212  1392  4019  543770.00  2324950.00  21.024800  105.421220   -7.9288  -16.7533
   213  4890  4022  578750.00  2324920.00  21.023362  105.757832   -8.3066  -12.4084
   214  1680  4034  546650.00  2324800.00  21.023373  105.448931  -14.2773  -15.2467
   215  1068  4037  540530.00  2324770.00  21.023248  105.390037  -12.5065  -18.5437
   217  4365  4058  573500.00  2324560.00  21.020327  105.707297  -13.3418  -19.5738
   218  2511  4073  554960.00  2324410.00  21.019620  105.528887  -12.8911  -20.5437
   219  1683  4079  546680.00  2324350.00  21.019307  105.449208  -10.0890  -12.9308
   220  2466  4085  554510.00  2324290.00  21.018549  105.524553  -10.7853  -13.0521
   221   699  4100  536840.00  2324140.00  21.017633  105.354513   -8.9540  -12.0031
   222  1701  4109  546860.00  2324050.00  21.016591  105.450932   -7.7832  -13.6831
   223  5355  4109  583400.00  2324050.00  21.015296  105.802535  -10.7174  -13.4371
   224  4920  4112  579050.00  2324020.00  21.015218  105.760677   -9.2567  -15.6138
   225  2646  4115  556310.00  2323990.00  21.015784  105.541864  -13.6885  -20.2095
   226  2385  4124  553700.00  2323900.00  21.015049  105.516746  -13.0933  -16.4707
   227  4815  4130  578000.00  2323840.00  21.013636  105.750566   -8.2690  -13.8897
   228  2637  4148  556220.00  2323660.00  21.012805  105.540987  -11.9831  -25.1086
   229  3561  4154  565460.00  2323600.00  21.011957  105.629895   -8.1477  -15.2603
   230  4875  4172  578600.00  2323420.00  21.009816  105.756320   -8.5485  -19.8293
   231  4848  4172  578330.00  2323420.00  21.009827  105.753722   -9.7976  -14.8002
   232  4650  4181  576350.00  2323330.00  21.009098  105.734667  -12.3506  -15.5005
   233  6603  4190  595880.00  2323240.00  21.007370  105.922570    0.5502  -10.7825
   234  2346  4199  553310.00  2323150.00  21.008284  105.512970   -6.9396  -18.4143
   235  3408  4205  563930.00  2323090.00  21.007403  105.615154  -13.7300  -17.2941
   236  4923  4223  579080.00  2322910.00  21.005188  105.760915   -6.4691  -16.3902
   237  2475  4229  554600.00  2322850.00  21.005535  105.525373   -9.6625  -20.6498
   238  2181  4238  551660.00  2322760.00  21.004807  105.497082   -6.1312  -16.5282
   239  3660  4256  566450.00  2322580.00  21.002706  105.639382   -9.8557  -15.4065
   240  2346  4262  553310.00  2322520.00  21.002592  105.512951  -10.5240  -12.9820
   241  2100  4274  550850.00  2322400.00  21.001577  105.489278  -12.7801  -14.7203
   242  2385  4277  553700.00  2322370.00  21.001225  105.516699  -11.7302  -20.8546
   243  5652  4322  586370.00  2321920.00  20.995915  105.831005  -10.2614  -13.6126
   244  5595  4385  585800.00  2321290.00  20.990250  105.825490   -6.4237  -14.5584
   245  4788  4394  577730.00  2321200.00  20.989796  105.747849  -13.6128  -16.7854
   246  2718  4457  557030.00  2320570.00  20.984861  105.548679  -11.6885  -15.2365
   247  2742  4502  557270.00  2320120.00  20.980788  105.550973   -9.7497  -14.8262
   248  5598  4580  585830.00  2319340.00  20.972631  105.825682   -2.9723  -11.0401
   249  2475  4598  554600.00  2319160.00  20.972195  105.525257   -9.8051  -14.7928
   250  5490  4607  584750.00  2319070.00  20.970242  105.815280   -9.2685  -12.7230
   251  6108  4622  590930.00  2318920.00  20.968592  105.874717   -9.3072  -17.0418
   252  4827  4634  578120.00  2318800.00  20.968095  105.751493   -7.0950  -17.7309
   253  4857  4646  578420.00  2318680.00  20.966998  105.754373  -15.0851  -17.8940
   254  4860  4667  578450.00  2318470.00  20.965100  105.754652  -18.0842  -24.5970
   255  3075  4676  560600.00  2318380.00  20.964960  105.582948   -6.1017  -15.5598
   256  2646  4685  556310.00  2318290.00  20.964283  105.541678  -10.6741  -14.1238
   257  4809  4703  577940.00  2318110.00  20.961869  105.749730   -6.3480  -10.1889
   258  4701  4757  576860.00  2317570.00  20.957035  105.739318   -8.4487  -12.1879
   259  4755  4787  577400.00  2317270.00  20.954302  105.744498    1.9416   -8.6598
   260  5127  4817  581120.00  2316970.00  20.951432  105.780264   -9.9871  -14.5081
   261  3678  4838  566630.00  2316760.00  20.950115  105.640889   -2.5527  -14.4989
   262  2904  4841  558890.00  2316730.00  20.950107  105.566443  -12.4198  -15.6012
   263  5217  4853  582020.00  2316610.00  20.948139  105.788903   -9.1167  -13.7697
   264  2424  4919  554090.00  2315950.00  20.943207  105.520250   -6.0933  -10.0859
   265  3426  4922  564110.00  2315920.00  20.942615  105.616620  -14.6275  -21.2979
   266  3570  4925  565550.00  2315890.00  20.942293  105.630469  -13.2422  -15.9079
   267  2880  4952  558650.00  2315620.00  20.940086  105.564097  -11.1418  -16.6077
   268  5031  4955  580160.00  2315590.00  20.939006  105.770967   -7.7073  -16.4919
   269  2781  4967  557660.00  2315470.00  20.938762  105.554570   -3.4445  -17.4913
   270  2829  4985  558140.00  2315290.00  20.937120  105.559181   -6.4220  -16.6635
   271  2316  5000  553010.00  2315140.00  20.935920  105.509838   -9.6754  -19.3610
   272  2331  5012  553160.00  2315020.00  20.934831  105.511277   -8.1944  -15.4159
   273  2796  5036  557810.00  2314780.00  20.932523  105.555990  -18.0066  -17.8180
   274  2475  5036  554600.00  2314780.00  20.932621  105.525119   -6.6589  -15.1533
   275  2574  5060  555590.00  2314540.00  20.930423  105.534632   -1.2699   -9.0465
   276  2739  5075  557240.00  2314390.00  20.929017  105.550495  -11.8367  -15.3358
   277  2721  5093  557060.00  2314210.00  20.927396  105.548758   -9.3859  -14.6874
   278  6069  5120  590540.00  2313940.00  20.923618  105.870706  -10.7687  -16.3091
   279  5304  5147  582890.00  2313670.00  20.921538  105.797130   -9.7780  -17.4280
   280  3507  5297  564920.00  2312170.00  20.908705  105.624270  -13.8427  -30.1394
   281  2961  5507  559460.00  2310070.00  20.889914  105.571697  -12.5410  -16.4873
   282  5718  5606  587030.00  2309080.00  20.879878  105.836710  -12.7142  -17.0373
   283  6291  5681  592760.00  2308330.00  20.872824  105.891754   -8.3401  -13.8804
   284  6288  5696  592730.00  2308180.00  20.871470  105.891457   -9.2104  -15.3505
   285  3930  5756  569150.00  2307580.00  20.867080  105.664761  -15.2208  -12.4585
   286  3189  5792  561740.00  2307220.00  20.864089  105.593517   -3.1603   -6.9490
   287  3186  5795  561710.00  2307190.00  20.863819  105.593227  -13.3438  -19.5799
   288  3261  5849  562460.00  2306650.00  20.858915  105.600418  -13.6382  -21.0668
   289  3318  5984  563030.00  2305300.00  20.846698  105.605848  -19.2335  -29.6836
   290  6354  6038  593390.00  2304760.00  20.840538  105.897618   -9.1802  -16.7729
   291  3390  6038  563750.00  2304760.00  20.841794  105.612748  -16.3923  -21.5242
   292  3432  6059  564170.00  2304550.00  20.839882  105.616778   -9.8716  -16.2259
   293  3528  6062  565130.00  2304520.00  20.839578  105.626003   -6.7526  -16.9817
   294  3396  6068  563810.00  2304460.00  20.839081  105.613314  -12.0327  -16.9163
   295  3417  6074  564020.00  2304400.00  20.838532  105.615330   -9.7109  -22.1293
   296  3393  6080  563780.00  2304340.00  20.837998  105.613021   -8.7847  -15.5421
   297  3570  6101  565550.00  2304130.00  20.836039  105.630025   -7.7677  -19.8893
   298  3498  6101  564830.00  2304130.00  20.836064  105.623105  -11.7857  -15.3841
   299  3498  6122  564830.00  2303920.00  20.834167  105.623097   -9.4100  -11.3779
   300  4890  6167  578750.00  2303470.00  20.829562  105.756858   -9.1834  -19.1854
   301  5508  6179  584930.00  2303350.00  20.828206  105.816243  -10.8804  -19.7068
   303  3753  6194  567380.00  2303200.00  20.827571  105.647577   -7.8360  -18.3742
   304  3759  6197  567440.00  2303170.00  20.827297  105.648153  -11.1920  -19.9301
   306  6285  6239  592700.00  2302750.00  20.822413  105.890880   -6.4012  -13.5747
   307  3813  6257  567980.00  2302570.00  20.821857  105.653319   -9.8169  -14.5661
   308  3801  6275  567860.00  2302390.00  20.820235  105.652159  -10.6735  -15.3660
   310  3798  6278  567830.00  2302360.00  20.819965  105.651869  -12.1698  -17.9741
   311  3828  6284  568130.00  2302300.00  20.819412  105.654750  -11.5659  -18.2856
   314  3837  6302  568220.00  2302120.00  20.817782  105.655608  -11.9488  -19.1572
   315  3024  6350  560090.00  2301640.00  20.813726  105.577463   -8.7164  -14.3736
   316  2958  6356  559430.00  2301580.00  20.813205  105.571119   -5.5060   -9.4995
   318  3615  6395  566000.00  2301190.00  20.809459  105.634239   -7.8753  -14.4383
   320  2967  6404  559520.00  2301100.00  20.808865  105.571968  -13.5030  -20.1639
   321  3822  6413  568070.00  2301010.00  20.807758  105.654123  -10.6846  -16.0770
   322  2871  6416  558560.00  2300980.00  20.807811  105.562739   -7.9527  -14.0177
   327  3891  6425  568760.00  2300890.00  20.806649  105.660748  -13.0076  -17.7982
   336  5919  6506  589040.00  2300080.00  20.798469  105.855573   -8.3552  -13.4869
   337  3852  6518  568370.00  2299960.00  20.798260  105.656965  -12.0689  -18.1282
   339  5001  6524  579860.00  2299900.00  20.797260  105.767362   -9.8164  -23.8895
   340  3849  6539  568340.00  2299750.00  20.796364  105.656668   -7.8184  -12.8021
   341  3780  6539  567650.00  2299750.00  20.796389  105.650038  -10.7016  -20.4071
   342  3780  6602  567650.00  2299120.00  20.790697  105.650014  -16.6928  -25.7018
   343  3795  6638  567800.00  2298760.00  20.787439  105.651441   -8.8081  -14.5376
   344  3798  6686  567830.00  2298280.00  20.783101  105.651711  -10.3613  -14.4931
   346  3795  6833  567800.00  2296810.00  20.769820  105.651366   -9.3104  -16.0044
   348  3987  7121  569720.00  2293930.00  20.743727  105.669696   -8.3529  -18.3980
   350  4113  7166  570980.00  2293480.00  20.739614  105.681780   -9.4802  -18.6957
   351  3984  7193  569690.00  2293210.00  20.737223  105.669379  -12.9096  -19.6425
   352  4122  7211  571070.00  2293030.00  20.735545  105.682626  -17.4246  -23.4182
   353  3999  7214  569840.00  2293000.00  20.735320  105.670811   -0.0733   -3.9552
   354  4056  7214  570410.00  2293000.00  20.735299  105.676286  -10.2521  -15.4623
   355  3978  7220  569630.00  2292940.00  20.734786  105.668792  -15.4857  -17.5007
   357  4143  7250  571280.00  2292640.00  20.732013  105.684627  -16.3888  -20.9266
   358  4077  7253  570620.00  2292610.00  20.731767  105.678287   -9.8571  -12.8570
   359  4068  7256  570530.00  2292580.00  20.731499  105.677422  -17.3399  -24.0026
   360  4062  7259  570470.00  2292550.00  20.731231  105.676844  -16.6564  -21.4743
   361  4182  7280  571670.00  2292340.00  20.729287  105.688361  -12.0445  -17.0657
   362  4095  7283  570800.00  2292310.00  20.729050  105.680004  -15.4754  -22.8160
   363  4104  7286  570890.00  2292280.00  20.728775  105.680867   -9.6345  -16.4561
   365  4122  7310  571070.00  2292040.00  20.726600  105.682586   -4.0911  -10.4555
   366  4116  7313  571010.00  2292010.00  20.726331  105.682009   -8.5885  -13.2555
   367  4164  7319  571490.00  2291950.00  20.725771  105.686616  -14.0601  -21.5361
   368  4122  7355  571070.00  2291590.00  20.722534  105.682568  -14.3116  -25.5382
   369  4296  7379  572810.00  2291350.00  20.720298  105.699268   -6.3260   -9.5684
   370  4275  7547  572600.00  2289670.00  20.705127  105.697182  -15.2026  -16.8682
   371  7344  7595  603290.00  2289190.00  20.699346  105.991843   -9.3959  -16.7125
   372  7176  7634  601610.00  2288800.00  20.695914  105.975690   -8.3178  -18.1178
   373  7284  7733  602690.00  2287810.00  20.686911  105.986002  -10.0928  -18.7773
   374  4341  8081  573260.00  2284330.00  20.656853  105.703297   -0.1727  -12.8606
   375  4365  8102  573500.00  2284120.00  20.654946  105.705592  -16.0746  -21.9861
   376  4239  8108  572240.00  2284060.00  20.654453  105.693495   -5.3147   -9.6339
   377  4656  8189  576410.00  2283250.00  20.646969  105.733489  -11.7534  -14.7208
   378  4644  8201  576290.00  2283130.00  20.645890  105.732332  -19.4500  -26.1299
   380  4254  8447  572390.00  2280670.00  20.623817  105.694796   -6.9894  -17.2567
   381  4491  8570  574760.00  2279440.00  20.612611  105.717489   -8.9094  -16.6057
   382  4962  8651  579470.00  2278630.00  20.605099  105.762653  -12.0454  -16.5953
   383  4842  8702  578270.00  2278120.00  20.600541  105.751115   -7.6046  -14.4480
   384  5235  8753  582200.00  2277610.00  20.595765  105.788803  -12.6398  -28.8076
   385  5277  8813  582620.00  2277010.00  20.590326  105.792805  -17.6842  -18.3247
   386  5295  8822  582800.00  2276920.00  20.589505  105.794528  -12.4424  -14.1652
   387  5115  8825  581000.00  2276890.00  20.589312  105.777255   -3.2137  -20.4998
   388  5187  8834  581720.00  2276800.00  20.588468  105.784160  -12.8788  -15.8639
   389  5310  8870  582950.00  2276440.00  20.585161  105.795945   -8.9950  -14.5976
   390  5313  8882  582980.00  2276320.00  20.584076  105.796227  -11.9072  -22.4943
