; ENVI Output of ROIs (5.2) [Wed Nov 27 02:27:34 2019]
; Number of ROIs: 1
; File Dimension: 7647 x 9116
;
; ROI name: EVF: Layer: bareland.shp
; ROI rgb value: {0, 0, 0}
; ROI npts: 57
;  ID     X     Y      Map X       Map Y        Lat         Lon        B1        B2
    1  5397   506  583820.00  2360080.00  21.340792  105.808343  -13.6420  -18.0739
    2  5703   578  586880.00  2359360.00  21.334143  105.837814   -2.9612  -20.0811
    3  5118   629  581030.00  2358850.00  21.329807  105.781380  -10.1247  -14.3293
    4  6009   665  589940.00  2358490.00  21.326134  105.867273  -13.1471  -20.2057
    5  4980   965  579650.00  2355490.00  21.299513  105.767915   -9.5028  -18.2162
    6  5745   995  587300.00  2355190.00  21.296450  105.841649  -12.7850  -15.5706
    7  5052  1016  580370.00  2354980.00  21.294873  105.774832  -13.7297  -23.5199
    8  6012  1022  589970.00  2354920.00  21.293880  105.867373   -7.7590  -18.1744
    9  5469  1403  584540.00  2351110.00  21.259720  105.814839  -14.0583  -16.4070
   10  6459  1442  594440.00  2350720.00  21.255709  105.910230   -7.6615  -17.2861
   11  4881  1775  578660.00  2347390.00  21.226376  105.757997  -13.3068  -18.6258
   12  1662  1952  546470.00  2345620.00  21.211492  105.447763  -18.4456  -23.3144
   13  1530  1970  545150.00  2345440.00  21.209899  105.435040   -6.8593  -21.4881
   14   588  2261  535730.00  2342530.00  21.183815  105.344215  -13.6378  -23.0774
   15  6282  2276  592670.00  2342380.00  21.180454  105.892719  -10.7077  -17.2446
   16   372  2309  533570.00  2342050.00  21.179520  105.323397  -11.1449  -18.2529
   17  3537  2327  565220.00  2341870.00  21.177035  105.628279  -13.8305  -12.8286
   18  3822  2552  568070.00  2339620.00  21.156603  105.655643  -10.8005  -19.2184
   19  3810  2669  567950.00  2338450.00  21.146036  105.654441  -17.9795  -25.2864
   20  3915  2726  569000.00  2337880.00  21.140847  105.664530   -8.8656  -14.8495
   21  1830  2756  548150.00  2337580.00  21.138805  105.463724   -9.7413  -19.2936
   22  1479  2804  544640.00  2337100.00  21.134558  105.429908   -8.1506  -15.3190
   23  6231  2954  592160.00  2335600.00  21.119226  105.887441   -6.4468  -11.0447
   24   783  2954  537680.00  2335600.00  21.121161  105.362848  -17.6704  -28.0249
   25  6054  3299  590390.00  2332150.00  21.088146  105.870217   -4.3031   -8.8385
   26  5139  3422  581240.00  2330920.00  21.077462  105.782075   -9.4798  -16.9167
   27  1995  3533  549800.00  2329810.00  21.068557  105.479389  -10.5280  -16.9732
   28  1548  3605  545330.00  2329090.00  21.062168  105.436342  -14.6087  -28.2483
   29  5238  3620  582230.00  2328940.00  21.059529  105.791510  -12.2816  -17.3053
   30  2502  3731  554870.00  2327830.00  21.050523  105.528130  -10.1677  -21.0656
   31  2250  3818  552350.00  2326960.00  21.042736  105.503849  -13.2194  -17.8886
   32  2169  3866  551540.00  2326480.00  21.038422  105.496039  -12.0897  -18.6186
   33  1641  3917  546260.00  2325970.00  21.033955  105.445210  -13.9481  -20.9120
   34  6885  4145  598700.00  2323690.00  21.011286  105.949727  -11.1150  -19.3677
   35  6879  4151  598640.00  2323630.00  21.010747  105.949147  -14.8821  -23.3812
   36  2745  4184  557300.00  2323300.00  21.009519  105.551368   -9.6839  -21.8558
   37  4863  4403  578480.00  2321110.00  20.988951  105.755060  -11.8741  -27.5756
   38  6381  4439  593660.00  2320750.00  20.984988  105.901076  -12.4667  -19.8984
   39  6414  4442  593990.00  2320720.00  20.984700  105.904249  -12.4430  -24.1993
   40  6411  4454  593960.00  2320600.00  20.983618  105.903954   -6.7375  -14.1524
   41  5619  4478  586040.00  2320360.00  20.981837  105.827753  -10.5904  -16.6018
   42  5460  4589  584450.00  2319250.00  20.971882  105.812403   -5.0390   -6.4086
   43  6120  4595  591050.00  2319190.00  20.971025  105.875886   -6.3156  -14.9435
   44  5403  4610  583880.00  2319040.00  20.970010  105.806910   -8.2835  -10.4028
   45  5040  4823  580250.00  2316910.00  20.950928  105.771894  -13.3561  -20.3230
   46  6204  4826  591890.00  2316880.00  20.950113  105.883843   -9.1481  -21.3872
   47  2892  4835  558770.00  2316790.00  20.950653  105.565291  -11.4000  -22.6619
   48  5091  5105  580760.00  2314090.00  20.925427  105.776667   -8.7064   -7.8302
   49  5091  5117  580760.00  2313970.00  20.924343  105.776662    3.2800  -14.2064
   50  3375  6089  563600.00  2304250.00  20.837191  105.611288  -11.1136  -18.8170
   51  3789  6203  567740.00  2303110.00  20.826744  105.651033  -12.4355  -18.6167
   54  4905  7103  578900.00  2294110.00  20.744988  105.757877   -9.7469  -25.4838
   55  6570  7499  595550.00  2290150.00  20.708431  105.917580   -8.2859  -17.0448

