; ENVI Output of ROIs (5.2) [Mon Dec 02 19:48:39 2019]
; Number of ROIs: 1
; File Dimension: 7647 x 9116
;
; ROI name: EVF: Layer: bareland.shp
; ROI rgb value: {255, 255, 255}
; ROI npts: 68
;  ID     X     Y      Map X       Map Y        Lat         Lon        B1        B2
    1  5523   500  585080.00  2360140.00  21.341275  105.820496  -10.3019  -16.3458
    2  5397   506  583820.00  2360080.00  21.340792  105.808343   -9.3073  -14.9333
    3  5583   548  585680.00  2359660.00  21.336911  105.826258   -8.1883  -15.8701
    4  5703   578  586880.00  2359360.00  21.334143  105.837814  -11.8279  -14.1438
    5  5112   629  580970.00  2358850.00  21.329810  105.780801   -3.0979   -8.9805
    6  6009   665  589940.00  2358490.00  21.326134  105.867273  -10.8937  -18.1250
    7  4980   965  579650.00  2355490.00  21.299513  105.767915   -9.5052  -15.1949
    8  5745   995  587300.00  2355190.00  21.296450  105.841649  -10.5957  -16.5216
    9  5052  1016  580370.00  2354980.00  21.294873  105.774832   -4.9630  -12.9118
   10  6012  1022  589970.00  2354920.00  21.293880  105.867373   -9.5720  -14.8470
   11  5469  1403  584540.00  2351110.00  21.259720  105.814839   -9.7841  -10.4722
   12  6459  1442  594440.00  2350720.00  21.255709  105.910230  -10.8678  -13.8052
   13  5340  1742  583250.00  2347720.00  21.229153  105.802240   -6.8837  -17.0958
   14  4881  1775  578660.00  2347390.00  21.226376  105.757997   -6.6637  -18.6177
   15  1662  1952  546470.00  2345620.00  21.211492  105.447763  -12.6797  -17.8757
   16  1530  1970  545150.00  2345440.00  21.209899  105.435040    5.2734  -10.1515
   17   588  2261  535730.00  2342530.00  21.183815  105.344215  -15.4106  -17.8587
   18  6282  2276  592670.00  2342380.00  21.180454  105.892719   -9.6480  -16.1428
   19   372  2309  533570.00  2342050.00  21.179520  105.323397   -6.6271  -17.7975
   20  3537  2327  565220.00  2341870.00  21.177035  105.628279   -7.6309  -16.3359
   21  3822  2552  568070.00  2339620.00  21.156603  105.655643  -10.2468  -13.3573
   22  3810  2669  567950.00  2338450.00  21.146036  105.654441  -20.5339  -24.5326
   23  3915  2726  569000.00  2337880.00  21.140847  105.664530  -10.2443  -13.5637
   24  1830  2756  548150.00  2337580.00  21.138805  105.463724   -9.4644  -14.4225
   25  1479  2804  544640.00  2337100.00  21.134558  105.429908  -11.5041  -15.7518
   26   783  2954  537680.00  2335600.00  21.121161  105.362848  -11.2576  -18.7572
   27  6231  2954  592160.00  2335600.00  21.119226  105.887441   -8.4561  -13.6010
   28  6054  3299  590390.00  2332150.00  21.088146  105.870217   -2.4234   -9.4837
   29  5139  3422  581240.00  2330920.00  21.077462  105.782075   -8.1931  -12.0600
   30  1995  3533  549800.00  2329810.00  21.068557  105.479389   -8.8239  -13.2849
   31  1548  3605  545330.00  2329090.00  21.062168  105.436342   -5.7474  -15.7707
   32  5307  3719  582920.00  2327950.00  21.050554  105.798104    1.7565   -6.2593
   33  2502  3731  554870.00  2327830.00  21.050523  105.528130   -7.0194  -16.9075
   34  2250  3818  552350.00  2326960.00  21.042736  105.503849  -10.5792  -18.2930
   35  2169  3866  551540.00  2326480.00  21.038422  105.496039  -11.7786  -14.7868
   36  4821  3911  578060.00  2326030.00  21.033420  105.751242  -13.3317  -19.8897
   37  1641  3917  546260.00  2325970.00  21.033955  105.445210  -10.7961  -25.0064
   38   324  3920  533090.00  2325940.00  21.033968  105.318462   -8.6902  -15.5553
   39  1974  3992  549590.00  2325220.00  21.027091  105.477236   -9.0501  -16.3135
   40  1665  4013  546500.00  2325010.00  21.025275  105.447494  -10.8850  -14.6305
   41  6885  4145  598700.00  2323690.00  21.011286  105.949727   -6.2512  -11.8254
   42  6879  4151  598640.00  2323630.00  21.010747  105.949147  -13.3634  -20.9507
   43  2745  4184  557300.00  2323300.00  21.009519  105.551368   -8.9953  -13.6293
   44  4863  4403  578480.00  2321110.00  20.988951  105.755060  -11.4011  -19.5745
   45  6381  4439  593660.00  2320750.00  20.984988  105.901076   -9.0738  -14.7955
   46  6414  4442  593990.00  2320720.00  20.984700  105.904249   -9.3447  -16.4589
   47  6411  4454  593960.00  2320600.00  20.983618  105.903954   -9.1899  -13.3076
   48  5619  4478  586040.00  2320360.00  20.981837  105.827753  -14.0800  -14.8424
   49  5460  4589  584450.00  2319250.00  20.971882  105.812403   -1.8831   -5.8091
   50  6120  4595  591050.00  2319190.00  20.971025  105.875886   -3.8505   -8.9512
   51  5403  4610  583880.00  2319040.00  20.970010  105.806910   -5.4176  -12.8886
   52  6261  4754  592460.00  2317600.00  20.956590  105.889364    5.4306  -10.4683
   53  5139  4760  581240.00  2317540.00  20.956576  105.781445   -7.5533  -16.9983
   54  6267  4769  592520.00  2317450.00  20.955232  105.889933   -9.9477  -20.4094
   55  5040  4823  580250.00  2316910.00  20.950928  105.771894  -12.6934  -19.6258
   56  6204  4826  591890.00  2316880.00  20.950113  105.883843   -7.0279  -18.0073
   57  2892  4835  558770.00  2316790.00  20.950653  105.565291  -13.3322  -22.2012
   58  5091  5105  580760.00  2314090.00  20.925427  105.776667   -5.5064  -13.0887
   59  5091  5117  580760.00  2313970.00  20.924343  105.776662   -7.6893  -16.7131
   60  3375  6089  563600.00  2304250.00  20.837191  105.611288  -10.3663  -15.5069
   61  3789  6203  567740.00  2303110.00  20.826744  105.651033  -13.2787  -28.1079
   62  3753  6536  567380.00  2299780.00  20.796670  105.647445   -3.6407  -14.6321
   65  4905  7103  578900.00  2294110.00  20.744988  105.757877   -2.3025  -16.1781
   66  6570  7499  595550.00  2290150.00  20.708431  105.917580   -6.8987  -16.5080
