; ENVI Output of ROIs (5.2) [Tue Dec 03 20:14:26 2019]
; Number of ROIs: 1
; File Dimension: 7647 x 9116
;
; ROI name: EVF: Layer: bareland.shp
; ROI rgb value: {255, 255, 255}
; ROI npts: 74
;  ID     X     Y      Map X       Map Y        Lat         Lon        B1        B2
    1  5523   500  585080.00  2360140.00  21.341275  105.820496   -6.5643  -17.9615
    2  5397   506  583820.00  2360080.00  21.340792  105.808343  -11.1917  -18.3885
    3  5583   548  585680.00  2359660.00  21.336911  105.826258   -8.7071  -15.2793
    4  5703   578  586880.00  2359360.00  21.334143  105.837814  -12.2340  -21.7137
    5  5118   629  581030.00  2358850.00  21.329807  105.781380   -8.5336  -15.4087
    6  5112   629  580970.00  2358850.00  21.329810  105.780801   -2.7848  -10.0693
    7  6009   665  589940.00  2358490.00  21.326134  105.867273  -14.2360  -19.3876
    8  4980   965  579650.00  2355490.00  21.299513  105.767915   -9.4310  -20.7946
    9  5742   986  587270.00  2355280.00  21.297264  105.841364   -8.8947  -15.0052
   10  5745   995  587300.00  2355190.00  21.296450  105.841649  -12.2981  -17.9572
   11  5052  1016  580370.00  2354980.00  21.294873  105.774832   -7.5426  -16.7700
   12  6012  1022  589970.00  2354920.00  21.293880  105.867373   -9.6470  -18.0557
   13  5469  1403  584540.00  2351110.00  21.259720  105.814839  -16.8929  -16.6572
   14  6459  1442  594440.00  2350720.00  21.255709  105.910230  -12.1485  -15.6558
   15  6540  1643  595250.00  2348710.00  21.237507  105.917924   -9.4820  -17.3445
   16  5340  1742  583250.00  2347720.00  21.229153  105.802240  -10.2679  -15.5330
   17  4881  1775  578660.00  2347390.00  21.226376  105.757997  -12.1450  -14.9702
   18  1662  1952  546470.00  2345620.00  21.211492  105.447763  -12.9493  -20.1217
   19  1530  1970  545150.00  2345440.00  21.209899  105.435040   -0.2622  -18.8954
   20   588  2261  535730.00  2342530.00  21.183815  105.344215  -14.2697  -17.5238
   21  6282  2276  592670.00  2342380.00  21.180454  105.892719   -9.9815  -18.3488
   22   372  2309  533570.00  2342050.00  21.179520  105.323397   -8.5000  -18.4122
   23  3537  2327  565220.00  2341870.00  21.177035  105.628279  -11.2123  -19.1100
   24  3822  2552  568070.00  2339620.00  21.156603  105.655643  -10.4447  -14.5349
   25   771  2558  537560.00  2339560.00  21.156944  105.361779  -14.4790  -14.5269
   26  3810  2669  567950.00  2338450.00  21.146036  105.654441  -22.4850  -24.7793
   27  3915  2726  569000.00  2337880.00  21.140847  105.664530  -11.0424  -11.5166
   28  1830  2756  548150.00  2337580.00  21.138805  105.463724   -9.9955  -22.1148
   29  1479  2804  544640.00  2337100.00  21.134558  105.429908  -10.9303  -16.1936
   30  6231  2954  592160.00  2335600.00  21.119226  105.887441   -7.5287  -12.8381
   31   783  2954  537680.00  2335600.00  21.121161  105.362848  -17.6732  -22.5128
   32  1659  3278  546440.00  2332360.00  21.091686  105.447115   -8.9398  -13.1991
   33  6054  3299  590390.00  2332150.00  21.088146  105.870217   -5.5248   -8.0157
   34  5139  3422  581240.00  2330920.00  21.077462  105.782075   -7.5343  -11.3729
   35   366  3428  533510.00  2330860.00  21.078415  105.322600  -11.2946  -15.0080
   36  1995  3533  549800.00  2329810.00  21.068557  105.479389   -6.3545  -16.7310
   37  1548  3605  545330.00  2329090.00  21.062168  105.436342  -10.7395  -16.5875
   38  5307  3719  582920.00  2327950.00  21.050554  105.798104    0.9014  -10.6573
   39  2502  3731  554870.00  2327830.00  21.050523  105.528130   -9.9136  -15.1731
   40  2250  3818  552350.00  2326960.00  21.042736  105.503849  -12.5562  -18.3362
   41  2169  3866  551540.00  2326480.00  21.038422  105.496039  -11.5588  -17.4633
   42  4821  3911  578060.00  2326030.00  21.033420  105.751242  -16.3051  -17.1449
   43  1641  3917  546260.00  2325970.00  21.033955  105.445210  -10.6068  -19.3409
   44   324  3920  533090.00  2325940.00  21.033968  105.318462   -8.9419  -12.8210
   45  1974  3992  549590.00  2325220.00  21.027091  105.477236  -11.2567  -15.9167
   46  1665  4013  546500.00  2325010.00  21.025275  105.447494  -10.4769  -18.6697
   47  6885  4145  598700.00  2323690.00  21.011286  105.949727  -11.2388  -14.5764
   48  6879  4151  598640.00  2323630.00  21.010747  105.949147  -12.2082  -16.6496
   49  2745  4184  557300.00  2323300.00  21.009519  105.551368  -12.2414  -17.6275
   50  4863  4403  578480.00  2321110.00  20.988951  105.755060   -8.0890  -21.7370
   51  6381  4439  593660.00  2320750.00  20.984988  105.901076   -9.0875  -20.0707
   52  6414  4442  593990.00  2320720.00  20.984700  105.904249  -12.2141  -18.5818
   53  6411  4454  593960.00  2320600.00  20.983618  105.903954  -10.9189  -17.6041
   54  5619  4478  586040.00  2320360.00  20.981837  105.827753  -10.0484  -16.3264
   55  5460  4589  584450.00  2319250.00  20.971882  105.812403   -0.7170   -9.2522
   56  6120  4595  591050.00  2319190.00  20.971025  105.875886   -4.1877  -11.6255
   57  5403  4610  583880.00  2319040.00  20.970010  105.806910   -9.4522  -13.4986
   58  6261  4754  592460.00  2317600.00  20.956590  105.889364    1.6908  -15.4567
   59  5139  4760  581240.00  2317540.00  20.956576  105.781445   -6.7192  -16.2387
   60  6267  4769  592520.00  2317450.00  20.955232  105.889933  -10.0452  -16.7869
   61  5040  4823  580250.00  2316910.00  20.950928  105.771894  -11.6259  -17.9227
   62  6204  4826  591890.00  2316880.00  20.950113  105.883843  -10.2124  -14.3470
   63  2892  4835  558770.00  2316790.00  20.950653  105.565291  -13.2217  -19.6002
   64  5091  5105  580760.00  2314090.00  20.925427  105.776667   -6.3085  -10.5160
   65  5091  5117  580760.00  2313970.00  20.924343  105.776662   -8.7802  -15.4498
   66  3375  6089  563600.00  2304250.00  20.837191  105.611288   -9.4669  -17.0314
   67  3789  6203  567740.00  2303110.00  20.826744  105.651033  -11.3762  -18.8402
   68  3753  6536  567380.00  2299780.00  20.796670  105.647445   -8.1226   -9.9691
   71  4905  7103  578900.00  2294110.00  20.744988  105.757877    1.9682   -4.5779
   72  6570  7499  595550.00  2290150.00  20.708431  105.917580   -6.6293  -14.5094
