; ENVI Output of ROIs (5.2) [Sun Dec 01 16:49:09 2019]
; Number of ROIs: 1
; File Dimension: 7647 x 9116
;
; ROI name: EVF: Layer: bareland.shp
; ROI rgb value: {255, 255, 255}
; ROI npts: 70
;  ID     X     Y      Map X       Map Y        Lat         Lon        B1        B2
    1  5523   500  585080.00  2360140.00  21.341275  105.820496   -7.7151  -17.9991
    2  5397   506  583820.00  2360080.00  21.340792  105.808343  -11.9411  -14.8101
    3  5583   548  585680.00  2359660.00  21.336911  105.826258  -12.5034  -14.4311
    4  5703   578  586880.00  2359360.00  21.334143  105.837814  -11.5883  -20.4914
    5  5112   629  580970.00  2358850.00  21.329810  105.780801   -5.3056  -10.8452
    6  5118   629  581030.00  2358850.00  21.329807  105.781380   -9.9747  -18.9898
    7  6009   665  589940.00  2358490.00  21.326134  105.867273   -9.4134  -22.7129
    8  4980   965  579650.00  2355490.00  21.299513  105.767915  -12.6763  -21.6697
    9  5742   986  587270.00  2355280.00  21.297264  105.841364   -9.8405  -12.0880
   10  5745   995  587300.00  2355190.00  21.296450  105.841649   -9.2097  -19.2198
   11  5052  1016  580370.00  2354980.00  21.294873  105.774832  -16.3454  -22.2701
   12  6012  1022  589970.00  2354920.00  21.293880  105.867373  -10.6885  -17.6368
   13  5469  1403  584540.00  2351110.00  21.259720  105.814839  -15.0218  -15.2053
   14  6459  1442  594440.00  2350720.00  21.255709  105.910230   -9.4820  -18.0665
   15  6540  1643  595250.00  2348710.00  21.237507  105.917924  -14.0387  -18.1759
   16  5340  1742  583250.00  2347720.00  21.229153  105.802240  -12.9715  -18.6901
   17  4881  1775  578660.00  2347390.00  21.226376  105.757997  -12.5934  -16.5119
   18  1662  1952  546470.00  2345620.00  21.211492  105.447763  -16.1037  -24.5226
   19  1530  1970  545150.00  2345440.00  21.209899  105.435040  -10.5751  -18.3937
   20   588  2261  535730.00  2342530.00  21.183815  105.344215  -15.6501  -21.4317
   21  6282  2276  592670.00  2342380.00  21.180454  105.892719  -13.1449  -20.7941
   22   372  2309  533570.00  2342050.00  21.179520  105.323397   -9.5370  -22.2534
   23  3537  2327  565220.00  2341870.00  21.177035  105.628279   -9.7813  -14.8207
   24  3822  2552  568070.00  2339620.00  21.156603  105.655643  -10.5270  -18.4643
   25  3810  2669  567950.00  2338450.00  21.146036  105.654441  -18.4716  -32.9963
   26  3915  2726  569000.00  2337880.00  21.140847  105.664530  -13.2598  -15.7517
   27  1830  2756  548150.00  2337580.00  21.138805  105.463724  -11.7119  -16.9387
   28  1479  2804  544640.00  2337100.00  21.134558  105.429908  -14.1782  -15.1406
   29  6231  2954  592160.00  2335600.00  21.119226  105.887441   -8.2097  -12.0966
   30   783  2954  537680.00  2335600.00  21.121161  105.362848  -14.7385  -20.2672
   31  1659  3278  546440.00  2332360.00  21.091686  105.447115   -9.4496  -16.5049
   32  6054  3299  590390.00  2332150.00  21.088146  105.870217   -9.1570   -7.1563
   33  5139  3422  581240.00  2330920.00  21.077462  105.782075   -9.2802  -18.0201
   34   366  3428  533510.00  2330860.00  21.078415  105.322600   -6.8353  -13.4436
   35  1995  3533  549800.00  2329810.00  21.068557  105.479389   -9.8958  -17.0148
   36  1548  3605  545330.00  2329090.00  21.062168  105.436342   -5.7546  -16.1467
   37  5238  3620  582230.00  2328940.00  21.059529  105.791510  -12.4700  -16.2112
   38  2502  3731  554870.00  2327830.00  21.050523  105.528130   -8.7307  -19.2267
   39  2250  3818  552350.00  2326960.00  21.042736  105.503849  -13.4218  -19.5459
   40  2169  3866  551540.00  2326480.00  21.038422  105.496039  -10.2721  -16.9357
   41  1641  3917  546260.00  2325970.00  21.033955  105.445210  -15.6804  -27.2970
   42   324  3920  533090.00  2325940.00  21.033968  105.318462   -8.9669  -14.7477
   43  1974  3992  549590.00  2325220.00  21.027091  105.477236  -13.0070  -21.3476
   44  1665  4013  546500.00  2325010.00  21.025275  105.447494   -9.9856  -13.7359
   45  6885  4145  598700.00  2323690.00  21.011286  105.949727  -12.7020  -18.7698
   46  6879  4151  598640.00  2323630.00  21.010747  105.949147  -14.8741  -23.9455
   47  4863  4403  578480.00  2321110.00  20.988951  105.755060  -13.5818  -26.5347
   48  6381  4439  593660.00  2320750.00  20.984988  105.901076  -16.4897  -20.2871
   49  6414  4442  593990.00  2320720.00  20.984700  105.904249  -12.2798  -22.0442
   50  6411  4454  593960.00  2320600.00  20.983618  105.903954  -10.7561  -13.6811
   51  5619  4478  586040.00  2320360.00  20.981837  105.827753   -7.1605  -17.4027
   52  5460  4589  584450.00  2319250.00  20.971882  105.812403   -5.7958   -8.5627
   53  6120  4595  591050.00  2319190.00  20.971025  105.875886   -3.8781  -13.3538
   54  5403  4610  583880.00  2319040.00  20.970010  105.806910   -8.4654  -15.8749
   55  5139  4760  581240.00  2317540.00  20.956576  105.781445  -11.5192  -19.9582
   56  6267  4769  592520.00  2317450.00  20.955232  105.889933  -12.8534  -15.8540
   57  5040  4823  580250.00  2316910.00  20.950928  105.771894  -13.4475  -19.9397
   58  6204  4826  591890.00  2316880.00  20.950113  105.883843   -6.6573  -14.4570
   59  2892  4835  558770.00  2316790.00  20.950653  105.565291  -12.8900  -24.6186
   60  5091  5105  580760.00  2314090.00  20.925427  105.776667   -8.3704  -10.2593
   61  5091  5117  580760.00  2313970.00  20.924343  105.776662   -7.8393  -13.0705
   62  3375  6089  563600.00  2304250.00  20.837191  105.611288  -17.2255  -19.8557
   63  3789  6203  567740.00  2303110.00  20.826744  105.651033  -16.3342  -21.1380
   64  3753  6536  567380.00  2299780.00  20.796670  105.647445   -4.5231  -10.6504
   67  4905  7103  578900.00  2294110.00  20.744988  105.757877  -10.0359  -18.5715
   68  6570  7499  595550.00  2290150.00  20.708431  105.917580   -6.8571  -16.3825
