; ENVI Output of ROIs (5.2) [Tue Nov 26 22:20:20 2019]
; Number of ROIs: 1
; File Dimension: 7647 x 9116
;
; ROI name: EVF: Layer: bareland.shp
; ROI rgb value: {255, 0, 0}
; ROI npts: 67
;  ID     X     Y      Map X       Map Y        Lat         Lon        B1        B2
    1  5523   500  585080.00  2360140.00  21.341275  105.820496   -7.9051  -14.9731
    2  5397   506  583820.00  2360080.00  21.340792  105.808343  -11.2452  -18.4912
    3  5583   548  585680.00  2359660.00  21.336911  105.826258  -10.5605  -10.9906
    4  5703   578  586880.00  2359360.00  21.334143  105.837814   -9.7506  -18.1105
    5  5112   629  580970.00  2358850.00  21.329810  105.780801   -2.9211   -8.3724
    6  5118   629  581030.00  2358850.00  21.329807  105.781380   -6.9713  -13.5013
    7  6009   665  589940.00  2358490.00  21.326134  105.867273  -11.4526  -17.9829
    8  4980   965  579650.00  2355490.00  21.299513  105.767915  -10.6354  -19.3786
    9  5742   986  587270.00  2355280.00  21.297264  105.841364  -10.7566  -18.4713
   10  5745   995  587300.00  2355190.00  21.296450  105.841649  -12.2244  -20.0499
   11  5052  1016  580370.00  2354980.00  21.294873  105.774832   -8.2926  -21.7429
   12  6012  1022  589970.00  2354920.00  21.293880  105.867373  -10.1590  -16.2822
   13  5469  1403  584540.00  2351110.00  21.259720  105.814839   -9.4689  -15.2643
   14  6459  1442  594440.00  2350720.00  21.255709  105.910230  -12.3826  -17.5492
   15  6540  1643  595250.00  2348710.00  21.237507  105.917924   -9.2937  -21.8653
   16  5340  1742  583250.00  2347720.00  21.229153  105.802240   -9.1636  -16.0368
   17  4881  1775  578660.00  2347390.00  21.226376  105.757997  -12.9088  -17.5295
   18  1662  1952  546470.00  2345620.00  21.211492  105.447763  -13.4342  -15.5075
   19  1530  1970  545150.00  2345440.00  21.209899  105.435040   -8.8516  -17.6360
   20   588  2261  535730.00  2342530.00  21.183815  105.344215   -8.5427  -17.6313
   21  6282  2276  592670.00  2342380.00  21.180454  105.892719   -9.0026  -17.9623
   22   372  2309  533570.00  2342050.00  21.179520  105.323397   -9.9773  -20.0738
   23  3537  2327  565220.00  2341870.00  21.177035  105.628279  -10.4485  -17.8398
   24  3822  2552  568070.00  2339620.00  21.156603  105.655643  -12.4298  -20.8879
   25   771  2558  537560.00  2339560.00  21.156944  105.361779   -9.4265  -16.2900
   26  3810  2669  567950.00  2338450.00  21.146036  105.654441  -17.8354  -22.9584
   27  3915  2726  569000.00  2337880.00  21.140847  105.664530   -9.4064  -13.4279
   28  1830  2756  548150.00  2337580.00  21.138805  105.463724  -10.6275  -20.6336
   29  1479  2804  544640.00  2337100.00  21.134558  105.429908  -10.7148  -20.3657
   30   783  2954  537680.00  2335600.00  21.121161  105.362848   -4.2025  -18.2212
   31  6231  2954  592160.00  2335600.00  21.119226  105.887441   -6.1408  -12.6680
   32  1659  3278  546440.00  2332360.00  21.091686  105.447115   -9.7726  -12.5860
   33  6054  3299  590390.00  2332150.00  21.088146  105.870217   -7.1305   -7.7760
   34  5139  3422  581240.00  2330920.00  21.077462  105.782075   -8.9381  -16.7128
   35  1995  3533  549800.00  2329810.00  21.068557  105.479389  -10.7887  -16.8082
   36  1548  3605  545330.00  2329090.00  21.062168  105.436342   -9.0741  -20.6087
   37  5238  3620  582230.00  2328940.00  21.059529  105.791510   -9.9721  -21.0350
   38  2502  3731  554870.00  2327830.00  21.050523  105.528130   -9.8940  -18.6221
   39  2250  3818  552350.00  2326960.00  21.042736  105.503849  -11.7907  -19.1013
   40  2169  3866  551540.00  2326480.00  21.038422  105.496039  -14.2366  -19.0490
   41  4821  3911  578060.00  2326030.00  21.033420  105.751242  -11.7887  -19.6748
   42  1641  3917  546260.00  2325970.00  21.033955  105.445210  -14.0156  -19.8716
   43   324  3920  533090.00  2325940.00  21.033968  105.318462   -8.7718  -15.8420
   44  1974  3992  549590.00  2325220.00  21.027091  105.477236  -18.2527  -22.5398
   45  1665  4013  546500.00  2325010.00  21.025275  105.447494  -10.0046  -15.9380
   46  6885  4145  598700.00  2323690.00  21.011286  105.949727  -10.0826  -16.1590
   47  6879  4151  598640.00  2323630.00  21.010747  105.949147  -13.3525  -18.7977
   48  2745  4184  557300.00  2323300.00  21.009519  105.551368   -9.0794  -20.7058
   49  4863  4403  578480.00  2321110.00  20.988951  105.755060   -9.3623  -21.7760
   50  6414  4442  593990.00  2320720.00  20.984700  105.904249  -17.1734  -16.8278
   51  6411  4454  593960.00  2320600.00  20.983618  105.903954  -10.7440  -13.3438
   52  5619  4478  586040.00  2320360.00  20.981837  105.827753  -14.4845  -13.3616
   53  5460  4589  584450.00  2319250.00  20.971882  105.812403   -5.1957   -9.3556
   54  6120  4595  591050.00  2319190.00  20.971025  105.875886   -4.1041  -15.8833
   55  5403  4610  583880.00  2319040.00  20.970010  105.806910  -10.0025  -13.0936
   56  6267  4769  592520.00  2317450.00  20.955232  105.889933   -5.8612   -8.9988
   57  5040  4823  580250.00  2316910.00  20.950928  105.771894   -9.8724  -16.9622
   58  2892  4835  558770.00  2316790.00  20.950653  105.565291  -16.1399  -20.0492
   59  3375  6089  563600.00  2304250.00  20.837191  105.611288  -11.7158  -17.3063
   60  3789  6203  567740.00  2303110.00  20.826744  105.651033  -11.6141  -16.5503
   61  3753  6536  567380.00  2299780.00  20.796670  105.647445   -5.8889  -13.6610
   64  4905  7103  578900.00  2294110.00  20.744988  105.757877  -11.2506  -18.9628
   65  6570  7499  595550.00  2290150.00  20.708431  105.917580  -10.4418  -14.7999
