; ENVI Output of ROIs (5.2) [Tue Nov 26 10:22:59 2019]
; Number of ROIs: 1
; File Dimension: 7647 x 9116
;
; ROI name: EVF: Layer: bareland.shp (Record=1)
; ROI rgb value: {255, 0, 0}
; ROI npts: 69
;  ID     X     Y      Map X       Map Y        Lat         Lon        B1        B2
    1  5523   500  585080.00  2360140.00  21.341275  105.820496   -8.2689  -18.0853
    2  5397   506  583820.00  2360080.00  21.340792  105.808343  -14.2220  -20.4084
    3  5583   548  585680.00  2359660.00  21.336911  105.826258   -8.1306  -12.0502
    4  5703   578  586880.00  2359360.00  21.334143  105.837814   -9.3500  -17.9429 
    5  5112   629  580970.00  2358850.00  21.329810  105.780801   -7.5404  -13.7567
    6  5118   629  581030.00  2358850.00  21.329807  105.781380   -8.4874  -12.0461
    7  6009   665  589940.00  2358490.00  21.326134  105.867273   -9.3030  -17.2104
    8  4980   965  579650.00  2355490.00  21.299513  105.767915  -10.1937  -17.7094
    9  5742   986  587270.00  2355280.00  21.297264  105.841364   -8.6090  -21.8267
   10  5745   995  587300.00  2355190.00  21.296450  105.841649  -13.4311  -16.0046
   11  5052  1016  580370.00  2354980.00  21.294873  105.774832  -12.5160  -19.3580
   12  6012  1022  589970.00  2354920.00  21.293880  105.867373  -14.7486  -13.3730
   13  5469  1403  584540.00  2351110.00  21.259720  105.814839  -15.0603  -16.6570
   14  6459  1442  594440.00  2350720.00  21.255709  105.910230  -11.2349  -12.9838
   15  6540  1643  595250.00  2348710.00  21.237507  105.917924  -13.3420  -18.3981
   16  5340  1742  583250.00  2347720.00  21.229153  105.802240  -13.5026  -14.3357
   17  4881  1775  578660.00  2347390.00  21.226376  105.757997   -9.0380  -16.2296
   18  1662  1952  546470.00  2345620.00  21.211492  105.447763   -9.3601  -13.0240
   19  1530  1970  545150.00  2345440.00  21.209899  105.435040   -7.7063  -21.4411
   20   588  2261  535730.00  2342530.00  21.183815  105.344215  -14.1581  -18.1434
   21  6282  2276  592670.00  2342380.00  21.180454  105.892719   -9.1868  -15.1258
   22   372  2309  533570.00  2342050.00  21.179520  105.323397  -10.4840  -18.4360
   23  3537  2327  565220.00  2341870.00  21.177035  105.628279  -13.9936  -17.1296
   24  3822  2552  568070.00  2339620.00  21.156603  105.655643  -19.4569  -23.8918
   25   771  2558  537560.00  2339560.00  21.156944  105.361779  -10.2866  -14.8442
   26  3810  2669  567950.00  2338450.00  21.146036  105.654441  -24.2146  -25.5969
   27  3915  2726  569000.00  2337880.00  21.140847  105.664530   -7.1595  -12.8747
   28  1830  2756  548150.00  2337580.00  21.138805  105.463724  -11.3100  -14.3022
   29  1479  2804  544640.00  2337100.00  21.134558  105.429908  -10.9641  -12.2582
   30  6231  2954  592160.00  2335600.00  21.119226  105.887441   -7.0246  -16.0032
   31   783  2954  537680.00  2335600.00  21.121161  105.362848  -13.9675  -20.7077
   32  6054  3299  590390.00  2332150.00  21.088146  105.870217   -9.2415   -9.6957
   33  5139  3422  581240.00  2330920.00  21.077462  105.782075   -8.9268  -15.8455
   34   366  3428  533510.00  2330860.00  21.078415  105.322600   -6.4954  -14.0380
   35  1995  3533  549800.00  2329810.00  21.068557  105.479389   -7.9538  -11.5884
   36  1548  3605  545330.00  2329090.00  21.062168  105.436342   -4.3571  -16.8101
   37  5238  3620  582230.00  2328940.00  21.059529  105.791510  -11.7972  -11.8923
   38  2502  3731  554870.00  2327830.00  21.050523  105.528130   -9.2215  -16.3316
   39  2250  3818  552350.00  2326960.00  21.042736  105.503849  -10.2345  -17.4096
   40  2169  3866  551540.00  2326480.00  21.038422  105.496039  -10.8355  -16.9920
   41  4821  3911  578060.00  2326030.00  21.033420  105.751242  -10.9609  -11.2261
   42  1641  3917  546260.00  2325970.00  21.033955  105.445210  -10.3612  -19.6121
   43   324  3920  533090.00  2325940.00  21.033968  105.318462   -8.5321  -14.5160
   44  1974  3992  549590.00  2325220.00  21.027091  105.477236  -12.6027  -20.4725
   45  1665  4013  546500.00  2325010.00  21.025275  105.447494  -10.2439  -14.2610
   46  6885  4145  598700.00  2323690.00  21.011286  105.949727   -7.4042  -12.0255
   47  6879  4151  598640.00  2323630.00  21.010747  105.949147   -8.9402  -15.6625
   48  2745  4184  557300.00  2323300.00  21.009519  105.551368  -10.4951  -15.5388
   49  4863  4403  578480.00  2321110.00  20.988951  105.755060   -9.3339  -19.4543
   50  6381  4439  593660.00  2320750.00  20.984988  105.901076   -7.8350  -12.7637
   51  6414  4442  593990.00  2320720.00  20.984700  105.904249  -12.6242  -19.1604
   52  6411  4454  593960.00  2320600.00  20.983618  105.903954  -10.6753  -17.7091
   53  6120  4595  591050.00  2319190.00  20.971025  105.875886   -2.9945  -12.1677
   54  5403  4610  583880.00  2319040.00  20.970010  105.806910  -10.4145  -11.6424
   55  5139  4760  581240.00  2317540.00  20.956576  105.781445   -5.7844  -17.3394
   56  6267  4769  592520.00  2317450.00  20.955232  105.889933   -9.7817  -20.3466
   57  5040  4823  580250.00  2316910.00  20.950928  105.771894   -7.6870  -15.0350
   58  2892  4835  558770.00  2316790.00  20.950653  105.565291  -18.5441  -23.8871
   59  5091  5105  580760.00  2314090.00  20.925427  105.776667   -9.9862   -9.6954
   60  5091  5117  580760.00  2313970.00  20.924343  105.776662   -2.0636  -13.6290
   61  3375  6089  563600.00  2304250.00  20.837191  105.611288   -9.9976  -16.3018
   62  3789  6203  567740.00  2303110.00  20.826744  105.651033  -13.5083  -19.6500
   63  3753  6536  567380.00  2299780.00  20.796670  105.647445   -6.7309  -12.4979
   66  4905  7103  578900.00  2294110.00  20.744988  105.757877    0.1070  -15.8613
   67  6570  7499  595550.00  2290150.00  20.708431  105.917580  -10.6959  -19.1644

