; ENVI Output of ROIs (5.2) [Tue Nov 26 21:54:59 2019]
; Number of ROIs: 1
; File Dimension: 7647 x 9116
;
; ROI name: EVF: Layer: bareland.shp (Record=1)
; ROI rgb value: {255, 0, 0}
; ROI npts: 57
;  ID     X     Y      Map X       Map Y        Lat         Lon        B1        B2
    1  5523   500  585080.00  2360140.00  21.341275  105.820496  -10.7523  -13.4783
    2  5397   506  583820.00  2360080.00  21.340792  105.808343  -12.5853  -15.5565
    3  5583   548  585680.00  2359660.00  21.336911  105.826258   -8.7158  -14.3539
    4  5703   578  586880.00  2359360.00  21.334143  105.837814   -9.4642  -18.8334
    5  5112   629  580970.00  2358850.00  21.329810  105.780801   -6.0663  -12.3411
    6  4980   965  579650.00  2355490.00  21.299513  105.767915  -13.7482  -18.6299
    7  5742   986  587270.00  2355280.00  21.297264  105.841364  -11.4899  -17.3833
    8  5745   995  587300.00  2355190.00  21.296450  105.841649  -10.6928  -13.5360
    9  6012  1022  589970.00  2354920.00  21.293880  105.867373  -11.7768  -15.2115
   10  5469  1403  584540.00  2351110.00  21.259720  105.814839  -10.1764  -14.3513
   11  6459  1442  594440.00  2350720.00  21.255709  105.910230  -12.0262  -20.0320
   12  6540  1643  595250.00  2348710.00  21.237507  105.917924  -11.1766  -19.6882
   13  5340  1742  583250.00  2347720.00  21.229153  105.802240   -9.8794  -17.0215
   14  4881  1775  578660.00  2347390.00  21.226376  105.757997  -12.3989  -21.1653
   15  1662  1952  546470.00  2345620.00  21.211492  105.447763   -7.2544  -15.6868
   16  1530  1970  545150.00  2345440.00  21.209899  105.435040    3.4478  -11.3818
   17   588  2261  535730.00  2342530.00  21.183815  105.344215   -9.8964  -15.5679
   18  6282  2276  592670.00  2342380.00  21.180454  105.892719  -12.4516  -15.5280
   19   372  2309  533570.00  2342050.00  21.179520  105.323397  -10.4839  -17.1048
   20  3537  2327  565220.00  2341870.00  21.177035  105.628279  -13.4400  -17.6607
   21  3822  2552  568070.00  2339620.00  21.156603  105.655643   -8.2306  -21.0860
   22  3810  2669  567950.00  2338450.00  21.146036  105.654441  -21.0221  -26.2440
   23  3915  2726  569000.00  2337880.00  21.140847  105.664530  -10.3206  -15.2599
   24  1830  2756  548150.00  2337580.00  21.138805  105.463724  -12.5627  -16.1721
   25  1479  2804  544640.00  2337100.00  21.134558  105.429908   -8.1242  -13.3514
   26  6231  2954  592160.00  2335600.00  21.119226  105.887441   -8.5310  -12.5489
   27  5139  3422  581240.00  2330920.00  21.077462  105.782075  -10.2667  -19.8349
   28  1995  3533  549800.00  2329810.00  21.068557  105.479389  -12.4241  -15.5402
   29  1548  3605  545330.00  2329090.00  21.062168  105.436342   -4.6355  -15.0883
   30  5238  3620  582230.00  2328940.00  21.059529  105.791510  -10.6250  -15.3124
   31  2502  3731  554870.00  2327830.00  21.050523  105.528130   -8.7498  -15.0932
   32  2250  3818  552350.00  2326960.00  21.042736  105.503849  -15.0049  -15.0423
   33  2169  3866  551540.00  2326480.00  21.038422  105.496039  -14.2083  -15.9578
   34  4821  3911  578060.00  2326030.00  21.033420  105.751242   -7.1239  -16.3712
   35  1641  3917  546260.00  2325970.00  21.033955  105.445210  -11.0533  -17.0862
   36   324  3920  533090.00  2325940.00  21.033968  105.318462  -10.0219  -13.5577
   37  1974  3992  549590.00  2325220.00  21.027091  105.477236   -9.1725  -16.5436
   38  1665  4013  546500.00  2325010.00  21.025275  105.447494  -11.5379  -17.5017
   39  6885  4145  598700.00  2323690.00  21.011286  105.949727   -5.9629  -12.3168
   40  6879  4151  598640.00  2323630.00  21.010747  105.949147   -6.9502  -12.3871
   41  2745  4184  557300.00  2323300.00  21.009519  105.551368   -5.9971  -14.0871
   42  4863  4403  578480.00  2321110.00  20.988951  105.755060  -10.6818  -18.0392
   43  6381  4439  593660.00  2320750.00  20.984988  105.901076   -5.3059   -7.6537
   44  6414  4442  593990.00  2320720.00  20.984700  105.904249  -13.2060  -21.9872
   45  6411  4454  593960.00  2320600.00  20.983618  105.903954   -6.5007  -16.7958
   46  5403  4610  583880.00  2319040.00  20.970010  105.806910   -8.2955   -9.3506
   47  2892  4835  558770.00  2316790.00  20.950653  105.565291  -13.3570  -20.5559
   48  5091  5105  580760.00  2314090.00  20.925427  105.776667   -5.7779  -10.6116
   49  3375  6089  563600.00  2304250.00  20.837191  105.611288   -8.5262  -15.4420
   50  3789  6203  567740.00  2303110.00  20.826744  105.651033  -12.0232  -17.9397
   51  3753  6536  567380.00  2299780.00  20.796670  105.647445   -8.1761  -14.7930
   54  4905  7103  578900.00  2294110.00  20.744988  105.757877   -5.4366  -15.6253
   55  6570  7499  595550.00  2290150.00  20.708431  105.917580   -7.8230  -15.7486
