; ENVI Output of ROIs (5.2) [Tue Dec 03 20:39:16 2019]
; Number of ROIs: 1
; File Dimension: 7647 x 9116
;
; ROI name: EVF: Layer: bareland.shp (Record=1)
; ROI rgb value: {255, 255, 0}
; ROI npts: 73
;  ID     X     Y      Map X       Map Y        Lat         Lon        B1        B2
    1  5523   500  585080.00  2360140.00  21.341275  105.820496  -14.2311  -16.3166
    2  5397   506  583820.00  2360080.00  21.340792  105.808343   -8.7361  -19.0012
    3  5583   548  585680.00  2359660.00  21.336911  105.826258   -8.1095  -14.5628
    4  5703   578  586880.00  2359360.00  21.334143  105.837814   -6.5561  -19.6567
    5  5112   629  580970.00  2358850.00  21.329810  105.780801   -4.1738  -11.9189
    6  5118   629  581030.00  2358850.00  21.329807  105.781380   -6.7867  -12.0590
    7  6009   665  589940.00  2358490.00  21.326134  105.867273  -12.9570  -18.2352
    8  4980   965  579650.00  2355490.00  21.299513  105.767915  -11.5391  -14.1231
    9  5742   986  587270.00  2355280.00  21.297264  105.841364  -13.1212  -17.3638
   10  5745   995  587300.00  2355190.00  21.296450  105.841649  -11.3685  -11.9876
   11  5052  1016  580370.00  2354980.00  21.294873  105.774832  -14.1193  -17.6167
   12  6012  1022  589970.00  2354920.00  21.293880  105.867373   -9.8886  -11.9499
   13  5469  1403  584540.00  2351110.00  21.259720  105.814839  -10.1628  -16.0749
   14  6459  1442  594440.00  2350720.00  21.255709  105.910230   -8.6946  -16.5614
   15  6540  1643  595250.00  2348710.00  21.237507  105.917924   -8.1479  -18.4597
   16  5340  1742  583250.00  2347720.00  21.229153  105.802240  -12.9650  -13.7304
   17  4881  1775  578660.00  2347390.00  21.226376  105.757997  -11.5327  -16.0368
   18  1662  1952  546470.00  2345620.00  21.211492  105.447763  -10.9095  -14.6668
   19  1530  1970  545150.00  2345440.00  21.209899  105.435040  -11.4808  -15.6883
   20   588  2261  535730.00  2342530.00  21.183815  105.344215  -12.5451  -15.5876
   21  6282  2276  592670.00  2342380.00  21.180454  105.892719  -11.4418  -16.5611
   22   372  2309  533570.00  2342050.00  21.179520  105.323397  -12.5033  -18.7159
   23  3537  2327  565220.00  2341870.00  21.177035  105.628279  -10.5570  -13.1337
   24  3822  2552  568070.00  2339620.00  21.156603  105.655643  -12.1885  -18.4783
   25   771  2558  537560.00  2339560.00  21.156944  105.361779   -7.9086  -14.8585
   26  3915  2726  569000.00  2337880.00  21.140847  105.664530  -12.4508  -13.4958
   27  1830  2756  548150.00  2337580.00  21.138805  105.463724   -9.7376  -16.2964
   28  1479  2804  544640.00  2337100.00  21.134558  105.429908   -6.5956  -13.8139
   29  6231  2954  592160.00  2335600.00  21.119226  105.887441  -11.1721  -16.3770
   30   783  2954  537680.00  2335600.00  21.121161  105.362848  -16.3731  -28.9186
   31  1659  3278  546440.00  2332360.00  21.091686  105.447115   -5.5436  -11.1000
   32  6054  3299  590390.00  2332150.00  21.088146  105.870217   -7.9446  -10.1051
   33  5139  3422  581240.00  2330920.00  21.077462  105.782075   -8.6662  -17.2386
   34   366  3428  533510.00  2330860.00  21.078415  105.322600   -7.6258  -11.9972
   35  1995  3533  549800.00  2329810.00  21.068557  105.479389   -9.4310  -11.5617
   36  1548  3605  545330.00  2329090.00  21.062168  105.436342   -0.9877  -14.6487
   37  5238  3620  582230.00  2328940.00  21.059529  105.791510  -11.4837  -18.6284
   38  5307  3719  582920.00  2327950.00  21.050554  105.798104   -7.5430  -11.7792
   39  2502  3731  554870.00  2327830.00  21.050523  105.528130   -7.2482  -15.6276
   40  2250  3818  552350.00  2326960.00  21.042736  105.503849  -14.6400  -20.0072
   41  2169  3866  551540.00  2326480.00  21.038422  105.496039   -8.3480  -14.4004
   42  4821  3911  578060.00  2326030.00  21.033420  105.751242  -11.2839  -18.1112
   43  1641  3917  546260.00  2325970.00  21.033955  105.445210  -10.0151  -14.8012
   44   324  3920  533090.00  2325940.00  21.033968  105.318462   -8.7749  -13.6037
   45  1974  3992  549590.00  2325220.00  21.027091  105.477236  -11.8261  -18.5310
   46  1665  4013  546500.00  2325010.00  21.025275  105.447494   -9.7384  -16.6437
   47  6885  4145  598700.00  2323690.00  21.011286  105.949727   -9.5448  -12.0201
   48  6879  4151  598640.00  2323630.00  21.010747  105.949147   -6.3571  -13.9133
   49  2745  4184  557300.00  2323300.00  21.009519  105.551368   -8.5405  -17.3527
   50  4863  4403  578480.00  2321110.00  20.988951  105.755060  -12.6106  -15.6321
   51  6381  4439  593660.00  2320750.00  20.984988  105.901076   -1.5759   -7.5763
   52  6414  4442  593990.00  2320720.00  20.984700  105.904249  -16.8989  -19.1924
   53  6411  4454  593960.00  2320600.00  20.983618  105.903954   -8.4465  -15.2352
   54  5619  4478  586040.00  2320360.00  20.981837  105.827753  -10.7800  -14.1928
   55  5460  4589  584450.00  2319250.00  20.971882  105.812403    0.1592   -6.9676
   56  6120  4595  591050.00  2319190.00  20.971025  105.875886   -4.5726  -11.2541
   57  5403  4610  583880.00  2319040.00  20.970010  105.806910   -8.2452  -14.5564
   58  5139  4760  581240.00  2317540.00  20.956576  105.781445   -7.9895  -12.7414
   59  6267  4769  592520.00  2317450.00  20.955232  105.889933  -12.5085  -17.6353
   60  5040  4823  580250.00  2316910.00  20.950928  105.771894   -9.6920  -12.9401
   61  6204  4826  591890.00  2316880.00  20.950113  105.883843   -0.6237   -8.7205
   62  2892  4835  558770.00  2316790.00  20.950653  105.565291  -14.8911  -20.7268
   63  5091  5105  580760.00  2314090.00  20.925427  105.776667   -5.0380  -11.2936
   64  5091  5117  580760.00  2313970.00  20.924343  105.776662  -12.1236  -15.5340
   65  3375  6089  563600.00  2304250.00  20.837191  105.611288   -8.2803  -19.4716
   66  3789  6203  567740.00  2303110.00  20.826744  105.651033  -18.1899  -19.3201
   67  3753  6536  567380.00  2299780.00  20.796670  105.647445   -4.1476  -15.3800
   70  4905  7103  578900.00  2294110.00  20.744988  105.757877   -4.2364  -15.4553
   71  6570  7499  595550.00  2290150.00  20.708431  105.917580  -10.0215  -16.5956
