; ENVI Output of ROIs (5.2) [Wed Nov 27 11:11:20 2019]
; Number of ROIs: 1
; File Dimension: 7647 x 9116
;
; ROI name: EVF: Layer: bareland.shp (Record=1)
; ROI rgb value: {255, 255, 0}
; ROI npts: 69
;  ID     X     Y      Map X       Map Y        Lat         Lon        B1        B2
    1  5523   500  585080.00  2360140.00  21.341275  105.820496   -8.6442  -13.7147
    2  5397   506  583820.00  2360080.00  21.340792  105.808343  -11.0857  -16.1813
    3  5583   548  585680.00  2359660.00  21.336911  105.826258  -11.6703  -15.8771
    4  5703   578  586880.00  2359360.00  21.334143  105.837814  -10.2231  -17.9333
    5  5118   629  581030.00  2358850.00  21.329807  105.781380   -5.2284  -12.2868
    6  5112   629  580970.00  2358850.00  21.329810  105.780801   -5.2266   -9.6994
    7  6009   665  589940.00  2358490.00  21.326134  105.867273  -10.7407  -18.8587
    8  4980   965  579650.00  2355490.00  21.299513  105.767915   -7.7880  -14.3298
    9  5742   986  587270.00  2355280.00  21.297264  105.841364   -6.6997  -14.4445
   10  5745   995  587300.00  2355190.00  21.296450  105.841649   -8.7602  -14.0949
   11  5052  1016  580370.00  2354980.00  21.294873  105.774832  -12.1000  -18.8818
   12  6012  1022  589970.00  2354920.00  21.293880  105.867373   -9.8969  -16.6659
   13  5469  1403  584540.00  2351110.00  21.259720  105.814839   -7.8930  -15.0276
   14  6459  1442  594440.00  2350720.00  21.255709  105.910230  -12.3735  -18.7520
   15  6540  1643  595250.00  2348710.00  21.237507  105.917924   -8.6636  -15.6111
   16  5340  1742  583250.00  2347720.00  21.229153  105.802240   -8.6631  -13.6848
   17  4881  1775  578660.00  2347390.00  21.226376  105.757997   -7.2877  -18.5126
   18  1662  1952  546470.00  2345620.00  21.211492  105.447763  -11.5023  -18.4944
   19  1530  1970  545150.00  2345440.00  21.209899  105.435040   -7.0033  -18.2053
   20   588  2261  535730.00  2342530.00  21.183815  105.344215  -14.3684  -16.0368
   21  6282  2276  592670.00  2342380.00  21.180454  105.892719  -11.2323  -17.9235
   22   372  2309  533570.00  2342050.00  21.179520  105.323397  -13.5456  -18.1446
   23  3537  2327  565220.00  2341870.00  21.177035  105.628279  -11.1267  -18.4202
   24  3822  2552  568070.00  2339620.00  21.156603  105.655643   -8.0056  -17.8956
   25   771  2558  537560.00  2339560.00  21.156944  105.361779   -9.8479  -12.1874
   26  3915  2726  569000.00  2337880.00  21.140847  105.664530   -7.9810  -13.1608
   27  1830  2756  548150.00  2337580.00  21.138805  105.463724   -9.9674  -16.9300
   28  1479  2804  544640.00  2337100.00  21.134558  105.429908   -8.2196  -16.1783
   29   783  2954  537680.00  2335600.00  21.121161  105.362848  -13.2403  -28.1340
   30  6231  2954  592160.00  2335600.00  21.119226  105.887441   -6.7016  -13.2847
   31  1659  3278  546440.00  2332360.00  21.091686  105.447115   -7.4665  -12.7940
   32  5139  3422  581240.00  2330920.00  21.077462  105.782075  -10.4916  -13.0970
   33   366  3428  533510.00  2330860.00  21.078415  105.322600   -7.5601  -15.7436
   34  1995  3533  549800.00  2329810.00  21.068557  105.479389   -8.8202  -16.4796
   35  1548  3605  545330.00  2329090.00  21.062168  105.436342   -2.2750  -14.4029
   36  5238  3620  582230.00  2328940.00  21.059529  105.791510  -14.2192  -13.2385
   37  5307  3719  582920.00  2327950.00  21.050554  105.798104    4.1482   -5.7414
   38  2502  3731  554870.00  2327830.00  21.050523  105.528130  -11.4323  -12.5348
   39  2250  3818  552350.00  2326960.00  21.042736  105.503849   -9.9217  -20.0040
   40  2169  3866  551540.00  2326480.00  21.038422  105.496039   -8.4200  -17.3626
   41  4821  3911  578060.00  2326030.00  21.033420  105.751242   -8.2770  -13.7967
   42  1641  3917  546260.00  2325970.00  21.033955  105.445210  -11.6992  -16.2038
   43   324  3920  533090.00  2325940.00  21.033968  105.318462   -8.1492  -12.8220
   44  1974  3992  549590.00  2325220.00  21.027091  105.477236  -14.5498  -18.0858
   45  1665  4013  546500.00  2325010.00  21.025275  105.447494   -8.1975  -18.0779
   46  6885  4145  598700.00  2323690.00  21.011286  105.949727   -9.3147   -8.6053
   47  6879  4151  598640.00  2323630.00  21.010747  105.949147   -3.5898   -9.0820
   48  2745  4184  557300.00  2323300.00  21.009519  105.551368   -6.9201  -16.5050
   49  4863  4403  578480.00  2321110.00  20.988951  105.755060  -11.4668  -15.0250
   50  6381  4439  593660.00  2320750.00  20.984988  105.901076   -6.8969  -12.1795
   51  6414  4442  593990.00  2320720.00  20.984700  105.904249  -14.7577  -17.8106
   52  6411  4454  593960.00  2320600.00  20.983618  105.903954   -8.8735  -18.3744
   53  5619  4478  586040.00  2320360.00  20.981837  105.827753  -10.1024  -20.2818
   54  6120  4595  591050.00  2319190.00  20.971025  105.875886   -2.6421   -8.2315
   55  5403  4610  583880.00  2319040.00  20.970010  105.806910   -9.7170  -12.7194
   56  5139  4760  581240.00  2317540.00  20.956576  105.781445  -10.7711  -14.1637
   57  6267  4769  592520.00  2317450.00  20.955232  105.889933   -5.1080  -16.1785
   58  6204  4826  591890.00  2316880.00  20.950113  105.883843    0.1784  -11.0461
   59  2892  4835  558770.00  2316790.00  20.950653  105.565291  -15.2993  -21.5807
   60  5091  5105  580760.00  2314090.00  20.925427  105.776667   -8.3650  -14.0161
   61  3375  6089  563600.00  2304250.00  20.837191  105.611288   -6.8482  -17.8468
   62  3789  6203  567740.00  2303110.00  20.826744  105.651033  -18.1523  -18.6187
   63  3753  6536  567380.00  2299780.00  20.796670  105.647445   -5.4863  -13.7127
   66  4905  7103  578900.00  2294110.00  20.744988  105.757877   -6.4473  -14.4663
   67  6570  7499  595550.00  2290150.00  20.708431  105.917580  -11.8800  -16.3115

