; ENVI Output of ROIs (5.2) [Wed Nov 27 23:26:35 2019]
; Number of ROIs: 1
; File Dimension: 7647 x 9116
;
; ROI name: EVF: Layer: bareland.shp (Record=1)
; ROI rgb value: {255, 255, 0}
; ROI npts: 72
;  ID     X     Y      Map X       Map Y        Lat         Lon        B1        B2
    1  5523   500  585080.00  2360140.00  21.341275  105.820496  -13.5129  -18.3497
    2  5397   506  583820.00  2360080.00  21.340792  105.808343  -10.2274  -18.1844
    3  5583   548  585680.00  2359660.00  21.336911  105.826258  -10.5927  -15.9772
    4  5703   578  586880.00  2359360.00  21.334143  105.837814  -18.4917  -27.5791
    5  5118   629  581030.00  2358850.00  21.329807  105.781380  -10.0671  -14.8414
    6  5112   629  580970.00  2358850.00  21.329810  105.780801   -5.0450  -14.5407
    7  6009   665  589940.00  2358490.00  21.326134  105.867273  -10.4862  -18.2127
    8  4980   965  579650.00  2355490.00  21.299513  105.767915  -12.3763  -17.7646
    9  5742   986  587270.00  2355280.00  21.297264  105.841364   -9.4000  -15.3044
   10  5745   995  587300.00  2355190.00  21.296450  105.841649  -10.3438  -16.1027
   11  5052  1016  580370.00  2354980.00  21.294873  105.774832  -10.5121  -17.1649
   12  6012  1022  589970.00  2354920.00  21.293880  105.867373   -8.7250  -14.0144
   13  5469  1403  584540.00  2351110.00  21.259720  105.814839  -11.1425  -12.6728
   14  6459  1442  594440.00  2350720.00  21.255709  105.910230  -13.6734  -22.7091
   15  6540  1643  595250.00  2348710.00  21.237507  105.917924  -10.6832  -17.5846
   16  5340  1742  583250.00  2347720.00  21.229153  105.802240  -10.4524  -14.5589
   17  4881  1775  578660.00  2347390.00  21.226376  105.757997  -10.9906  -16.7502
   18  1662  1952  546470.00  2345620.00  21.211492  105.447763   -9.3222  -16.3258
   19  1530  1970  545150.00  2345440.00  21.209899  105.435040   -0.9994  -13.4621
   20   588  2261  535730.00  2342530.00  21.183815  105.344215  -11.1730  -18.6537
   21  6282  2276  592670.00  2342380.00  21.180454  105.892719  -11.4750  -21.4971
   22   372  2309  533570.00  2342050.00  21.179520  105.323397  -11.8172  -17.4680
   23  3537  2327  565220.00  2341870.00  21.177035  105.628279  -10.3008  -14.5273
   24  3822  2552  568070.00  2339620.00  21.156603  105.655643   -8.2787  -15.0893
   25   771  2558  537560.00  2339560.00  21.156944  105.361779   -9.9710  -14.5544
   26  3915  2726  569000.00  2337880.00  21.140847  105.664530  -11.5387  -17.5702
   27  1830  2756  548150.00  2337580.00  21.138805  105.463724   -9.5629  -16.7868
   28  1479  2804  544640.00  2337100.00  21.134558  105.429908   -6.3309  -14.0409
   29  6231  2954  592160.00  2335600.00  21.119226  105.887441   -5.2594  -10.0300
   30   783  2954  537680.00  2335600.00  21.121161  105.362848  -11.5528  -25.2918
   31  1659  3278  546440.00  2332360.00  21.091686  105.447115   -5.1021  -16.0960
   32  6054  3299  590390.00  2332150.00  21.088146  105.870217   -5.8427  -11.4800
   33  5139  3422  581240.00  2330920.00  21.077462  105.782075  -11.5666  -16.3995
   34   366  3428  533510.00  2330860.00  21.078415  105.322600   -8.2719  -17.1529
   35  1995  3533  549800.00  2329810.00  21.068557  105.479389   -7.9143  -11.9304
   36  1548  3605  545330.00  2329090.00  21.062168  105.436342   -2.8743  -17.3718
   37  5238  3620  582230.00  2328940.00  21.059529  105.791510  -11.8977  -15.4756
   38  2502  3731  554870.00  2327830.00  21.050523  105.528130   -8.9074  -13.7563
   39  2250  3818  552350.00  2326960.00  21.042736  105.503849  -12.2045  -17.1475
   40  2169  3866  551540.00  2326480.00  21.038422  105.496039  -11.7255  -17.6288
   41  4821  3911  578060.00  2326030.00  21.033420  105.751242  -11.3884  -14.9083
   42  1641  3917  546260.00  2325970.00  21.033955  105.445210  -13.2040  -18.0267
   43   324  3920  533090.00  2325940.00  21.033968  105.318462   -8.9114  -13.8609
   44  1974  3992  549590.00  2325220.00  21.027091  105.477236  -12.2693  -17.2711
   45  1665  4013  546500.00  2325010.00  21.025275  105.447494  -11.0695  -18.0608
   46  6885  4145  598700.00  2323690.00  21.011286  105.949727   -8.1698  -14.2113
   47  6879  4151  598640.00  2323630.00  21.010747  105.949147  -12.2644  -16.6797
   48  2745  4184  557300.00  2323300.00  21.009519  105.551368  -10.6395  -16.1566
   49  4863  4403  578480.00  2321110.00  20.988951  105.755060  -11.5658  -18.9229
   50  6381  4439  593660.00  2320750.00  20.984988  105.901076   -6.1374   -9.6704
   51  6414  4442  593990.00  2320720.00  20.984700  105.904249  -17.0582  -19.7790
   52  6411  4454  593960.00  2320600.00  20.983618  105.903954  -11.2802  -14.7632
   53  5619  4478  586040.00  2320360.00  20.981837  105.827753  -11.8275  -16.1900
   54  5460  4589  584450.00  2319250.00  20.971882  105.812403    1.9119   -5.3041
   55  6120  4595  591050.00  2319190.00  20.971025  105.875886   -7.4338  -11.4901
   56  5403  4610  583880.00  2319040.00  20.970010  105.806910  -10.2473  -14.1553
   57  5139  4760  581240.00  2317540.00  20.956576  105.781445   -9.7991  -14.9716
   58  6267  4769  592520.00  2317450.00  20.955232  105.889933  -11.9026  -20.3071
   59  5040  4823  580250.00  2316910.00  20.950928  105.771894   -2.0532  -12.0208
   60  6204  4826  591890.00  2316880.00  20.950113  105.883843   -8.4259  -10.7818
   61  2892  4835  558770.00  2316790.00  20.950653  105.565291  -14.4548  -17.6908
   62  5091  5105  580760.00  2314090.00  20.925427  105.776667   -8.0756  -13.0587
   63  5091  5117  580760.00  2313970.00  20.924343  105.776662   -5.6453  -14.3904
   64  3375  6089  563600.00  2304250.00  20.837191  105.611288   -9.0087  -14.4843
   65  3789  6203  567740.00  2303110.00  20.826744  105.651033  -14.0697  -18.6619
   66  3753  6536  567380.00  2299780.00  20.796670  105.647445   -7.9462  -13.1944
   69  4905  7103  578900.00  2294110.00  20.744988  105.757877   -6.5083  -17.9700
   70  6570  7499  595550.00  2290150.00  20.708431  105.917580  -11.5310  -15.7680
