; ENVI Output of ROIs (5.2) [Wed Nov 27 23:40:31 2019]
; Number of ROIs: 1
; File Dimension: 7647 x 9116
;
; ROI name: EVF: Layer: bareland.shp (Record=1)
; ROI rgb value: {255, 255, 0}
; ROI npts: 73
;  ID     X     Y      Map X       Map Y        Lat         Lon        B1        B2
    1  5523   500  585080.00  2360140.00  21.341275  105.820496  -12.5401  -18.2048
    2  5397   506  583820.00  2360080.00  21.340792  105.808343  -12.1499  -18.2693
    3  5583   548  585680.00  2359660.00  21.336911  105.826258   -9.8376  -14.8270
    4  5703   578  586880.00  2359360.00  21.334143  105.837814  -25.0185  -47.2115
    5  5112   629  580970.00  2358850.00  21.329810  105.780801   -5.9594  -11.2986
    6  5118   629  581030.00  2358850.00  21.329807  105.781380  -11.4123  -12.3705
    7  6009   665  589940.00  2358490.00  21.326134  105.867273  -10.1449  -18.0284
    8  4980   965  579650.00  2355490.00  21.299513  105.767915  -12.4520  -18.0815
    9  5742   986  587270.00  2355280.00  21.297264  105.841364  -10.2255  -17.1370
   10  5745   995  587300.00  2355190.00  21.296450  105.841649   -7.5451  -14.8821
   11  5052  1016  580370.00  2354980.00  21.294873  105.774832  -12.5620  -18.1790
   12  6012  1022  589970.00  2354920.00  21.293880  105.867373  -13.7074  -17.1161
   13  5469  1403  584540.00  2351110.00  21.259720  105.814839  -10.0101  -14.1869
   14  6459  1442  594440.00  2350720.00  21.255709  105.910230  -13.1257  -18.4179
   15  6540  1643  595250.00  2348710.00  21.237507  105.917924  -10.4345  -16.1844
   16  5340  1742  583250.00  2347720.00  21.229153  105.802240  -10.4405  -17.1483
   17  4881  1775  578660.00  2347390.00  21.226376  105.757997  -10.5977  -18.4947
   18  1662  1952  546470.00  2345620.00  21.211492  105.447763   -9.4179  -18.7007
   19  1530  1970  545150.00  2345440.00  21.209899  105.435040   -6.4155  -19.0628
   20   588  2261  535730.00  2342530.00  21.183815  105.344215  -12.3560  -16.9811
   21  6282  2276  592670.00  2342380.00  21.180454  105.892719  -11.4601  -18.5221
   22   372  2309  533570.00  2342050.00  21.179520  105.323397   -9.9114  -20.2796
   23  3537  2327  565220.00  2341870.00  21.177035  105.628279   -9.7892  -13.1668
   24  3822  2552  568070.00  2339620.00  21.156603  105.655643   -7.1859  -15.2056
   25   771  2558  537560.00  2339560.00  21.156944  105.361779   -7.2568  -15.6570
   26  3915  2726  569000.00  2337880.00  21.140847  105.664530  -10.7528  -16.2794
   27  1830  2756  548150.00  2337580.00  21.138805  105.463724   -8.2405  -17.4790
   28  1479  2804  544640.00  2337100.00  21.134558  105.429908   -6.6476  -17.6053
   29  6231  2954  592160.00  2335600.00  21.119226  105.887441  -11.7226  -15.0007
   30   783  2954  537680.00  2335600.00  21.121161  105.362848  -14.9189  -22.4594
   31  1659  3278  546440.00  2332360.00  21.091686  105.447115   -8.2833  -12.1019
   32  6054  3299  590390.00  2332150.00  21.088146  105.870217   -6.3033  -13.1495
   33  5139  3422  581240.00  2330920.00  21.077462  105.782075   -8.2538  -15.0977
   34   366  3428  533510.00  2330860.00  21.078415  105.322600   -9.3384  -16.5517
   35  1995  3533  549800.00  2329810.00  21.068557  105.479389   -8.1770  -12.0564
   36  1548  3605  545330.00  2329090.00  21.062168  105.436342   -2.5987  -14.9420
   37  5238  3620  582230.00  2328940.00  21.059529  105.791510  -11.0063  -18.6594
   38  5307  3719  582920.00  2327950.00  21.050554  105.798104   -1.0979   -5.7377
   39  2502  3731  554870.00  2327830.00  21.050523  105.528130  -10.1858  -15.0910
   40  2250  3818  552350.00  2326960.00  21.042736  105.503849  -13.9547  -16.9846
   41  2169  3866  551540.00  2326480.00  21.038422  105.496039   -7.0587  -15.2929
   42  4821  3911  578060.00  2326030.00  21.033420  105.751242   -9.3536  -13.0855
   43  1641  3917  546260.00  2325970.00  21.033955  105.445210  -14.1958  -18.1995
   44   324  3920  533090.00  2325940.00  21.033968  105.318462   -9.4410  -17.0083
   45  1974  3992  549590.00  2325220.00  21.027091  105.477236  -11.9040  -19.9252
   46  1665  4013  546500.00  2325010.00  21.025275  105.447494  -10.7441  -18.9088
   47  6885  4145  598700.00  2323690.00  21.011286  105.949727   -8.5246  -15.7320
   48  6879  4151  598640.00  2323630.00  21.010747  105.949147   -6.8530  -12.4423
   49  2745  4184  557300.00  2323300.00  21.009519  105.551368   -8.4290  -20.1991
   50  4863  4403  578480.00  2321110.00  20.988951  105.755060  -11.4131  -19.2107
   51  6381  4439  593660.00  2320750.00  20.984988  105.901076   -8.4380  -16.4014
   52  6414  4442  593990.00  2320720.00  20.984700  105.904249   -7.8910  -18.9308
   53  6411  4454  593960.00  2320600.00  20.983618  105.903954  -10.2918  -16.4177
   54  5619  4478  586040.00  2320360.00  20.981837  105.827753  -15.6364  -19.7994
   55  5460  4589  584450.00  2319250.00  20.971882  105.812403   -1.4243   -7.6532
   56  6120  4595  591050.00  2319190.00  20.971025  105.875886   -2.9551  -12.2874
   57  5403  4610  583880.00  2319040.00  20.970010  105.806910   -7.3521  -14.6111
   58  5139  4760  581240.00  2317540.00  20.956576  105.781445  -10.2513  -14.6574
   59  6267  4769  592520.00  2317450.00  20.955232  105.889933  -13.0975  -22.6646
   60  5040  4823  580250.00  2316910.00  20.950928  105.771894   -6.6173  -13.1359
   61  6204  4826  591890.00  2316880.00  20.950113  105.883843   -1.5018  -11.0156
   62  2892  4835  558770.00  2316790.00  20.950653  105.565291  -16.0231  -17.6913
   63  5091  5105  580760.00  2314090.00  20.925427  105.776667   -7.4396  -11.7702
   64  5091  5117  580760.00  2313970.00  20.924343  105.776662  -11.4805  -21.5233
   65  3375  6089  563600.00  2304250.00  20.837191  105.611288  -10.2769  -17.7794
   66  3789  6203  567740.00  2303110.00  20.826744  105.651033  -17.0454  -17.4753
   67  3753  6536  567380.00  2299780.00  20.796670  105.647445   -7.5009  -13.9252
   70  4905  7103  578900.00  2294110.00  20.744988  105.757877   -5.4910  -18.4413
   71  6570  7499  595550.00  2290150.00  20.708431  105.917580  -11.5488  -16.3880
