; ENVI Output of ROIs (5.2) [Wed Nov 27 00:25:20 2019]
; Number of ROIs: 1
; File Dimension: 7647 x 9116
;
; ROI name: EVF: Layer: bareland.shp
; ROI rgb value: {255, 255, 255}
; ROI npts: 73
;  ID     X     Y      Map X       Map Y        Lat         Lon        B1        B2
    1  5523   500  585080.00  2360140.00  21.341275  105.820496  -11.1797  -20.6704
    2  5397   506  583820.00  2360080.00  21.340792  105.808343  -13.4463  -16.4282
    3  5583   548  585680.00  2359660.00  21.336911  105.826258  -12.7143  -15.1285
    4  5703   578  586880.00  2359360.00  21.334143  105.837814  -11.8142  -18.8209
    5  5118   629  581030.00  2358850.00  21.329807  105.781380   -9.9167  -17.6294
    6  5112   629  580970.00  2358850.00  21.329810  105.780801   -1.9574  -12.9011
    7  6009   665  589940.00  2358490.00  21.326134  105.867273  -11.1425  -16.4585
    8  4980   965  579650.00  2355490.00  21.299513  105.767915  -15.5750  -19.5109
    9  5742   986  587270.00  2355280.00  21.297264  105.841364   -8.5981  -21.0082
   10  5745   995  587300.00  2355190.00  21.296450  105.841649  -14.0411  -20.3281
   11  5052  1016  580370.00  2354980.00  21.294873  105.774832  -12.9627  -18.9840
   12  6012  1022  589970.00  2354920.00  21.293880  105.867373  -12.9335  -17.6197
   13  5469  1403  584540.00  2351110.00  21.259720  105.814839   -7.1426  -17.6750
   14  6459  1442  594440.00  2350720.00  21.255709  105.910230  -11.9126  -19.6935
   15  5340  1742  583250.00  2347720.00  21.229153  105.802240  -10.7375  -17.6124
   16  4881  1775  578660.00  2347390.00  21.226376  105.757997  -10.7096  -18.8528
   17  1662  1952  546470.00  2345620.00  21.211492  105.447763  -12.0565  -18.9542
   18  1530  1970  545150.00  2345440.00  21.209899  105.435040  -10.9128  -18.6895
   19   588  2261  535730.00  2342530.00  21.183815  105.344215  -13.0022  -20.3685
   20  6282  2276  592670.00  2342380.00  21.180454  105.892719   -7.7405  -15.7165
   21   372  2309  533570.00  2342050.00  21.179520  105.323397  -11.7021  -21.3583
   22  3537  2327  565220.00  2341870.00  21.177035  105.628279   -8.9229  -17.0010
   23  3822  2552  568070.00  2339620.00  21.156603  105.655643   -7.9174  -18.1786
   24   771  2558  537560.00  2339560.00  21.156944  105.361779   -9.6542  -15.8203
   25  3810  2669  567950.00  2338450.00  21.146036  105.654441  -16.8462  -23.4615
   26  3915  2726  569000.00  2337880.00  21.140847  105.664530  -12.2579  -17.3711
   27  1830  2756  548150.00  2337580.00  21.138805  105.463724   -9.0408  -20.5083
   28  1479  2804  544640.00  2337100.00  21.134558  105.429908   -7.9729  -17.2520
   29   783  2954  537680.00  2335600.00  21.121161  105.362848  -15.3102  -21.0029
   30  6231  2954  592160.00  2335600.00  21.119226  105.887441   -6.9900  -10.8911
   31  1659  3278  546440.00  2332360.00  21.091686  105.447115   -8.3109  -13.7913
   32  6054  3299  590390.00  2332150.00  21.088146  105.870217  -10.7920  -11.2144
   33  5139  3422  581240.00  2330920.00  21.077462  105.782075   -9.2718  -19.2989
   34   366  3428  533510.00  2330860.00  21.078415  105.322600  -10.7050  -14.0975
   35  1995  3533  549800.00  2329810.00  21.068557  105.479389   -9.2901  -12.4886
   36  1548  3605  545330.00  2329090.00  21.062168  105.436342   -8.9099  -21.5164
   37  5238  3620  582230.00  2328940.00  21.059529  105.791510  -12.1752  -17.8771
   38  2502  3731  554870.00  2327830.00  21.050523  105.528130   -8.0212  -15.4541
   39  2250  3818  552350.00  2326960.00  21.042736  105.503849  -16.5614  -19.7194
   40  2169  3866  551540.00  2326480.00  21.038422  105.496039  -12.6226  -21.8680
   41  4821  3911  578060.00  2326030.00  21.033420  105.751242  -12.4523  -24.8597
   42  1641  3917  546260.00  2325970.00  21.033955  105.445210  -15.1671  -26.2089
   43   324  3920  533090.00  2325940.00  21.033968  105.318462   -8.1020  -12.2918
   44  1974  3992  549590.00  2325220.00  21.027091  105.477236  -14.2546  -22.2260
   45  1665  4013  546500.00  2325010.00  21.025275  105.447494  -11.1387  -19.0724
   46  6885  4145  598700.00  2323690.00  21.011286  105.949727  -11.1210  -15.8086
   47  6879  4151  598640.00  2323630.00  21.010747  105.949147  -16.6223  -20.9964
   48  2745  4184  557300.00  2323300.00  21.009519  105.551368   -8.0856  -18.4003
   49  4863  4403  578480.00  2321110.00  20.988951  105.755060  -15.5508  -22.7500
   50  6381  4439  593660.00  2320750.00  20.984988  105.901076   -8.5386  -19.7001
   51  6414  4442  593990.00  2320720.00  20.984700  105.904249   -9.6853  -20.5514
   52  6411  4454  593960.00  2320600.00  20.983618  105.903954  -11.9930  -14.9582
   53  5619  4478  586040.00  2320360.00  20.981837  105.827753  -13.2955  -21.3051
   54  5460  4589  584450.00  2319250.00  20.971882  105.812403   -3.7282   -6.7413
   55  6120  4595  591050.00  2319190.00  20.971025  105.875886   -4.8687  -12.6143
   56  5403  4610  583880.00  2319040.00  20.970010  105.806910   -6.3413  -13.6529
   57  6261  4754  592460.00  2317600.00  20.956590  105.889364   -2.4166   -7.5936
   58  5139  4760  581240.00  2317540.00  20.956576  105.781445   -9.0806  -14.2828
   59  6267  4769  592520.00  2317450.00  20.955232  105.889933   -5.0049  -17.5465
   60  5040  4823  580250.00  2316910.00  20.950928  105.771894  -14.7157  -18.5989
   61  6204  4826  591890.00  2316880.00  20.950113  105.883843  -10.1925  -21.9601
   62  2892  4835  558770.00  2316790.00  20.950653  105.565291  -14.4362  -19.3609
   63  5091  5105  580760.00  2314090.00  20.925427  105.776667   -9.9576  -12.0408
   64  5091  5117  580760.00  2313970.00  20.924343  105.776662   -7.7077  -12.3594
   65  3375  6089  563600.00  2304250.00  20.837191  105.611288   -9.8706  -20.0526
   66  3789  6203  567740.00  2303110.00  20.826744  105.651033  -13.5239  -22.4424
   67  3753  6536  567380.00  2299780.00  20.796670  105.647445   -6.9253  -13.0137
   70  4905  7103  578900.00  2294110.00  20.744988  105.757877   -9.6277  -20.2666
   71  6570  7499  595550.00  2290150.00  20.708431  105.917580  -12.2817  -20.8218
