; ENVI Output of ROIs (5.2) [Thu Nov 28 00:01:36 2019]
; Number of ROIs: 1
; File Dimension: 7647 x 9116
;
; ROI name: EVF: Layer: bareland.shp (Record=1)
; ROI rgb value: {255, 255, 0}
; ROI npts: 73
;  ID     X     Y      Map X       Map Y        Lat         Lon        B1        B2
    1  5523   500  585080.00  2360140.00  21.341275  105.820496   -9.0816  -16.5075
    2  5397   506  583820.00  2360080.00  21.340792  105.808343  -14.1867  -15.9457
    3  5583   548  585680.00  2359660.00  21.336911  105.826258  -10.0265  -13.3409
    4  5703   578  586880.00  2359360.00  21.334143  105.837814  -17.2102  -32.6371
    5  5112   629  580970.00  2358850.00  21.329810  105.780801   -7.7068  -12.1906
    6  5118   629  581030.00  2358850.00  21.329807  105.781380   -6.4954  -11.1938
    7  6009   665  589940.00  2358490.00  21.326134  105.867273   -9.7134  -20.1559
    8  4980   965  579650.00  2355490.00  21.299513  105.767915  -10.5797  -22.4183
    9  5742   986  587270.00  2355280.00  21.297264  105.841364   -7.9598  -15.3384
   10  5745   995  587300.00  2355190.00  21.296450  105.841649   -5.6303  -13.4863
   11  5052  1016  580370.00  2354980.00  21.294873  105.774832  -13.8124  -15.8564
   12  6012  1022  589970.00  2354920.00  21.293880  105.867373  -10.5198  -13.4199
   13  5469  1403  584540.00  2351110.00  21.259720  105.814839   -8.5965  -12.5007
   14  6459  1442  594440.00  2350720.00  21.255709  105.910230   -9.9835  -14.7927
   15  6540  1643  595250.00  2348710.00  21.237507  105.917924   -9.3590  -16.4729
   16  5340  1742  583250.00  2347720.00  21.229153  105.802240   -9.4260  -14.7144
   17  4881  1775  578660.00  2347390.00  21.226376  105.757997  -10.0850  -18.3660
   18  1662  1952  546470.00  2345620.00  21.211492  105.447763  -10.2838  -16.4381
   19  1530  1970  545150.00  2345440.00  21.209899  105.435040  -10.8230  -15.8290
   20   588  2261  535730.00  2342530.00  21.183815  105.344215  -14.2509  -16.9648
   21  6282  2276  592670.00  2342380.00  21.180454  105.892719   -8.3642  -16.7329
   22   372  2309  533570.00  2342050.00  21.179520  105.323397   -8.6586  -19.0327
   23  3537  2327  565220.00  2341870.00  21.177035  105.628279   -9.4703  -13.3428
   24  3822  2552  568070.00  2339620.00  21.156603  105.655643   -7.6602  -15.6362
   25   771  2558  537560.00  2339560.00  21.156944  105.361779   -9.6100  -10.9069
   26  3915  2726  569000.00  2337880.00  21.140847  105.664530  -13.4393  -18.0493
   27  1830  2756  548150.00  2337580.00  21.138805  105.463724   -9.0671  -20.5687
   28  1479  2804  544640.00  2337100.00  21.134558  105.429908  -10.2975  -14.6927
   29  6231  2954  592160.00  2335600.00  21.119226  105.887441   -9.4120  -16.6325
   30   783  2954  537680.00  2335600.00  21.121161  105.362848  -12.0964  -18.1567
   31  1659  3278  546440.00  2332360.00  21.091686  105.447115   -7.7519  -18.1619
   32  6054  3299  590390.00  2332150.00  21.088146  105.870217   -6.0892  -11.3856
   33  5139  3422  581240.00  2330920.00  21.077462  105.782075   -9.6154  -12.4010
   34   366  3428  533510.00  2330860.00  21.078415  105.322600  -10.6238  -15.7936
   35  1995  3533  549800.00  2329810.00  21.068557  105.479389   -7.0790  -16.5460
   36  1548  3605  545330.00  2329090.00  21.062168  105.436342   -2.4626  -16.8565
   37  5238  3620  582230.00  2328940.00  21.059529  105.791510  -11.1622  -15.0810
   38  5307  3719  582920.00  2327950.00  21.050554  105.798104    8.5292   -6.5539
   39  2502  3731  554870.00  2327830.00  21.050523  105.528130   -8.0649  -13.5994
   40  2250  3818  552350.00  2326960.00  21.042736  105.503849  -16.0625  -16.0667
   41  2169  3866  551540.00  2326480.00  21.038422  105.496039  -10.2168  -10.7776
   42  4821  3911  578060.00  2326030.00  21.033420  105.751242   -9.9334  -13.1482
   43  1641  3917  546260.00  2325970.00  21.033955  105.445210  -15.1674  -20.7962
   44   324  3920  533090.00  2325940.00  21.033968  105.318462   -8.0618  -12.4436
   45  1974  3992  549590.00  2325220.00  21.027091  105.477236  -14.0713  -17.1301
   46  1665  4013  546500.00  2325010.00  21.025275  105.447494   -9.3062  -15.8482
   47  6885  4145  598700.00  2323690.00  21.011286  105.949727   -9.8348  -11.6385
   48  6879  4151  598640.00  2323630.00  21.010747  105.949147   -5.4819  -10.0166
   49  2745  4184  557300.00  2323300.00  21.009519  105.551368   -6.2135  -17.5761
   50  4863  4403  578480.00  2321110.00  20.988951  105.755060   -8.7749  -16.8714
   51  6381  4439  593660.00  2320750.00  20.984988  105.901076   -9.9429  -14.9715
   52  6414  4442  593990.00  2320720.00  20.984700  105.904249  -12.0217  -19.0427
   53  6411  4454  593960.00  2320600.00  20.983618  105.903954   -8.0632  -17.7612
   54  5619  4478  586040.00  2320360.00  20.981837  105.827753   -9.6511  -19.2960
   55  5460  4589  584450.00  2319250.00  20.971882  105.812403    0.4277   -7.0628
   56  6120  4595  591050.00  2319190.00  20.971025  105.875886   -1.0308   -9.4722
   57  5403  4610  583880.00  2319040.00  20.970010  105.806910  -10.1674  -14.9997
   58  5139  4760  581240.00  2317540.00  20.956576  105.781445   -5.8755  -12.0298
   59  6267  4769  592520.00  2317450.00  20.955232  105.889933  -11.7632  -19.1932
   60  5040  4823  580250.00  2316910.00  20.950928  105.771894   -6.1391  -12.9562
   61  6204  4826  591890.00  2316880.00  20.950113  105.883843    3.4167  -10.9461
   62  2892  4835  558770.00  2316790.00  20.950653  105.565291  -14.5093  -17.1032
   63  5091  5105  580760.00  2314090.00  20.925427  105.776667   -7.9738  -12.0654
   64  5091  5117  580760.00  2313970.00  20.924343  105.776662   -5.2003  -16.1642
   65  3375  6089  563600.00  2304250.00  20.837191  105.611288  -11.2130  -14.3570
   66  3789  6203  567740.00  2303110.00  20.826744  105.651033  -13.2980  -21.0029
   67  3753  6536  567380.00  2299780.00  20.796670  105.647445   -4.1444   -8.5956
   70  4905  7103  578900.00  2294110.00  20.744988  105.757877   -5.2299  -13.2718
   71  6570  7499  595550.00  2290150.00  20.708431  105.917580   -8.1218  -16.5852
