; ENVI Output of ROIs (5.2) [Wed Nov 27 00:58:59 2019]
; Number of ROIs: 1
; File Dimension: 7647 x 9116
;
; ROI name: EVF: Layer: bareland.shp
; ROI rgb value: {255, 255, 255}
; ROI npts: 62
;  ID     X     Y      Map X       Map Y        Lat         Lon        B1        B2
    1  5523   500  585080.00  2360140.00  21.341275  105.820496   -9.0389  -17.9927
    2  5397   506  583820.00  2360080.00  21.340792  105.808343  -10.6634  -23.6110
    3  5583   548  585680.00  2359660.00  21.336911  105.826258  -10.9855  -16.7959
    4  5703   578  586880.00  2359360.00  21.334143  105.837814  -12.0263  -18.5049
    5  5112   629  580970.00  2358850.00  21.329810  105.780801   -5.3765  -11.1569
    6  5118   629  581030.00  2358850.00  21.329807  105.781380   -9.5614  -15.3667
    7  6009   665  589940.00  2358490.00  21.326134  105.867273  -11.4173  -19.9545
    8  4980   965  579650.00  2355490.00  21.299513  105.767915  -15.0923  -18.7390
    9  5742   986  587270.00  2355280.00  21.297264  105.841364  -10.3661  -15.6981
   10  5745   995  587300.00  2355190.00  21.296450  105.841649   -7.0819  -17.7659
   11  5052  1016  580370.00  2354980.00  21.294873  105.774832  -11.2256  -20.3367
   12  6012  1022  589970.00  2354920.00  21.293880  105.867373  -13.0594  -16.0762
   13  5469  1403  584540.00  2351110.00  21.259720  105.814839  -11.6629  -17.6075
   14  5340  1742  583250.00  2347720.00  21.229153  105.802240   -9.4877  -19.5931
   15  4881  1775  578660.00  2347390.00  21.226376  105.757997  -13.7377  -17.8942
   16  1662  1952  546470.00  2345620.00  21.211492  105.447763  -10.8148  -19.4435
   17  1530  1970  545150.00  2345440.00  21.209899  105.435040   -7.2690  -16.5096
   18   588  2261  535730.00  2342530.00  21.183815  105.344215  -14.1208  -21.4722
   19  6282  2276  592670.00  2342380.00  21.180454  105.892719   -8.2163  -15.5603
   20   372  2309  533570.00  2342050.00  21.179520  105.323397  -11.2043  -23.5632
   21  3537  2327  565220.00  2341870.00  21.177035  105.628279   -5.5486  -13.1435
   22  3822  2552  568070.00  2339620.00  21.156603  105.655643  -10.6702  -16.8139
   23   771  2558  537560.00  2339560.00  21.156944  105.361779   -8.5052  -13.0822
   24  3915  2726  569000.00  2337880.00  21.140847  105.664530  -13.2214  -12.5616
   25  1830  2756  548150.00  2337580.00  21.138805  105.463724   -9.7990  -16.6911
   26  1479  2804  544640.00  2337100.00  21.134558  105.429908   -7.9782  -18.3947
   27  6231  2954  592160.00  2335600.00  21.119226  105.887441   -6.0627  -14.1191
   28   783  2954  537680.00  2335600.00  21.121161  105.362848  -12.7417  -17.9267
   29  1659  3278  546440.00  2332360.00  21.091686  105.447115   -9.0181  -14.8808
   30  6054  3299  590390.00  2332150.00  21.088146  105.870217   -9.6129  -11.0354
   31  5139  3422  581240.00  2330920.00  21.077462  105.782075  -10.2899  -16.3359
   32   366  3428  533510.00  2330860.00  21.078415  105.322600   -8.5318  -13.4880
   33  1995  3533  549800.00  2329810.00  21.068557  105.479389  -11.5712  -14.4860
   34  1548  3605  545330.00  2329090.00  21.062168  105.436342   -7.5382  -17.7104
   35  5238  3620  582230.00  2328940.00  21.059529  105.791510   -8.8202  -19.1724
   36  2502  3731  554870.00  2327830.00  21.050523  105.528130   -7.8490  -14.7412
   37  2250  3818  552350.00  2326960.00  21.042736  105.503849  -14.6569  -20.5330
   38  1641  3917  546260.00  2325970.00  21.033955  105.445210  -14.5369  -22.3331
   39   324  3920  533090.00  2325940.00  21.033968  105.318462  -12.2821  -13.5447
   40  1974  3992  549590.00  2325220.00  21.027091  105.477236  -15.4913  -17.6412
   41  1665  4013  546500.00  2325010.00  21.025275  105.447494  -12.4685  -20.0594
   42  6885  4145  598700.00  2323690.00  21.011286  105.949727  -10.7707  -18.4752
   43  6879  4151  598640.00  2323630.00  21.010747  105.949147  -15.0237  -23.3858
   44  2745  4184  557300.00  2323300.00  21.009519  105.551368   -9.6355  -15.5063
   45  4863  4403  578480.00  2321110.00  20.988951  105.755060  -13.1232  -21.0017
   46  6414  4442  593990.00  2320720.00  20.984700  105.904249  -12.4148  -22.0872
   47  5619  4478  586040.00  2320360.00  20.981837  105.827753  -10.4493  -16.9165
   48  5460  4589  584450.00  2319250.00  20.971882  105.812403   -3.6575   -6.5528
   49  6261  4754  592460.00  2317600.00  20.956590  105.889364    6.3843   -3.8860
   50  5139  4760  581240.00  2317540.00  20.956576  105.781445  -10.4281  -17.7918
   51  5040  4823  580250.00  2316910.00  20.950928  105.771894  -11.7610  -18.0962
   52  6204  4826  591890.00  2316880.00  20.950113  105.883843  -10.5318  -15.7742
   53  2892  4835  558770.00  2316790.00  20.950653  105.565291  -13.2135  -20.4881
   54  5091  5105  580760.00  2314090.00  20.925427  105.776667   -8.3922  -14.4938
   55  3375  6089  563600.00  2304250.00  20.837191  105.611288   -8.2585  -18.3134
   56  3789  6203  567740.00  2303110.00  20.826744  105.651033  -16.0518  -24.1723
   59  4905  7103  578900.00  2294110.00  20.744988  105.757877   -9.6629  -18.7041
   60  6570  7499  595550.00  2290150.00  20.708431  105.917580  -11.7828  -15.9167
