; ENVI Output of ROIs (5.2) [Wed Nov 27 01:38:21 2019]
; Number of ROIs: 1
; File Dimension: 7647 x 9116
;
; ROI name: EVF: Layer: bareland.shp
; ROI rgb value: {255, 255, 255}
; ROI npts: 69
;  ID     X     Y      Map X       Map Y        Lat         Lon        B1        B2
    1  5523   500  585080.00  2360140.00  21.341275  105.820496  -12.1215  -17.7879
    2  5397   506  583820.00  2360080.00  21.340792  105.808343  -12.4723  -15.7995
    3  5583   548  585680.00  2359660.00  21.336911  105.826258   -8.1304  -14.2697
    4  5703   578  586880.00  2359360.00  21.334143  105.837814  -12.8486  -18.7103
    5  5118   629  581030.00  2358850.00  21.329807  105.781380   -7.5161  -14.0158
    6  5112   629  580970.00  2358850.00  21.329810  105.780801   -6.0377   -8.2565
    7  6009   665  589940.00  2358490.00  21.326134  105.867273  -11.7096  -19.3867
    8  4980   965  579650.00  2355490.00  21.299513  105.767915  -11.2992  -16.3426
    9  5742   986  587270.00  2355280.00  21.297264  105.841364   -8.4534  -17.9455
   10  5745   995  587300.00  2355190.00  21.296450  105.841649   -8.8707  -18.9238
   11  5052  1016  580370.00  2354980.00  21.294873  105.774832  -14.9588  -21.8386
   12  6012  1022  589970.00  2354920.00  21.293880  105.867373  -12.5081  -17.3425
   13  5469  1403  584540.00  2351110.00  21.259720  105.814839   -9.8177  -18.6425
   14  6459  1442  594440.00  2350720.00  21.255709  105.910230  -12.1475  -19.0155
   15  5340  1742  583250.00  2347720.00  21.229153  105.802240  -10.9578  -16.1128
   16  4881  1775  578660.00  2347390.00  21.226376  105.757997  -12.2903  -17.1257
   17  1662  1952  546470.00  2345620.00  21.211492  105.447763  -18.3815  -20.1104
   18  1530  1970  545150.00  2345440.00  21.209899  105.435040   -5.6313  -20.4243
   19   588  2261  535730.00  2342530.00  21.183815  105.344215  -14.1583  -18.4739
   20  6282  2276  592670.00  2342380.00  21.180454  105.892719   -8.3528  -19.7336
   21   372  2309  533570.00  2342050.00  21.179520  105.323397  -14.2392  -20.4707
   22  3537  2327  565220.00  2341870.00  21.177035  105.628279   -5.8033  -16.8733
   23  3822  2552  568070.00  2339620.00  21.156603  105.655643   -8.2723  -19.2126
   24   771  2558  537560.00  2339560.00  21.156944  105.361779  -13.8501  -14.6896
   25  3810  2669  567950.00  2338450.00  21.146036  105.654441  -16.9987  -25.8442
   26  3915  2726  569000.00  2337880.00  21.140847  105.664530  -11.9141  -13.4639
   27  1830  2756  548150.00  2337580.00  21.138805  105.463724   -9.7304  -18.1804
   28  1479  2804  544640.00  2337100.00  21.134558  105.429908  -14.1062  -14.8340
   29   783  2954  537680.00  2335600.00  21.121161  105.362848  -13.6305  -20.1589
   30  6231  2954  592160.00  2335600.00  21.119226  105.887441   -5.6778  -12.3259
   31  1659  3278  546440.00  2332360.00  21.091686  105.447115   -8.5009  -13.2852
   32  6054  3299  590390.00  2332150.00  21.088146  105.870217   -9.4575  -11.8663
   33  5139  3422  581240.00  2330920.00  21.077462  105.782075  -10.2090  -14.6151
   34   366  3428  533510.00  2330860.00  21.078415  105.322600   -9.3465  -18.7342
   35  1995  3533  549800.00  2329810.00  21.068557  105.479389   -7.9550  -15.0137
   36  1548  3605  545330.00  2329090.00  21.062168  105.436342   -9.0385  -23.7775
   37  5238  3620  582230.00  2328940.00  21.059529  105.791510   -9.9763  -22.3636
   38  2502  3731  554870.00  2327830.00  21.050523  105.528130  -10.2939  -17.9879
   39  2250  3818  552350.00  2326960.00  21.042736  105.503849  -14.1224  -25.5505
   40  2169  3866  551540.00  2326480.00  21.038422  105.496039  -12.8079  -18.8704
   41  4821  3911  578060.00  2326030.00  21.033420  105.751242  -17.0336  -14.9840
   42  1641  3917  546260.00  2325970.00  21.033955  105.445210  -16.1276  -17.9860
   43   324  3920  533090.00  2325940.00  21.033968  105.318462   -9.3545  -14.4496
   44  1974  3992  549590.00  2325220.00  21.027091  105.477236  -11.9675  -23.4508
   45  1665  4013  546500.00  2325010.00  21.025275  105.447494  -15.0530  -15.4004
   46  6885  4145  598700.00  2323690.00  21.011286  105.949727  -10.3577  -16.9739
   47  6879  4151  598640.00  2323630.00  21.010747  105.949147  -11.3213  -21.1531
   48  2745  4184  557300.00  2323300.00  21.009519  105.551368  -10.3893  -16.9534
   49  4863  4403  578480.00  2321110.00  20.988951  105.755060  -11.7081  -21.4794
   50  6414  4442  593990.00  2320720.00  20.984700  105.904249  -15.1631  -22.8808
   51  6411  4454  593960.00  2320600.00  20.983618  105.903954   -9.8411  -15.9674
   52  5619  4478  586040.00  2320360.00  20.981837  105.827753  -12.7448  -18.4269
   53  6120  4595  591050.00  2319190.00  20.971025  105.875886   -5.6623  -12.8666
   54  5403  4610  583880.00  2319040.00  20.970010  105.806910  -10.6994  -14.4027
   55  6261  4754  592460.00  2317600.00  20.956590  105.889364    9.4918   -8.3616
   56  5139  4760  581240.00  2317540.00  20.956576  105.781445   -8.4884  -17.7310
   57  6267  4769  592520.00  2317450.00  20.955232  105.889933   -7.1606  -17.1315
   58  5040  4823  580250.00  2316910.00  20.950928  105.771894  -12.2701  -18.7448
   59  6204  4826  591890.00  2316880.00  20.950113  105.883843  -12.4669  -23.9138
   60  2892  4835  558770.00  2316790.00  20.950653  105.565291  -10.4647  -19.4104
   61  5091  5117  580760.00  2313970.00  20.924343  105.776662  -13.6897  -15.1909
   62  3375  6089  563600.00  2304250.00  20.837191  105.611288  -12.6161  -14.7635
   63  3789  6203  567740.00  2303110.00  20.826744  105.651033  -16.6793  -22.3366
   66  4905  7103  578900.00  2294110.00  20.744988  105.757877   -8.4126  -21.3139
   67  6570  7499  595550.00  2290150.00  20.708431  105.917580  -13.3385  -17.9279
