; ENVI Output of ROIs (5.2) [Wed Nov 27 01:59:20 2019]
; Number of ROIs: 1
; File Dimension: 7647 x 9116
;
; ROI name: EVF: Layer: bareland.shp
; ROI rgb value: {255, 255, 255}
; ROI npts: 69
;  ID     X     Y      Map X       Map Y        Lat         Lon        B1        B2
    1  5523   500  585080.00  2360140.00  21.341275  105.820496   -9.7349  -19.0978
    2  5397   506  583820.00  2360080.00  21.340792  105.808343  -12.3607  -13.8312
    3  5583   548  585680.00  2359660.00  21.336911  105.826258  -10.7995  -17.5377
    4  5703   578  586880.00  2359360.00  21.334143  105.837814  -12.3433  -19.3832
    5  5112   629  580970.00  2358850.00  21.329810  105.780801   -4.0148  -10.5870
    6  5118   629  581030.00  2358850.00  21.329807  105.781380  -10.2376  -18.6134
    7  6009   665  589940.00  2358490.00  21.326134  105.867273  -11.3272  -20.2921
    8  4980   965  579650.00  2355490.00  21.299513  105.767915  -11.9537  -19.6183
    9  5742   986  587270.00  2355280.00  21.297264  105.841364   -9.0827  -16.4073
   10  5745   995  587300.00  2355190.00  21.296450  105.841649  -11.9277  -14.6964
   11  5052  1016  580370.00  2354980.00  21.294873  105.774832  -13.3557  -20.5620
   12  6012  1022  589970.00  2354920.00  21.293880  105.867373  -11.2438  -16.4487
   13  5469  1403  584540.00  2351110.00  21.259720  105.814839  -13.1631  -20.2777
   14  6459  1442  594440.00  2350720.00  21.255709  105.910230  -11.2739  -22.1405
   15  5340  1742  583250.00  2347720.00  21.229153  105.802240  -10.3526  -17.3841
   16  4881  1775  578660.00  2347390.00  21.226376  105.757997  -12.5572  -14.9081
   17  1662  1952  546470.00  2345620.00  21.211492  105.447763  -17.7195  -20.1292
   18  1530  1970  545150.00  2345440.00  21.209899  105.435040  -13.2307  -23.3691
   19   588  2261  535730.00  2342530.00  21.183815  105.344215  -10.0469  -17.0199
   20  6282  2276  592670.00  2342380.00  21.180454  105.892719   -8.4109  -21.3870
   21   372  2309  533570.00  2342050.00  21.179520  105.323397  -15.6012  -21.3303
   22  3537  2327  565220.00  2341870.00  21.177035  105.628279   -7.8598  -19.6671
   23  3822  2552  568070.00  2339620.00  21.156603  105.655643  -11.7608  -21.9721
   24   771  2558  537560.00  2339560.00  21.156944  105.361779   -8.7975  -15.2769
   25  3810  2669  567950.00  2338450.00  21.146036  105.654441  -13.9529  -31.2741
   26  3915  2726  569000.00  2337880.00  21.140847  105.664530  -10.6880  -19.8396
   27  1830  2756  548150.00  2337580.00  21.138805  105.463724  -11.6991  -21.3831
   28  1479  2804  544640.00  2337100.00  21.134558  105.429908  -10.6945  -15.6976
   29  6231  2954  592160.00  2335600.00  21.119226  105.887441   -7.6252  -11.3062
   30   783  2954  537680.00  2335600.00  21.121161  105.362848  -16.6421  -23.0829
   31  1659  3278  546440.00  2332360.00  21.091686  105.447115   -7.3823  -15.9919
   32  6054  3299  590390.00  2332150.00  21.088146  105.870217   -8.4263  -10.3102
   33  5139  3422  581240.00  2330920.00  21.077462  105.782075  -10.8003  -17.0384
   34   366  3428  533510.00  2330860.00  21.078415  105.322600   -6.5242  -17.0122
   35  1995  3533  549800.00  2329810.00  21.068557  105.479389   -8.3895  -13.5329
   36  1548  3605  545330.00  2329090.00  21.062168  105.436342  -12.3324  -34.1686
   37  5238  3620  582230.00  2328940.00  21.059529  105.791510  -11.6285  -17.7536
   38  2502  3731  554870.00  2327830.00  21.050523  105.528130   -9.9973  -15.4096
   39  2250  3818  552350.00  2326960.00  21.042736  105.503849  -16.7418  -19.3535
   40  2169  3866  551540.00  2326480.00  21.038422  105.496039  -13.7021  -16.2321
   41  1641  3917  546260.00  2325970.00  21.033955  105.445210  -14.6114  -21.8001
   42   324  3920  533090.00  2325940.00  21.033968  105.318462   -7.2817  -15.4135
   43  1974  3992  549590.00  2325220.00  21.027091  105.477236  -11.8828  -24.1155
   44  1665  4013  546500.00  2325010.00  21.025275  105.447494  -11.2107  -23.7257
   45  6885  4145  598700.00  2323690.00  21.011286  105.949727  -12.9562  -20.2624
   46  6879  4151  598640.00  2323630.00  21.010747  105.949147  -13.1744  -20.4888
   47  2745  4184  557300.00  2323300.00  21.009519  105.551368  -11.4806  -16.5281
   48  4863  4403  578480.00  2321110.00  20.988951  105.755060   -9.6704  -21.4445
   49  6414  4442  593990.00  2320720.00  20.984700  105.904249  -14.0378  -21.2832
   50  6411  4454  593960.00  2320600.00  20.983618  105.903954  -11.2786  -13.2998
   51  5619  4478  586040.00  2320360.00  20.981837  105.827753   -9.4883  -18.1823
   52  5460  4589  584450.00  2319250.00  20.971882  105.812403   -4.0398   -7.2180
   53  6120  4595  591050.00  2319190.00  20.971025  105.875886   -8.1404  -12.8215
   54  5403  4610  583880.00  2319040.00  20.970010  105.806910  -12.2384  -14.0747
   55  6261  4754  592460.00  2317600.00  20.956590  105.889364    0.6018  -12.5266
   56  5139  4760  581240.00  2317540.00  20.956576  105.781445  -10.7613  -13.0853
   57  6267  4769  592520.00  2317450.00  20.955232  105.889933   -9.7873  -18.7689
   58  6204  4826  591890.00  2316880.00  20.950113  105.883843   -8.1899  -20.4141
   59  2892  4835  558770.00  2316790.00  20.950653  105.565291   -9.6471  -23.7898
   60  5091  5105  580760.00  2314090.00  20.925427  105.776667   -6.6017   -8.7406
   61  5091  5117  580760.00  2313970.00  20.924343  105.776662  -11.7938  -15.5900
   62  3375  6089  563600.00  2304250.00  20.837191  105.611288  -14.8457  -19.8913
   63  3789  6203  567740.00  2303110.00  20.826744  105.651033  -14.3086  -19.9426
   66  4905  7103  578900.00  2294110.00  20.744988  105.757877  -12.7990  -20.9206
   67  6570  7499  595550.00  2290150.00  20.708431  105.917580   -7.5793  -14.3179
