; ENVI Output of ROIs (5.2) [Wed Nov 27 07:15:00 2019]
; Number of ROIs: 1
; File Dimension: 7647 x 9116
;
; ROI name: EVF: Layer: bareland.shp
; ROI rgb value: {255, 255, 255}
; ROI npts: 67
;  ID     X     Y      Map X       Map Y        Lat         Lon        B1        B2
    1  5523   500  585080.00  2360140.00  21.341275  105.820496   -7.6755  -18.9154
    2  5397   506  583820.00  2360080.00  21.340792  105.808343  -16.1567  -15.3287
    3  5583   548  585680.00  2359660.00  21.336911  105.826258  -10.2074  -13.8857
    4  5703   578  586880.00  2359360.00  21.334143  105.837814  -13.8886  -21.8553
    5  4980   965  579650.00  2355490.00  21.299513  105.767915  -10.9808  -22.9948
    6  5742   986  587270.00  2355280.00  21.297264  105.841364  -10.7020  -16.7797
    7  5745   995  587300.00  2355190.00  21.296450  105.841649   -9.2606  -17.3022
    8  5052  1016  580370.00  2354980.00  21.294873  105.774832  -10.7539  -15.5756
    9  6012  1022  589970.00  2354920.00  21.293880  105.867373  -10.4910  -17.6039
   10  5469  1403  584540.00  2351110.00  21.259720  105.814839   -7.0534  -18.8933
   11  6459  1442  594440.00  2350720.00  21.255709  105.910230   -9.5853  -21.4273
   12  6540  1643  595250.00  2348710.00  21.237507  105.917924  -15.1721  -20.4702
   13  5340  1742  583250.00  2347720.00  21.229153  105.802240   -9.2737  -18.2680
   14  4881  1775  578660.00  2347390.00  21.226376  105.757997  -11.5277  -15.0326
   15  1662  1952  546470.00  2345620.00  21.211492  105.447763  -16.2300  -20.5980
   16  1530  1970  545150.00  2345440.00  21.209899  105.435040   -8.5478  -13.6270
   17   588  2261  535730.00  2342530.00  21.183815  105.344215  -13.0055  -17.8960
   18  6282  2276  592670.00  2342380.00  21.180454  105.892719  -11.9051  -20.1029
   19   372  2309  533570.00  2342050.00  21.179520  105.323397  -11.2964  -23.3132
   20  3537  2327  565220.00  2341870.00  21.177035  105.628279   -6.5701  -19.4737
   21  3822  2552  568070.00  2339620.00  21.156603  105.655643  -13.0785  -13.8456
   22  3810  2669  567950.00  2338450.00  21.146036  105.654441  -17.6229  -27.5302
   23  3915  2726  569000.00  2337880.00  21.140847  105.664530  -13.2130  -18.1611
   24  1830  2756  548150.00  2337580.00  21.138805  105.463724  -13.0667  -16.2666
   25  1479  2804  544640.00  2337100.00  21.134558  105.429908  -10.2748  -16.1318
   26  6231  2954  592160.00  2335600.00  21.119226  105.887441   -6.5232  -13.6972
   27   783  2954  537680.00  2335600.00  21.121161  105.362848  -12.5596  -21.5682
   28  6054  3299  590390.00  2332150.00  21.088146  105.870217   -9.6797   -9.9410
   29  5139  3422  581240.00  2330920.00  21.077462  105.782075  -10.2709  -15.3570
   30   366  3428  533510.00  2330860.00  21.078415  105.322600   -9.1875  -15.5855
   31  1995  3533  549800.00  2329810.00  21.068557  105.479389   -7.9871  -14.6191
   32  1548  3605  545330.00  2329090.00  21.062168  105.436342   -5.1318  -19.9716
   33  5238  3620  582230.00  2328940.00  21.059529  105.791510  -10.9514  -16.1840
   34  2502  3731  554870.00  2327830.00  21.050523  105.528130   -9.6627  -17.6636
   35  2250  3818  552350.00  2326960.00  21.042736  105.503849  -13.9693  -17.7848
   36  2169  3866  551540.00  2326480.00  21.038422  105.496039   -8.6564  -15.9581
   37  4821  3911  578060.00  2326030.00  21.033420  105.751242  -15.3741  -17.8717
   38  1641  3917  546260.00  2325970.00  21.033955  105.445210  -14.1573  -22.8978
   39   324  3920  533090.00  2325940.00  21.033968  105.318462   -6.8027  -14.1082
   40  1974  3992  549590.00  2325220.00  21.027091  105.477236  -13.7558  -19.5404
   41  1665  4013  546500.00  2325010.00  21.025275  105.447494  -11.0268  -20.7649
   42  6885  4145  598700.00  2323690.00  21.011286  105.949727  -11.3909  -23.7228
   43  6879  4151  598640.00  2323630.00  21.010747  105.949147  -13.0636  -25.6720
   44  4863  4403  578480.00  2321110.00  20.988951  105.755060  -15.6986  -19.6780
   45  6381  4439  593660.00  2320750.00  20.984988  105.901076  -10.6810  -21.8276
   46  6414  4442  593990.00  2320720.00  20.984700  105.904249  -13.6448  -19.3531
   47  6411  4454  593960.00  2320600.00  20.983618  105.903954  -11.4202  -16.4193
   48  5619  4478  586040.00  2320360.00  20.981837  105.827753  -11.1169  -17.9427
   49  5460  4589  584450.00  2319250.00  20.971882  105.812403   -7.1101   -7.4614
   50  6120  4595  591050.00  2319190.00  20.971025  105.875886   -4.2099  -12.6652
   51  5403  4610  583880.00  2319040.00  20.970010  105.806910   -7.8667  -12.1810
   52  6261  4754  592460.00  2317600.00  20.956590  105.889364    4.7566   -9.1718
   53  5139  4760  581240.00  2317540.00  20.956576  105.781445  -10.7867  -17.8396
   54  6267  4769  592520.00  2317450.00  20.955232  105.889933  -10.0391  -16.7804
   55  5040  4823  580250.00  2316910.00  20.950928  105.771894   -9.1361  -19.7781
   56  6204  4826  591890.00  2316880.00  20.950113  105.883843  -10.9507  -20.5558
   57  2892  4835  558770.00  2316790.00  20.950653  105.565291  -11.7016  -20.9337
   58  5091  5105  580760.00  2314090.00  20.925427  105.776667   -8.8566  -14.0690
   59  5091  5117  580760.00  2313970.00  20.924343  105.776662  -10.7958  -16.5221
   60  3375  6089  563600.00  2304250.00  20.837191  105.611288  -16.4370  -16.0715
   61  3789  6203  567740.00  2303110.00  20.826744  105.651033  -15.2106  -20.0259
   64  4905  7103  578900.00  2294110.00  20.744988  105.757877  -14.3969  -16.5080
   65  6570  7499  595550.00  2290150.00  20.708431  105.917580  -11.3112  -20.9871
