; ENVI Output of ROIs (5.2) [Wed Nov 27 02:49:48 2019]
; Number of ROIs: 1
; File Dimension: 7647 x 9116
;
; ROI name: EVF: Layer: forest.shp
; ROI rgb value: {0, 255, 0}
; ROI npts: 996
;   ID     X     Y      Map X       Map Y        Lat         Lon        B1        B2
     1  5310   224  582950.00  2362900.00  21.366309  105.800092   -9.5560  -15.3973
     2  5184   272  581690.00  2362420.00  21.362030  105.787916  -11.7704  -21.0366
     3  5217   308  582020.00  2362060.00  21.358763  105.791081   -9.3504  -21.0409
     4  5340   317  583250.00  2361970.00  21.357894  105.802939  -10.3858  -15.5403
     5  5232   353  582170.00  2361610.00  21.354691  105.792506  -15.3693  -15.7207  
     7  5169   359  581540.00  2361550.00  21.354177  105.786427  -14.3485  -16.0056
     8  5151   371  581360.00  2361430.00  21.353101  105.784686   -9.7238  -15.3628
    10  5157   404  581420.00  2361100.00  21.350117  105.785248   -5.8922  -11.1880
    11  5322   419  583070.00  2360950.00  21.348687  105.801153  -14.8775  -17.1561
    12  5238   422  582230.00  2360920.00  21.348454  105.793051  -11.9783  -20.2080
    13  5166   425  581510.00  2360890.00  21.348216  105.786106   -7.8180  -13.2022
    14  5175   443  581600.00  2360710.00  21.346586  105.786966  -11.0296  -16.7939
    15  5253   443  582380.00  2360710.00  21.346550  105.794487  -11.1806  -20.9057
    16  5205   446  581900.00  2360680.00  21.346301  105.789857   -7.9256  -13.2395
    17  5319   452  583040.00  2360620.00  21.345707  105.800848  -11.3489  -19.3267
    18  5334   464  583190.00  2360500.00  21.344616  105.802288  -12.8450  -15.8767
    19  5169   464  581540.00  2360500.00  21.344691  105.786377   -9.1579  -13.4434
    20  5274   467  582590.00  2360470.00  21.344372  105.796501   -8.4503  -13.4765
    21  5211   473  581960.00  2360410.00  21.343859  105.790423   -7.4406  -12.7760
    22  5262   488  582470.00  2360260.00  21.342481  105.795333   -7.3946  -13.9467
    23  5295   491  582800.00  2360230.00  21.342195  105.798514  -13.5546  -21.2402
    24  5190   503  581750.00  2360110.00  21.341158  105.788383  -12.4078  -17.8685
    25  5121   506  581060.00  2360080.00  21.340918  105.781728  -12.1842  -18.1712
    26  5208   506  581930.00  2360080.00  21.340879  105.790117   -7.7144  -14.2940
    27  5712   506  586970.00  2360080.00  21.340643  105.838718  -14.7809  -15.4156
    28  5274   521  582590.00  2359930.00  21.339494  105.796475   -9.0452  -13.5521
    29  5895   521  588800.00  2359930.00  21.339199  105.856357   -8.2275  -10.7466
    31  5856   551  588410.00  2359630.00  21.336508  105.852581  -14.4268  -16.9298
    32  5229   578  582140.00  2359360.00  21.334365  105.792108   -6.9166  -13.1017
    34  5298   581  582830.00  2359330.00  21.334062  105.798760  -14.1604  -23.2297
    35  5088   587  580730.00  2359270.00  21.333615  105.778507  -12.2936  -11.9660
    36  5157   587  581420.00  2359270.00  21.333584  105.785160   -5.8953  -11.0915
    37  5859   593  588440.00  2359210.00  21.332712  105.852848  -11.0379  -16.4516
    38  5214   611  581990.00  2359030.00  21.331390  105.790645   -5.4559  -13.8049
    39  5049   632  580340.00  2358820.00  21.329567  105.774725   -4.6839  -13.9177
    41  5310   644  582950.00  2358700.00  21.328365  105.799886  -13.2613  -14.9939
    42  5289   650  582740.00  2358640.00  21.327833  105.797858   -6.5327  -14.2980
    43  5034   650  580190.00  2358640.00  21.327947  105.773270  -12.4333  -14.1266
    44  5727   659  587120.00  2358550.00  21.326814  105.840086   -8.0640  -11.2573
    45  5133   662  581180.00  2358520.00  21.326819  105.782810  -14.0160  -16.0196
    46  5391   671  583760.00  2358430.00  21.325888  105.807683   -4.5121  -13.7433
    47  5757   677  587420.00  2358370.00  21.325173  105.842969   -4.0000  -13.3333
    48  5226   680  582110.00  2358340.00  21.325151  105.791769   -0.7550  -10.1949
    49  5259   689  582440.00  2358250.00  21.324323  105.794946   -6.5381   -8.5491
    50  5373   698  583580.00  2358160.00  21.323457  105.805934  -14.6960  -15.6297
    51  5139   701  581240.00  2358130.00  21.323293  105.783370  -10.9320  -14.6856
    52  5358   701  583430.00  2358130.00  21.323193  105.804486   -5.1077   -9.6332
    53  5472   704  584570.00  2358100.00  21.322869  105.815476   -8.5900  -17.9047
    54  5385   704  583700.00  2358100.00  21.322910  105.807088  -14.9040  -18.1686
    55  5232   716  582170.00  2357980.00  21.321896  105.792330  -11.0087  -15.8091
    56  5190   734  581750.00  2357800.00  21.320289  105.788272  -16.5059  -19.2475
    57  5259   734  582440.00  2357800.00  21.320257  105.794924   -8.5050  -13.7357
    58  5343   737  583280.00  2357770.00  21.319948  105.803022  -12.1863  -25.5798
    59  5142   749  581270.00  2357650.00  21.318955  105.783636   -8.7131  -11.7531
    60  5475   752  584600.00  2357620.00  21.318531  105.815742  -14.3707  -19.0730
    61  5220   758  582050.00  2357560.00  21.318107  105.791153   -3.5388   -8.9416
    62  5013   761  579980.00  2357530.00  21.317928  105.771193  -12.2246  -15.7092
    63  5340   761  583250.00  2357530.00  21.317781  105.802721  -11.8788  -17.2559
    64  5181   770  581660.00  2357440.00  21.317040  105.787387  -11.9212  -14.0363
    65  5364   773  583490.00  2357410.00  21.316686  105.805029   -9.8238  -13.5278
    66  5517   779  585020.00  2357350.00  21.316072  105.819778   -6.3819  -17.5397
    67  5070   779  580550.00  2357350.00  21.316277  105.776680   -8.2286   -9.7873
    68  5136   779  581210.00  2357350.00  21.316247  105.783043  -11.1622  -12.8522
    69  5118   782  581030.00  2357320.00  21.315984  105.781307   -4.9012  -12.4581
    70  5148   806  581330.00  2357080.00  21.313803  105.784188  -11.3550  -17.6903
    71  5310   812  582950.00  2357020.00  21.313187  105.799804   -6.8912   -7.8908
    73  4929   818  579140.00  2356960.00  21.312816  105.763067  -16.8727  -12.6566
    74  5199   839  581840.00  2356750.00  21.310798  105.789089  -16.1619  -19.4046
    76  5325   857  583100.00  2356570.00  21.309115  105.801228   -2.1397   -8.0857
    77  5223   860  582080.00  2356540.00  21.308890  105.791392  -14.1718  -18.8484
    78  5193   869  581780.00  2356450.00  21.308091  105.788496   -9.8345  -17.7615
    79  5340   869  583250.00  2356450.00  21.308024  105.802668  -13.3764  -20.1483
    80  4914   878  578990.00  2356360.00  21.307402  105.761593  -10.7955  -16.6888
    81  5355   881  583400.00  2356330.00  21.306933  105.804108   -9.6348  -11.3675
    82  5691   881  586760.00  2356330.00  21.306775  105.836501  -11.8328  -15.5236
    83  5262   881  582470.00  2356330.00  21.306975  105.795142   -8.9155  -17.4166
    84  5223   884  582080.00  2356300.00  21.306722  105.791381  -12.9434  -18.8834
    85  5133   884  581180.00  2356300.00  21.306763  105.782704   -8.2109  -12.4061
    86  5571   887  585560.00  2356270.00  21.306290  105.824929   -9.8951  -13.2140
    87  5535   896  585200.00  2356180.00  21.305494  105.821454   -8.4952  -12.2542
    88  5412   896  583970.00  2356180.00  21.305551  105.809596   -5.2283  -16.1717
    89  5166   899  581510.00  2356150.00  21.305393  105.785878   -8.3150   -7.8146
    90  5340   899  583250.00  2356150.00  21.305313  105.802653  -15.8789  -17.8229
    91  5682   899  586670.00  2356150.00  21.305153  105.835625   -7.3904  -14.6680
    92  5250   905  582350.00  2356090.00  21.304813  105.793974  -15.6225  -19.9817
    93  5688   908  586730.00  2356060.00  21.304337  105.836198  -11.0661  -19.4985
    94  5007   911  579920.00  2356030.00  21.304379  105.770544   -9.5979  -13.6227
    95  5673   923  586580.00  2355910.00  21.302989  105.834745   -9.0772  -17.9089
    96  5643   926  586280.00  2355880.00  21.302732  105.831851   -9.4563  -14.4428
    97  5235   926  582200.00  2355880.00  21.302922  105.792517  -12.1125  -17.8325
    98  5160   932  581450.00  2355820.00  21.302414  105.785284   -7.0443  -10.9484
    99  5586   935  585710.00  2355790.00  21.301946  105.826351  -16.0941  -19.0265
   100  5118   935  581030.00  2355790.00  21.302162  105.781233   -9.0550  -11.5606
   101  5271   938  582560.00  2355760.00  21.301822  105.795982  -14.0261  -17.9525
   102  5412   941  583970.00  2355730.00  21.301486  105.809574  -10.7794  -17.1148
   103  5178   941  581630.00  2355730.00  21.301593  105.787015   -2.8765   -7.5918
   104  5148   956  581330.00  2355580.00  21.300251  105.784116   -5.4486  -10.8660
   105  5592   959  585770.00  2355550.00  21.299775  105.826918   -5.2346  -11.6983
   106  5136   971  581210.00  2355430.00  21.298901  105.782952   -9.6253  -11.4689
   107  5598   980  585830.00  2355340.00  21.297875  105.827485   -4.4317  -13.3836
   108  5100   986  580850.00  2355280.00  21.297562  105.779474  -11.9407  -18.5212
   109  5691   986  586760.00  2355280.00  21.297289  105.836448  -19.9471  -20.6614
   110  5538   989  585230.00  2355250.00  21.297090  105.821697   -8.1181  -13.3256
   111  5187   995  581720.00  2355190.00  21.296710  105.787857   -2.2492  -11.4885
   112  5049   998  580340.00  2355160.00  21.296501  105.774552   -7.0631  -12.5856
   113  5628  1001  586130.00  2355130.00  21.295964  105.830367  -12.5420  -21.0937
   114  5166  1004  581510.00  2355100.00  21.295906  105.785828   -9.6494  -15.1171 
   116  5622  1034  586070.00  2354800.00  21.292985  105.829772   -8.0966  -14.7443
   117  5571  1046  585560.00  2354680.00  21.291925  105.824849  -15.8911  -25.2617
   118  5682  1052  586670.00  2354620.00  21.291330  105.835546   -9.4720  -13.6747
   119  5343  1061  583280.00  2354530.00  21.290676  105.802863  -16.0234  -16.7536
   120  5556  1094  585410.00  2354200.00  21.287596  105.823379  -11.2612  -19.1071
   121  5265  1115  582500.00  2353990.00  21.285833  105.795318   -6.6553  -14.3640
   122  5214  1115  581990.00  2353990.00  21.285856  105.790402   -7.0961  -12.8334
   123  5394  1121  583790.00  2353930.00  21.285232  105.807750  -14.2572  -20.3848
   124  5610  1127  585950.00  2353870.00  21.284589  105.828568  -10.7045  -17.6024
   125  5436  1136  584210.00  2353780.00  21.283857  105.811791  -18.0335  -19.1203
   126  5616  1154  586010.00  2353600.00  21.282147  105.829132  -15.4900  -17.8547
   127  5586  1157  585710.00  2353570.00  21.281890  105.826239  -10.8070  -14.0134
   128  5670  1157  586550.00  2353570.00  21.281850  105.834336   -7.3212  -14.1573
   129  5430  1166  584150.00  2353480.00  21.281150  105.811198  -13.0922  -21.8060
   130  5508  1169  584930.00  2353450.00  21.280842  105.818715  -15.2050  -16.1521
   131  5550  1169  585350.00  2353450.00  21.280823  105.822763   -8.6003  -12.7459
   132  5517  1178  585020.00  2353360.00  21.280025  105.819578  -11.0179  -14.1868
   133  5616  1178  586010.00  2353360.00  21.279978  105.829120  -16.3125  -38.2344
   134  5457  1196  584420.00  2353180.00  21.278427  105.813785   -5.6789  -12.0095
   135  5655  1205  586400.00  2353090.00  21.277521  105.832866  -12.8996  -16.2918
   136  5634  1208  586190.00  2353060.00  21.277260  105.830840  -11.4990  -12.7354
   137  5628  1211  586130.00  2353030.00  21.276991  105.830260  -14.5347  -14.9986
   138  5022  1214  580070.00  2353000.00  21.276998  105.771847   -5.7314  -14.1475
   139  5361  1214  583460.00  2353000.00  21.276845  105.804523   -6.7125  -12.6676
   140  5460  1238  584450.00  2352760.00  21.274631  105.814054   -9.5951  -13.8403
   141  5433  1253  584180.00  2352610.00  21.273289  105.811444  -12.3344  -13.4310
   142  5349  1256  583340.00  2352580.00  21.273056  105.803346   -8.2703  -14.4460
   143  5427  1262  584120.00  2352520.00  21.272478  105.810861  -16.8536  -14.5364
   144  5379  1280  583640.00  2352340.00  21.270874  105.806225   -9.3962  -16.0383
   145  5436  1301  584210.00  2352130.00  21.268951  105.811709  -12.9541  -14.3874
   146  5547  1313  585320.00  2352010.00  21.267815  105.822402  -13.4009  -15.2515
   147  5652  1322  586370.00  2351920.00  21.266952  105.832517  -17.9738  -21.7006
   148  4731  1340  577160.00  2351740.00  21.265741  105.743740   -7.9418  -16.1264
   149  5667  1340  586520.00  2351740.00  21.265318  105.833954  -12.7237  -17.7981
   150  5457  1358  584420.00  2351560.00  21.263791  105.813705   -8.2346  -16.9151
   151  5457  1394  584420.00  2351200.00  21.260539  105.813687   -9.6929  -16.3824
   152  5634  1406  586190.00  2351080.00  21.259371  105.830740  -11.7361  -14.7300
   153  5985  1415  589700.00  2350990.00  21.258388  105.864563  -12.7039  -20.7963
   154  4617  1511  576020.00  2350030.00  21.250340  105.732676  -11.3304   -9.8420
   155  1128  1544  541130.00  2349700.00  21.248484  105.396409  -10.2183  -10.9243
   156  6081  1592  590660.00  2349220.00  21.242350  105.873721  -11.8477  -15.2633
   158   744  1721  537290.00  2347930.00  21.232575  105.359361  -10.8154  -19.8631
   159   876  1748  538610.00  2347660.00  21.230107  105.372076   -9.6261  -16.1984
   160  5790  1757  587750.00  2347570.00  21.227586  105.845594  -13.8824  -16.1506
   161   684  1826  536690.00  2346880.00  21.223100  105.353556   -6.9257  -13.8129
   162  4977  1958  579620.00  2345560.00  21.209801  105.767161  -10.8325  -17.4175
   163   984  2003  539690.00  2345110.00  21.207044  105.382424   -9.5505  -15.9172
   164  5397  2021  583820.00  2344930.00  21.203920  105.807596  -11.3981  -13.5011
   165  4341  2069  573260.00  2344450.00  21.200039  105.705837  -12.4487  -15.1697
   166   738  2108  537230.00  2344060.00  21.197609  105.358698   -8.4068  -15.2320
   167   903  2129  538880.00  2343850.00  21.195677  105.374591   -8.8916  -16.7194
   168  1131  2165  541160.00  2343490.00  21.192375  105.396548   -7.3971  -14.2996
   169   825  2165  538100.00  2343490.00  21.192441  105.367068   -9.4404  -16.2410
   170  5700  2189  586850.00  2343250.00  21.188600  105.836702  -10.2979  -13.7337
   171   837  2201  538220.00  2343130.00  21.189186  105.368216   -8.6834  -14.8400
   172  5280  2216  582650.00  2342980.00  21.186356  105.796229   -7.5727  -17.6831
   173  6345  2309  593300.00  2342050.00  21.177440  105.898769  -10.9370  -15.2453
   174  1005  2321  539900.00  2341930.00  21.178308  105.384373   -8.6391  -17.1442
   175  1002  2330  539870.00  2341840.00  21.177495  105.384082   -5.7674  -11.0305
   176   747  2336  537320.00  2341780.00  21.177007  105.359516   -5.4730  -11.8882
   177  5706  2381  586910.00  2341330.00  21.171251  105.837182   -8.1665  -20.6820
   178   573  2399  535580.00  2341150.00  21.171350  105.342741   -8.3912  -17.1959
   179   399  2420  533840.00  2340940.00  21.169485  105.325976   -7.3654  -14.4590
   180   546  2453  535310.00  2340610.00  21.166476  105.340129  -14.1628  -19.1918
   181  1440  2453  544250.00  2340610.00  21.166281  105.426243   -9.3457  -15.8132
   182  3948  2459  569330.00  2340550.00  21.164958  105.667816   -4.6767  -13.7751
   183  1437  2468  544220.00  2340460.00  21.164926  105.425950  -12.6475  -15.1429
   184  1029  2471  540140.00  2340430.00  21.164750  105.386650   -7.4903  -16.4977
   185   555  2486  535400.00  2340280.00  21.163492  105.340989   -9.8504  -13.6509
   186  1143  2522  541280.00  2339920.00  21.160116  105.397618   -6.2888  -13.3335
   187   426  2534  534110.00  2339800.00  21.159180  105.328554  -12.5640  -15.0074
   188   582  2549  535670.00  2339650.00  21.157795  105.343577  -11.1688  -17.0428
   189  1224  2591  542090.00  2339230.00  21.153863  105.405403   -8.5683  -14.3826
   190   747  2612  537320.00  2339020.00  21.152070  105.359456   -8.2325  -18.2039
   191   453  2618  534380.00  2338960.00  21.151585  105.331137   -9.1377  -16.8418
   192  3267  2660  562520.00  2338540.00  21.147043  105.602149   -8.7824  -16.3786
   193  1836  2669  548210.00  2338450.00  21.146664  105.464327   -5.7517  -13.7426
   194  1056  2672  540410.00  2338420.00  21.146583  105.389203   -7.2098  -11.5083
   195   498  2681  534830.00  2338330.00  21.145885  105.335459   -7.2449  -13.5787
   196   525  2684  535100.00  2338300.00  21.145608  105.338059  -14.7682  -16.3516
   197   708  2684  536930.00  2338300.00  21.145572  105.355684  -15.7777  -19.1959
   198  1065  2687  540500.00  2338270.00  21.145225  105.390066   -9.4255  -16.1794
   199   303  2687  532880.00  2338270.00  21.145379  105.316677   -8.8263  -15.3963
   200  1044  2693  540290.00  2338210.00  21.144688  105.388042   -7.8235  -15.4175
   201  2745  2699  557300.00  2338150.00  21.143691  105.551862  -12.1647  -13.0564
   202   525  2699  535100.00  2338150.00  21.144253  105.338056  -10.0804  -14.3824
   203   369  2702  533540.00  2338120.00  21.144011  105.323030   -7.0651  -16.2538
   204   912  2705  538970.00  2338090.00  21.143632  105.375326   -8.0101  -13.8088
   205   894  2705  538790.00  2338090.00  21.143636  105.373593   -9.1992  -15.5284
   206  1275  2711  542600.00  2338030.00  21.143009  105.410285   -8.5186  -19.3724
   207  5931  2717  589160.00  2337970.00  21.140787  105.858679   -6.9664  -17.2993
   208   738  2723  537230.00  2337910.00  21.142042  105.358565  -12.2397  -19.0885
   209   786  2726  537710.00  2337880.00  21.141761  105.363187   -9.4829  -18.2455
   210  1809  2735  547940.00  2337790.00  21.140708  105.461708  -13.0924  -16.6520
   211  1359  2741  543440.00  2337730.00  21.140279  105.418368  -11.4246  -15.2584
   212  3456  2744  564410.00  2337700.00  21.139388  105.620320  -15.5067  -14.9874
   213  1818  2747  548030.00  2337670.00  21.139622  105.462571  -10.3799  -13.2332
   214   681  2753  536660.00  2337610.00  21.139343  105.353069   -8.7616  -14.9861
   215  1038  2753  540230.00  2337610.00  21.139268  105.387450  -11.1356  -14.2240
   216  4764  2753  577490.00  2337610.00  21.138067  105.746279  -12.2766  -17.8957
   217  1944  2759  549290.00  2337550.00  21.138504  105.474702  -11.7632  -15.2700
   218  3639  2762  566240.00  2337520.00  21.137697  105.637936   -7.2969  -15.9291
   219  1002  2768  539870.00  2337460.00  21.137921  105.383980   -8.3753  -17.2836
   220  1050  2786  540350.00  2337280.00  21.136284  105.388598  -10.7470  -15.9808
   221  3414  2792  563990.00  2337220.00  21.135066  105.616257   -6.1488  -14.2824
   222   456  2798  534410.00  2337160.00  21.135321  105.331390   -7.4555  -15.0380
   223  2355  2822  553400.00  2336920.00  21.132696  105.514264   -7.1428  -13.3342
   224  1044  2834  540290.00  2336800.00  21.131948  105.388009   -7.9910  -13.8241
   225   345  2834  533300.00  2336800.00  21.132089  105.320693  -12.4831  -19.2452
   226  1593  2834  545780.00  2336800.00  21.131819  105.440879  -10.5142  -13.5049
   227   648  2837  536330.00  2336770.00  21.131760  105.349873  -10.4254  -13.5679
   228   516  2846  535010.00  2336680.00  21.130973  105.337159   -8.4846  -16.3858
   229   501  2858  534860.00  2336560.00  21.129891  105.335712   -9.9859  -16.3495
   230  3906  2864  568910.00  2336500.00  21.128382  105.663608   -6.4495  -11.1922
   231   309  2870  532940.00  2336440.00  21.128843  105.317220   -3.3147  -11.9013
   232   420  2879  534050.00  2336350.00  21.128009  105.327907   -9.1916  -18.3393
   233  6057  2879  590420.00  2336350.00  21.126089  105.870727   -6.4372  -17.9592
   234  3492  2903  564770.00  2336110.00  21.125010  105.623727   -8.2697  -11.6401
   235  1413  2909  543980.00  2336050.00  21.125087  105.423525   -6.9926  -11.8019
   236  1857  2912  548420.00  2336020.00  21.124703  105.466280   -7.2140  -19.3141
   237   684  2927  536690.00  2335870.00  21.123621  105.353320  -10.5112  -18.2541
   238  3552  2930  565370.00  2335840.00  21.122549  105.629494  -11.7876  -16.5417
   239  1653  2960  546380.00  2335540.00  21.120419  105.446623   -9.2425  -14.9378
   240   570  2963  535550.00  2335510.00  21.120391  105.342335   -7.3551  -12.4142
   241   867  2963  538520.00  2335510.00  21.120331  105.370934  -13.7545  -21.0469
   242   441  2981  534260.00  2335330.00  21.118789  105.329909   -6.8729  -13.9754
   243  1539  3002  545240.00  2335120.00  21.116653  105.435634   -8.9361  -16.9052
   244  5457  3002  584420.00  2335120.00  21.115264  105.812892  -10.9480  -17.2279
   245  1533  3005  545180.00  2335090.00  21.116383  105.435056  -10.7541  -18.2069
   246   441  3008  534260.00  2335060.00  21.116350  105.329904   -6.2530   -8.0865
   247   405  3011  533900.00  2335030.00  21.116085  105.326437   -8.9910  -18.7229
   248   399  3017  533840.00  2334970.00  21.115544  105.325858   -7.0310  -14.7993
   249  4767  3044  577520.00  2334700.00  21.111775  105.746437   -8.5757  -14.3652
   250   438  3050  534230.00  2334640.00  21.112555  105.329606   -6.4787  -21.9569
   251   816  3056  538010.00  2334580.00  21.111939  105.366003   -7.9784  -13.3208
   252   960  3059  539450.00  2334550.00  21.111637  105.379868   -6.4004  -13.4892
   253  2001  3059  549860.00  2334550.00  21.111383  105.480104   -5.5244  -10.9283
   254  1794  3062  547790.00  2334520.00  21.111167  105.460172   -6.8378  -15.7376
   255   972  3071  539570.00  2334430.00  21.110550  105.381021  -12.5884  -17.2256
   256   456  3077  534410.00  2334370.00  21.110112  105.331334   -7.5947  -13.3639
   257   423  3080  534080.00  2334340.00  21.109848  105.328156   -8.6259  -15.8424
   258   435  3083  534200.00  2334310.00  21.109574  105.329311  -12.1440  -18.7142
   259  5472  3098  584570.00  2334160.00  21.106583  105.814289   -9.0986  -15.9746
   260  5628  3104  586130.00  2334100.00  21.105968  105.829306   -7.6935  -12.4023
   261  1830  3107  548150.00  2334070.00  21.107092  105.463626   -9.4744  -18.5988
   262   675  3113  536600.00  2334010.00  21.106817  105.352414   -5.2439  -12.9613
   263   675  3125  536600.00  2333890.00  21.105733  105.352411   -4.0686  -11.4376
   264   768  3137  537530.00  2333770.00  21.104630  105.361363   -6.9844  -12.8864
   265  1011  3155  539960.00  2333590.00  21.102952  105.384756   -6.5589  -11.6904
   266  1518  3161  545030.00  2333530.00  21.102292  105.433570   -6.2795  -14.1702
   267  1833  3164  548180.00  2333500.00  21.101941  105.463898  -11.1267  -17.5574
   268  4062  3167  570470.00  2333470.00  21.100947  105.678506   -8.9035  -15.3663
   269  1026  3173  540110.00  2333410.00  21.101322  105.386196  -13.3377  -17.2953
   270   729  3173  537140.00  2333410.00  21.101385  105.357600   -9.6228  -17.1194
   271   648  3182  536330.00  2333320.00  21.100588  105.349799   -8.9169  -15.9531
   272  4083  3185  570680.00  2333290.00  21.099313  105.680520   -8.1567  -15.1059
   273  3840  3191  568250.00  2333230.00  21.098863  105.657122   -6.3459  -13.5212
   274   645  3191  536300.00  2333230.00  21.099776  105.349509   -4.2908   -8.9233
   275   708  3194  536930.00  2333200.00  21.099492  105.355574   -7.5276  -14.1928
   276  1059  3203  540440.00  2333110.00  21.098605  105.389367  -10.6348  -17.0796
   277  3924  3224  569090.00  2332900.00  21.095850  105.665196   -8.7871  -15.3010
   278   843  3227  538280.00  2332870.00  21.096483  105.368565   -9.0443  -14.6437
   279  1230  3227  542150.00  2332870.00  21.096397  105.405825   -8.4059  -14.1526
   280  1233  3230  542180.00  2332840.00  21.096126  105.406113   -7.6043  -13.8568
   281   393  3236  533780.00  2332780.00  21.095758  105.325237   -9.2649  -18.5205
   282   714  3239  536990.00  2332750.00  21.095425  105.356142  -10.8375  -20.2016
   283   465  3239  534500.00  2332750.00  21.095473  105.332168   -6.0455  -13.5548
   284   474  3245  534590.00  2332690.00  21.094930  105.333034  -15.2383  -18.9103
   285   792  3245  537770.00  2332690.00  21.094867  105.363650   -7.8330  -12.9495
   286  5697  3248  586820.00  2332660.00  21.092926  105.835876   -8.7624  -20.2293
   287   435  3248  534200.00  2332660.00  21.094666  105.329278   -6.3910  -12.3002
   288   819  3251  538040.00  2332630.00  21.094319  105.366248   -8.1960  -17.1828
   289   699  3254  536840.00  2332600.00  21.094073  105.354694   -1.9320   -1.1742
   290   654  3254  536390.00  2332600.00  21.094082  105.350362    0.6637   -8.4632
   291   972  3254  539570.00  2332600.00  21.094016  105.380978  -14.0443  -22.8928
   292  1323  3260  543080.00  2332540.00  21.093394  105.414770  -13.8684  -18.2466
   293   993  3260  539780.00  2332540.00  21.093469  105.382999  -13.2751  -16.7003
   294   699  3260  536840.00  2332540.00  21.093530  105.354693    3.7428   -1.3720
   295  1725  3263  547100.00  2332510.00  21.093024  105.453473  -13.7102  -27.5829
   296   630  3263  536150.00  2332510.00  21.093273  105.348049  -11.2223  -16.6579
   297   651  3275  536360.00  2332390.00  21.092185  105.350069   -7.1362  -13.4841
   298   771  3275  537560.00  2332390.00  21.092160  105.361622  -11.7187  -14.0603
   299  3555  3281  565400.00  2332330.00  21.090835  105.629649  -10.4632  -17.4690
   300  4968  3287  579530.00  2332270.00  21.089734  105.765677   -9.6408  -14.7158
   301   561  3287  535460.00  2332270.00  21.091118  105.341401  -14.2336  -20.3003
   302   867  3287  538520.00  2332270.00  21.091056  105.370862    1.2949  -13.0693
   303   735  3290  537200.00  2332240.00  21.090813  105.358153  -12.2331  -14.8626
   304   687  3290  536720.00  2332240.00  21.090822  105.353531   -4.0580   -8.0874
   305   588  3296  535730.00  2332180.00  21.090300  105.343999  -10.5394  -16.1570
   306  1551  3299  545360.00  2332150.00  21.089815  105.436711   -0.7994  -12.0306
   307   594  3302  535790.00  2332120.00  21.089756  105.344575   -9.3920  -12.9333
   308  1086  3305  540710.00  2332090.00  21.089383  105.391942   -3.4927   -7.2505
   309  6306  3308  592910.00  2332060.00  21.087206  105.894471   -8.6292  -12.4990
   310   576  3311  535610.00  2332030.00  21.088947  105.342840   -7.6147  -14.3688
   311  1095  3311  540800.00  2332030.00  21.088838  105.392807  -12.0109  -14.9401
   312  1242  3317  542270.00  2331970.00  21.088263  105.406958   -8.3134  -18.9454
   313  6384  3317  593690.00  2331970.00  21.086354  105.901974   -8.7563  -17.4712
   314  1116  3323  541010.00  2331910.00  21.087749  105.394826   -7.5708  -15.9149
   315  4662  3323  576470.00  2331910.00  21.086612  105.736203   -9.2712  -13.5400
   316  6390  3329  593750.00  2331850.00  21.085266  105.902545   -6.2004  -14.6076
   317   834  3329  538190.00  2331850.00  21.087268  105.367675  -10.6665  -13.0857
   318   777  3332  537620.00  2331820.00  21.087009  105.362187  -11.4549  -20.4265
   319   699  3332  536840.00  2331820.00  21.087025  105.354678   -5.6429  -10.6116
   320   564  3341  535490.00  2331730.00  21.086238  105.341679   -7.2855  -11.0880
   321   942  3341  539270.00  2331730.00  21.086161  105.378070  -14.4914  -18.3819
   322  6336  3344  593210.00  2331700.00  21.083939  105.897339   -8.7231  -13.5374
   323   981  3344  539660.00  2331700.00  21.085882  105.381824  -12.7208  -18.3224
   324   903  3344  538880.00  2331700.00  21.085898  105.374315   -8.6307  -14.4419
   325  6759  3347  597440.00  2331670.00  21.083447  105.938056   -8.8063  -11.7898
   326  1644  3350  546290.00  2331640.00  21.085184  105.445651   -8.9784  -12.2655
   327   978  3353  539630.00  2331610.00  21.085069  105.381533  -15.2011  -19.7781
   328   924  3353  539090.00  2331610.00  21.085081  105.376334   -8.3428  -12.0522
   329  1353  3356  543380.00  2331580.00  21.084713  105.417634  -11.7208  -16.8034
   330   507  3356  534920.00  2331580.00  21.084894  105.336188   -7.3880  -13.2239
   331   819  3356  538040.00  2331580.00  21.084832  105.366225  -13.8426  -18.3084
   332  1056  3359  540410.00  2331550.00  21.084510  105.389041   -7.3849  -14.0715
   333   555  3359  535400.00  2331550.00  21.084614  105.340809   -4.4606  -10.5246
   334   957  3362  539420.00  2331520.00  21.084261  105.379509  -11.7494  -17.8328
   335   735  3365  537200.00  2331490.00  21.084036  105.358136  -10.5590  -18.0846
   336   927  3368  539120.00  2331460.00  21.083725  105.376620   -7.8277  -15.2268
   337  1368  3368  543530.00  2331460.00  21.083625  105.419075  -11.3057  -18.9010
   338   786  3371  537710.00  2331430.00  21.083483  105.363045  -10.6031  -14.8949
   339   813  3377  537980.00  2331370.00  21.082936  105.365643  -11.5348  -14.3840
   340   474  3377  534590.00  2331370.00  21.083003  105.333007   -5.0921  -13.2954
   341  1056  3377  540410.00  2331370.00  21.082884  105.389037   -6.9841  -15.3304
   342  1050  3380  540350.00  2331340.00  21.082614  105.388458   -7.5132  -13.2678
   343   855  3383  538400.00  2331310.00  21.082385  105.369685   -9.9624  -17.1779
   344  4491  3386  574760.00  2331280.00  21.080990  105.719713  -10.9093  -14.0600
   345  1896  3389  548810.00  2331250.00  21.081595  105.469900   -6.4201  -12.2702
   346  2190  3389  551750.00  2331250.00  21.081514  105.498203   -9.0154  -12.6588
   347   792  3389  537770.00  2331250.00  21.081856  105.363619  -10.1097  -12.2571
   348   489  3392  534740.00  2331220.00  21.081645  105.334448   -6.1963  -12.7189
   349  4728  3392  577130.00  2331220.00  21.080350  105.742525   -6.0653  -14.8896
   350   927  3395  539120.00  2331190.00  21.081285  105.376614   -6.3173  -11.0342
   351   855  3395  538400.00  2331190.00  21.081301  105.369682  -10.2400  -19.4619
   352   855  3407  538400.00  2331070.00  21.080216  105.369680  -13.4365  -21.3043
   353   492  3410  534770.00  2331040.00  21.080018  105.334733  -10.2662  -14.7511
   354   666  3410  536510.00  2331040.00  21.079984  105.351484   -8.6765  -10.4099
   355   543  3419  535280.00  2330950.00  21.079195  105.339641   -2.2141  -11.8168
   356   630  3422  536150.00  2330920.00  21.078907  105.348016   -9.0503  -16.0486
   357  5091  3422  580760.00  2330920.00  21.077483  105.777454   -9.0731  -16.6558
   358  1011  3422  539960.00  2330920.00  21.078828  105.384694  -13.9159  -17.6465
   359  1185  3431  541700.00  2330830.00  21.077976  105.401443   -8.1844  -12.9107
   360   603  3437  535880.00  2330770.00  21.077557  105.345413   -4.0452  -15.7474
   361   858  3440  538430.00  2330740.00  21.077234  105.369961  -10.6595  -17.3579
   362  1503  3446  544880.00  2330680.00  21.076545  105.432052   -7.2891  -16.0310
   363   636  3452  536210.00  2330620.00  21.076195  105.348587   -5.5755  -16.3215
   364  1500  3452  544850.00  2330620.00  21.076004  105.431761   -6.1099  -14.0224
   365   819  3455  538040.00  2330590.00  21.075887  105.366203   -6.5763  -12.1473
   366  1056  3455  540410.00  2330590.00  21.075836  105.389018  -18.3809  -22.3416
   367  1071  3458  540560.00  2330560.00  21.075562  105.390462  -10.5952  -12.3747
   368   867  3464  538520.00  2330500.00  21.075064  105.370822  -11.8127  -19.2250
   369   648  3464  536330.00  2330500.00  21.075108  105.349740   -4.3572  -11.3626
   370   651  3464  536360.00  2330500.00  21.075108  105.350029   -3.4306   -9.9562
   371   702  3467  536870.00  2330470.00  21.074827  105.354938  -12.5361  -17.2077
   372  4860  3473  578450.00  2330410.00  21.072976  105.755195  -12.5485  -16.5704
   373  1077  3476  540620.00  2330380.00  21.073934  105.391035  -13.2362  -23.5723
   374   696  3479  536810.00  2330350.00  21.073744  105.354357   -0.6330   -5.4087
   375  4998  3479  579830.00  2330350.00  21.072374  105.768476   -6.6598  -13.9463
   376   522  3482  535070.00  2330320.00  21.073507  105.337607   -5.3174  -11.6438
   377  1077  3482  540620.00  2330320.00  21.073392  105.391034  -10.4740  -17.0556
   378   621  3485  536060.00  2330290.00  21.073216  105.347136   -8.3588  -15.7279
   379   876  3488  538610.00  2330260.00  21.072893  105.371683  -10.0187  -15.6132
   380  4803  3488  577880.00  2330260.00  21.071645  105.749701  -13.2882  -16.8381
   381   867  3491  538520.00  2330230.00  21.072624  105.370816  -10.7415  -16.7586
   382  3765  3494  567500.00  2330200.00  21.071515  105.649783   -9.6823  -16.6426
   383   768  3503  537530.00  2330110.00  21.071560  105.361283  -11.7506  -17.0961
   384  5727  3503  587120.00  2330110.00  21.069874  105.838635   -6.6974  -15.1514
   385  5754  3506  587390.00  2330080.00  21.069590  105.841232   -5.0092  -10.4275
   386  5010  3506  579950.00  2330080.00  21.069929  105.769618   -7.6443  -15.4315
   387   669  3509  536540.00  2330050.00  21.071038  105.351752    7.4642   -1.0339
   388   645  3509  536300.00  2330050.00  21.071043  105.349442   -3.7905  -12.0948
   389   534  3515  535190.00  2329990.00  21.070523  105.338755  -12.4638   -9.3642
   390  2004  3515  549890.00  2329990.00  21.070181  105.480261  -13.5982  -18.2303
   391  4836  3518  578210.00  2329960.00  21.068920  105.752864  -11.7420  -15.5294
   392  1155  3524  541400.00  2329900.00  21.069580  105.398532  -10.0130  -14.2871
   393   627  3530  536120.00  2329840.00  21.069149  105.347704   -2.3590   -8.9819
   394  3867  3530  568520.00  2329840.00  21.068224  105.659587  -12.3409  -18.7523
   395   552  3530  535370.00  2329840.00  21.069164  105.340485   -5.0656  -13.1759
   396  2031  3533  550160.00  2329810.00  21.068548  105.482855  -13.1769  -17.6132
   397  3819  3536  568040.00  2329780.00  21.067700  105.654964   -5.3564  -15.8080
   398   669  3542  536540.00  2329720.00  21.068057  105.351745   -9.1562  -16.3196
   399  1101  3545  540860.00  2329690.00  21.067694  105.393329  -11.5004  -17.8948
   400  5928  3545  589130.00  2329690.00  21.065982  105.857960   -6.8214  -16.2793
   401   870  3548  538550.00  2329660.00  21.067473  105.371092   -9.5640  -14.9705
   402   558  3548  535430.00  2329660.00  21.067536  105.341059   -5.8705   -8.4001
   403  1776  3548  547610.00  2329660.00  21.067260  105.458304   -7.9367  -15.8025
   404  2832  3551  558170.00  2329630.00  21.066684  105.559952  -11.9321  -16.5181
   405  1788  3551  547730.00  2329630.00  21.066986  105.459458  -10.1532  -17.4023
   406   315  3551  533000.00  2329630.00  21.067311  105.317666  -10.2307  -15.1646
   407   852  3554  538370.00  2329600.00  21.066935  105.369358   -7.6324  -13.9890
   408  1149  3554  541340.00  2329600.00  21.066870  105.397947  -14.1927  -14.3912
   409   858  3560  538430.00  2329540.00  21.066392  105.369934  -13.3986  -17.4809
   410  1032  3560  540170.00  2329540.00  21.066354  105.386684   -6.7467  -14.3640
   411  5619  3563  586040.00  2329510.00  21.064504  105.828209  -10.5474  -16.9669
   412   753  3572  537380.00  2329420.00  21.065329  105.359824   -0.9159   -4.3697
   413   957  3578  539420.00  2329360.00  21.064744  105.379460  -10.6276  -15.6669
   414   867  3578  538520.00  2329360.00  21.064763  105.370797  -11.0665  -15.0812
   415  2559  3584  555440.00  2329300.00  21.063788  105.533663   -6.1306  -15.9716
   416   750  3587  537350.00  2329270.00  21.063974  105.359532   -0.4894   -9.5733
   417   936  3590  539210.00  2329240.00  21.063664  105.377436  -12.1051  -18.3492
   418   729  3590  537140.00  2329240.00  21.063708  105.357510   -0.7566  -10.5837
   419   963  3593  539480.00  2329210.00  21.063388  105.380034   -4.9649  -14.5067
   420  3828  3599  568130.00  2329150.00  21.062005  105.655805   -7.2091  -16.1650
   421   603  3599  535880.00  2329150.00  21.062919  105.345380   -3.1623  -14.2009
   422  4839  3599  578240.00  2329150.00  21.061601  105.753116   -2.2899  -15.4702
   423   780  3602  537650.00  2329120.00  21.062613  105.362417  -16.3694  -21.9620
   424   951  3602  539360.00  2329120.00  21.062577  105.378877  -13.4383  -19.8530
   425   873  3605  538580.00  2329090.00  21.062323  105.371368  -13.9152  -20.0637
   426  1506  3605  544910.00  2329090.00  21.062178  105.432299  -11.8620  -10.0441
   427  3159  3605  561440.00  2329090.00  21.061699  105.591409   -5.7380   -9.6195
   428   867  3605  538520.00  2329090.00  21.062324  105.370791  -11.8520  -22.8776
   429   849  3608  538340.00  2329060.00  21.062056  105.369057  -11.0385  -23.2668
   430  1485  3608  544700.00  2329060.00  21.061912  105.430277  -12.5067  -17.6711
   431   639  3611  536240.00  2329030.00  21.061828  105.348842   -5.3516   -7.7183
   432   786  3611  537710.00  2329030.00  21.061798  105.362992   -8.8227  -17.4330
   433   918  3611  539030.00  2329030.00  21.061771  105.375698   -7.1168  -19.7278
   434   798  3614  537830.00  2329000.00  21.061525  105.364147  -14.2961  -20.0513
   435  4761  3617  577460.00  2328970.00  21.060008  105.745601  -10.3512  -18.3269
   436  1746  3623  547310.00  2328910.00  21.060492  105.455396   -7.5647  -12.5817
   437  4770  3623  577550.00  2328910.00  21.059462  105.746464   -7.6736  -17.6194
   438  4851  3629  578360.00  2328850.00  21.058885  105.754258   -9.5516  -10.5661
   439   966  3635  539510.00  2328790.00  21.059592  105.380313  -12.9714  -16.6008
   440   468  3635  534530.00  2328790.00  21.059693  105.332378  -10.5298  -20.5191
   441   648  3635  536330.00  2328790.00  21.059658  105.349704   -2.1169   -5.8872
   442  4833  3638  578180.00  2328760.00  21.058080  105.752521  -12.1537  -14.2996
   443   441  3638  534260.00  2328760.00  21.059427  105.329778   -5.3490  -11.1126
   444   537  3641  535220.00  2328730.00  21.059137  105.339018   -2.5362  -11.9712
   445   918  3641  539030.00  2328730.00  21.059060  105.375691  -13.4959  -18.9896
   446   663  3641  536480.00  2328730.00  21.059113  105.351146   -0.6465   -7.9384
   447  1080  3644  540650.00  2328700.00  21.058754  105.391284  -14.2524  -16.0308
   448  5001  3647  579860.00  2328670.00  21.057194  105.768687  -10.4815  -19.3846
   449   414  3650  533990.00  2328640.00  21.058347  105.327177   -3.2863   -7.6921
   450   450  3656  534350.00  2328580.00  21.057799  105.330641   -1.3602   -8.0114
   451   264  3656  532490.00  2328580.00  21.057832  105.312737   -9.0859  -17.3919
   452  4842  3656  578270.00  2328580.00  21.056450  105.753379   -5.9069  -15.7372
   453   954  3659  539390.00  2328550.00  21.057426  105.379153   -9.3712  -14.9483
   454   729  3665  537140.00  2328490.00  21.056931  105.357494   -2.0389  -11.3067
   455   663  3668  536480.00  2328460.00  21.056673  105.351141   -2.5899  -10.2592
   456  2127  3677  551120.00  2328370.00  21.055510  105.492053   -9.6086  -15.5816
   457  2130  3686  551150.00  2328280.00  21.054696  105.492339  -10.9775  -15.8480
   458   783  3686  537680.00  2328280.00  21.055023  105.362687    1.3253   -7.9522
   459  1707  3695  546920.00  2328190.00  21.053996  105.451622   -9.1994   -7.3953
   460   210  3695  531950.00  2328190.00  21.054318  105.307532  -10.2346  -14.6979
   461   975  3695  539600.00  2328190.00  21.054169  105.381166  -11.8665  -15.5824
   462   537  3698  535220.00  2328160.00  21.053987  105.339006   -7.1610  -12.1314
   463   693  3698  536780.00  2328160.00  21.053957  105.354022   -2.5177  -11.8103
   464   735  3701  537200.00  2328130.00  21.053677  105.358064   -0.9569  -11.1641
   465   606  3704  535910.00  2328100.00  21.053432  105.345647   -2.5280  -13.1094
   466   747  3707  537320.00  2328070.00  21.053132  105.359217   -1.4569   -7.8743
   467   876  3710  538610.00  2328040.00  21.052835  105.371633  -10.3379  -16.5645
   468   600  3716  535850.00  2327980.00  21.052349  105.345067   -9.1727  -13.4784
   469   741  3716  537260.00  2327980.00  21.052321  105.358638    1.8979   -5.8922
   470  1053  3719  540380.00  2327950.00  21.051983  105.388668  -10.2618  -11.9895
   471  1050  3722  540350.00  2327920.00  21.051713  105.388378  -11.1419  -17.1422
   472   918  3722  539030.00  2327920.00  21.051742  105.375673  -21.1812  -25.8669
   473  2226  3728  552110.00  2327860.00  21.050874  105.501566  -11.5870  -16.1656
   474   939  3728  539240.00  2327860.00  21.051195  105.377693  -14.6409  -19.9871
   475   840  3731  538250.00  2327830.00  21.050945  105.368164  -11.7052  -18.8641
   476   627  3731  536120.00  2327830.00  21.050988  105.347662  -14.5460  -21.2141
   477   396  3731  533810.00  2327830.00  21.051032  105.325428   -8.2152  -13.8135
   478   945  3734  539300.00  2327800.00  21.050652  105.378269   -7.7202  -18.8015
   479   504  3734  534890.00  2327800.00  21.050741  105.335823   -4.1256   -7.3387
   480  4890  3737  578750.00  2327770.00  21.049111  105.757962   -8.5188  -17.6089
   481   681  3737  536660.00  2327770.00  21.050435  105.352858  -11.5364  -17.1614
   482  2385  3737  553700.00  2327770.00  21.050015  105.516867   -9.7012  -15.2599
   483  1080  3737  540650.00  2327770.00  21.050351  105.391262  -11.4574  -17.4219
   484  1686  3737  546710.00  2327770.00  21.050207  105.449589  -10.0933  -17.6070
   485  6852  3743  598370.00  2327710.00  21.047622  105.946782   -2.9250  -14.1084
   486  6849  3749  598340.00  2327650.00  21.047081  105.946490   -4.1358  -14.0836
   487  1035  3752  540200.00  2327620.00  21.049006  105.386927   -6.3259  -17.1016
   488   849  3755  538340.00  2327590.00  21.048774  105.369024   -2.2993  -13.1082
   489  1071  3755  540560.00  2327590.00  21.048727  105.390392  -16.7807  -22.8723
   490  4845  3758  578300.00  2327560.00  21.047233  105.753621  -10.4995  -14.4131
   491   717  3758  537020.00  2327560.00  21.048530  105.356319   -4.1024   -7.8741
   492  6858  3761  598430.00  2327530.00  21.045992  105.947349   -7.7726  -17.9178
   493  1050  3761  540350.00  2327530.00  21.048189  105.388369  -11.8735  -13.4928
   494   822  3761  538070.00  2327530.00  21.048238  105.366424   -0.8111   -8.3811
   495   558  3764  535430.00  2327500.00  21.048020  105.341014   -1.6205   -8.0343
   496   717  3770  537020.00  2327440.00  21.047446  105.356316   -5.1823  -13.9292
   497  2472  3773  554570.00  2327410.00  21.046737  105.525229   -6.9398  -17.4590
   498   927  3776  539120.00  2327380.00  21.046861  105.376527  -10.9423  -16.3160
   499  1347  3776  543320.00  2327380.00  21.046766  105.416951   -7.3091  -15.5506
   500   954  3779  539390.00  2327350.00  21.046584  105.379125   -7.5421  -17.0777
   501  1152  3779  541370.00  2327350.00  21.046540  105.398182   -7.9189  -14.4817
   502   906  3782  538910.00  2327320.00  21.046323  105.374505  -13.0942  -18.8426
   503  1689  3785  546740.00  2327290.00  21.045869  105.449865   -9.7454  -15.3352
   504  1206  3788  541910.00  2327260.00  21.045715  105.403377  -11.5361  -16.0088
   505   870  3788  538550.00  2327260.00  21.045788  105.371038  -15.9562  -21.0914
   506   900  3788  538850.00  2327260.00  21.045782  105.373926  -14.2691  -20.8125
   507  1206  3791  541910.00  2327230.00  21.045444  105.403377   -9.5294  -15.1879
   508  1197  3791  541820.00  2327230.00  21.045446  105.402510   -9.1791  -21.1038
   509   903  3791  538880.00  2327230.00  21.045510  105.374214  -12.9862  -20.1000
   510  1281  3794  542660.00  2327200.00  21.045155  105.410594   -6.4390  -14.1710
   511   933  3794  539180.00  2327200.00  21.045233  105.377101  -13.2052  -18.0602
   512  1167  3803  541520.00  2327110.00  21.044368  105.399620   -5.7867  -11.5864
   513  1089  3806  540740.00  2327080.00  21.044115  105.392112  -11.1069  -13.0148
   514   840  3806  538250.00  2327080.00  21.044168  105.368147    2.0235   -8.1458
   515   567  3806  535520.00  2327080.00  21.044223  105.341872   -3.1490   -9.0215
   516  2382  3809  553670.00  2327050.00  21.043511  105.516556   -9.7903  -13.9059
   517  1041  3809  540260.00  2327050.00  21.043854  105.387492  -11.1113  -13.1086
   518   474  3809  534590.00  2327050.00  21.043970  105.332920   -1.4575   -9.1404
   519   825  3809  538100.00  2327050.00  21.043900  105.366703   -3.8970   -6.9526
   520  6729  3812  597140.00  2327020.00  21.041454  105.934906  -14.7947  -13.7030
   521  1281  3812  542660.00  2327020.00  21.043529  105.410590   -9.8754  -14.5181
   522  2625  3812  556100.00  2327020.00  21.043167  105.539942  -10.2192  -16.7400
   523  6861  3815  598460.00  2326990.00  21.041112  105.947607   -9.4393  -14.1038
   524   537  3815  535220.00  2326990.00  21.043416  105.338982   -8.3092  -12.9234
   525  3825  3818  568100.00  2326960.00  21.042219  105.655430   -6.5104  -16.9685
   526  1179  3818  541640.00  2326960.00  21.043010  105.400771   -1.9147  -14.4960
   527  1647  3821  546320.00  2326930.00  21.042627  105.445813  -15.1275  -16.9507
   528   543  3821  535280.00  2326930.00  21.042872  105.339559   -5.6710  -13.5797
   529   501  3827  534860.00  2326870.00  21.042338  105.335515   -3.1728  -10.7641
   530   636  3830  536210.00  2326840.00  21.042041  105.348508   -4.6461  -10.5337
   531  1266  3830  542510.00  2326840.00  21.041906  105.409142   -5.7500  -13.0538
   532   519  3830  535040.00  2326840.00  21.042064  105.337247   -5.5163  -11.8454
   533   603  3833  535880.00  2326810.00  21.041777  105.345331   -6.7578  -12.8826
   534  1083  3836  540680.00  2326780.00  21.041405  105.391528   -3.4828   -8.7833
   535   579  3836  535640.00  2326780.00  21.041510  105.343020  -14.0958  -12.6312
   536  2148  3842  551330.00  2326720.00  21.040596  105.494025  -10.7096  -17.4246
   537  1302  3845  542870.00  2326690.00  21.040542  105.412603  -10.7300  -13.0175
   538   612  3845  535970.00  2326690.00  21.040691  105.346195   -7.4642  -13.7737
   539  1767  3848  547520.00  2326660.00  21.040157  105.457355   -9.2706  -11.7150
   540  1998  3848  549830.00  2326660.00  21.040095  105.479587   -7.2975  -13.8474
   541  3963  3851  569480.00  2326630.00  21.039186  105.668698   -7.2662  -18.6314
   542   777  3857  537620.00  2326570.00  21.039573  105.362072   -4.9093   -9.3366
   543  3945  3860  569300.00  2326540.00  21.038379  105.666962   -6.0333  -13.6546
   544  3993  3869  569780.00  2326450.00  21.037548  105.671578   -9.7948  -13.0970
   545   675  3869  536600.00  2326450.00  21.038510  105.352253  -17.0441  -20.3324
   546  1686  3869  546710.00  2326450.00  21.038280  105.449554   -6.6133  -13.4054
   547  1086  3872  540710.00  2326420.00  21.038152  105.391808   -8.3481  -14.0489
   548  1206  3872  541910.00  2326420.00  21.038125  105.403357  -10.3423  -17.7469
   549   261  3875  532460.00  2326390.00  21.038045  105.312407  -12.4670  -14.9780
   550   969  3875  539540.00  2326390.00  21.037906  105.380547   -9.2851  -15.7490
   551  1182  3875  541670.00  2326390.00  21.037859  105.401046  -10.5487  -16.1629
   552   978  3881  539630.00  2326330.00  21.037362  105.381412   -8.3922  -16.6427
   553   276  3881  532610.00  2326330.00  21.037501  105.313850  -10.9971  -13.4697
   554  1137  3881  541220.00  2326330.00  21.037327  105.396714   -6.9484  -16.8309
   555  1119  3881  541040.00  2326330.00  21.037331  105.394982  -12.1744  -18.1357
   556  1176  3884  541610.00  2326300.00  21.037048  105.400467  -12.2313  -18.8931
   557  2238  3887  552230.00  2326270.00  21.036505  105.502673   -9.3098  -12.4444
   558  1206  3890  541910.00  2326240.00  21.036499  105.403352  -11.0672  -17.8942
   559   147  3893  531320.00  2326210.00  21.036439  105.301432   -4.8477  -15.3221
   560   339  3893  533240.00  2326210.00  21.036405  105.319911  -11.0180  -20.7267
   561  1773  3896  547580.00  2326180.00  21.035818  105.457919   -8.5431  -12.6087
   562   633  3905  536180.00  2326090.00  21.035265  105.348203  -12.1014  -16.1266
   563  2241  3905  552260.00  2326090.00  21.034878  105.502956  -12.2833  -14.6431
   564  1212  3905  541970.00  2326090.00  21.035142  105.403926  -10.1340  -22.5968
   565  1017  3908  540020.00  2326060.00  21.034914  105.385159   -4.6896   -8.3859
   566  1944  3914  549290.00  2326000.00  21.034147  105.474371  -11.1199  -15.0466
   567   729  3914  537140.00  2326000.00  21.034433  105.357440   -4.8021  -10.7804
   568  1218  3914  542030.00  2326000.00  21.034327  105.404501  -12.4788  -13.4366
   569  1149  3917  541340.00  2325970.00  21.034072  105.397860   -9.8589  -17.6306
   570   924  3920  539090.00  2325940.00  21.033850  105.376206   -6.1332  -14.6504
   571  4014  3920  569990.00  2325940.00  21.032932  105.673578  -11.7365  -15.2342
   572  3969  3920  569540.00  2325940.00  21.032949  105.669247  -11.3873  -16.0235
   573   240  3920  532250.00  2325940.00  21.033983  105.310378  -10.3390  -14.4112
   574  4044  3923  570290.00  2325910.00  21.032650  105.676464   -9.2064  -18.5094
   575   963  3929  539480.00  2325850.00  21.033029  105.379957  -14.2984  -22.2119
   576  2865  3929  558500.00  2325850.00  21.032521  105.563001   -8.9237  -16.6723
   577   498  3932  534830.00  2325820.00  21.032852  105.335205   -9.6022  -16.4194
   578   738  3932  537230.00  2325820.00  21.032805  105.358303  -12.0336  -16.2164
   579   804  3932  537890.00  2325820.00  21.032791  105.364654  -11.6509  -17.5598
   580  1176  3935  541610.00  2325790.00  21.032439  105.400454  -13.4498  -17.5783
   581  4104  3938  570890.00  2325760.00  21.031271  105.682232   -9.8965  -12.4940
   582   897  3944  538820.00  2325700.00  21.031687  105.373602   -5.2501   -9.5381
   583   822  3944  538070.00  2325700.00  21.031703  105.366384   -7.5136  -16.7857
   584   960  3947  539450.00  2325670.00  21.031403  105.379664  -13.7807  -15.6688
   585  1149  3947  541340.00  2325670.00  21.031361  105.397853  -14.8827  -17.0297
   586   735  3953  537200.00  2325610.00  21.030908  105.358009  -17.3919  -21.0080
   587   714  3959  536990.00  2325550.00  21.030370  105.355987   -7.4867  -11.7180
   588   522  3959  535070.00  2325550.00  21.030408  105.337509   -9.3491  -14.1618
   589  1323  3959  543080.00  2325550.00  21.030237  105.414595   -9.8117  -13.9179
   590  4086  3962  570710.00  2325520.00  21.029110  105.680490  -11.4320  -17.9340
   591   738  3962  537230.00  2325520.00  21.030094  105.358296  -19.6757  -20.8191
   592   789  3965  537740.00  2325490.00  21.029812  105.363204   -4.5848  -14.1272
   593  4008  3968  569930.00  2325460.00  21.028598  105.672981   -9.8108  -16.4214
   594   972  3968  539570.00  2325460.00  21.029503  105.380814   -5.4197  -13.4104
   595  4020  3968  570050.00  2325460.00  21.028593  105.674136   -9.7831  -16.4353
   596   939  3968  539240.00  2325460.00  21.029510  105.377638   -3.3002  -10.0090
   597   912  3977  538970.00  2325370.00  21.028703  105.375038   -5.9156  -13.7819
   598  1035  3983  540200.00  2325310.00  21.028134  105.386874   -5.7498  -14.3219
   599   996  3983  539810.00  2325310.00  21.028142  105.383120   -0.3808  -10.4109
   600  2214  3989  551990.00  2325250.00  21.027296  105.500333  -10.2040  -17.2174
   601   780  3989  537650.00  2325250.00  21.027646  105.362332   -7.2700  -11.4436
   602  1038  3992  540230.00  2325220.00  21.027320  105.387160   -5.3666  -14.3156
   603  1182  3995  541670.00  2325190.00  21.027017  105.401017  -14.2269  -16.8827
   604  1050  3998  540350.00  2325160.00  21.026775  105.388314  -11.2964  -18.1970
   605   804  4001  537890.00  2325130.00  21.026557  105.364639   -8.3426  -12.6166
   606  2160  4001  551450.00  2325130.00  21.026227  105.495132  -11.5647  -15.4427
   607   888  4004  538730.00  2325100.00  21.026268  105.372722   -3.0085   -8.3494
   608   861  4004  538460.00  2325100.00  21.026274  105.370124   -6.9993  -10.9861
   609  1053  4004  540380.00  2325100.00  21.026233  105.388601   -6.9691  -13.6510
   610  3015  4007  560000.00  2325070.00  21.025425  105.577409   -6.3424  -14.8553
   611  3084  4013  560690.00  2325010.00  21.024860  105.584047  -15.8367  -15.1016
   612  1326  4019  543110.00  2324950.00  21.024815  105.414869   -4.2506  -11.8140
   613   795  4019  537800.00  2324950.00  21.024932  105.363769  -11.4548  -17.6419
   614  1131  4019  541160.00  2324950.00  21.024860  105.396104  -13.3684  -15.6074
   615   912  4019  538970.00  2324950.00  21.024908  105.375028   -4.4363   -8.6957
   616   867  4022  538520.00  2324920.00  21.024646  105.370697   -3.3515  -11.8605
   617  1515  4025  545000.00  2324890.00  21.024228  105.433056   -8.7748  -13.6171
   618   726  4028  537110.00  2324860.00  21.024133  105.357127   -2.1344   -9.1679
   619   801  4028  537860.00  2324860.00  21.024118  105.364345   -5.7176  -11.0647
   620  1512  4031  544970.00  2324830.00  21.023686  105.432765   -8.8938  -17.5729
   621   933  4034  539180.00  2324800.00  21.023548  105.377046   -6.5895   -9.7639
   622  1476  4034  544610.00  2324800.00  21.023424  105.429300   -4.5271   -9.1826
   623  1185  4034  541700.00  2324800.00  21.023492  105.401297  -12.6485  -14.2441
   624  1083  4037  540680.00  2324770.00  21.023244  105.391480  -10.2466  -22.5975
   625  1125  4040  541100.00  2324740.00  21.022964  105.395521  -12.2728  -20.0369
   626   687  4043  536720.00  2324710.00  21.022786  105.353371   -9.9579  -17.5863
   627   903  4046  538880.00  2324680.00  21.022470  105.374156   -1.9522  -11.5642
   628  1326  4046  543110.00  2324680.00  21.022376  105.414862   -9.0433   -9.8495
   629  2832  4049  558170.00  2324650.00  21.021689  105.559784   -5.3790  -15.7236
   630   936  4058  539210.00  2324560.00  21.021379  105.377329   -4.7888  -11.6317
   631  1446  4058  544310.00  2324560.00  21.021263  105.426407   -8.4821  -10.1072
   632   903  4061  538880.00  2324530.00  21.021115  105.374153   -6.9057   -9.9947
   633   729  4061  537140.00  2324530.00  21.021151  105.357409   -9.1865  -15.2199
   634   861  4067  538460.00  2324470.00  21.020581  105.370110   -6.0405  -10.8544
   635  1074  4070  540590.00  2324440.00  21.020265  105.390606  -15.1627  -14.3007
   636  1332  4073  543170.00  2324410.00  21.019935  105.415433   -9.0609  -13.8638
   637  6291  4073  592760.00  2324410.00  21.018100  105.892615  -10.6098  -15.0136
   638  1425  4073  544100.00  2324410.00  21.019913  105.424382   -3.9805  -13.4543
   639  1302  4076  542870.00  2324380.00  21.019671  105.412545   -9.6679  -13.5312
   640  6360  4079  593450.00  2324350.00  21.017523  105.899251  -11.0973  -14.0015
   641  1587  4082  545720.00  2324320.00  21.019060  105.439969   -9.6075  -16.1820
   642  1287  4082  542720.00  2324320.00  21.019132  105.411100  -12.0312  -14.6635
   643  5799  4085  587840.00  2324290.00  21.017258  105.845268  -10.2782  -18.5762
   644   717  4085  537020.00  2324290.00  21.018985  105.356249   -7.0450  -14.6213
   645  1152  4088  541370.00  2324260.00  21.018621  105.398108  -12.6719  -19.9592
   646  1674  4088  546590.00  2324260.00  21.018496  105.448339   -8.1318   -9.9970
   647  1581  4088  545660.00  2324260.00  21.018519  105.439390  -12.6005  -17.9670
   648  3825  4094  568100.00  2324200.00  21.017282  105.655321   -8.0558  -13.8187
   649   708  4094  536930.00  2324200.00  21.018173  105.355381  -13.8717  -16.4605
   650  1137  4097  541220.00  2324170.00  21.017811  105.396662   -9.6205  -14.9084
   651  2136  4097  551210.00  2324170.00  21.017560  105.492794   -8.7158  -12.9075
   652   726  4100  537110.00  2324140.00  21.017627  105.357112  -13.1082  -13.5615
   653  1275  4103  542600.00  2324110.00  21.017237  105.409940   -9.2145  -13.7424
   654  1320  4103  543050.00  2324110.00  21.017227  105.414271  -16.2233  -22.9666
   655  3840  4109  568250.00  2324050.00  21.015921  105.656758   -9.7582  -14.6601
   656  1635  4109  546200.00  2324050.00  21.016608  105.444581  -11.3899  -17.9204
   657  1476  4112  544610.00  2324020.00  21.016376  105.429280   -4.4283   -8.4165
   658  1593  4115  545780.00  2323990.00  21.016077  105.440538  -13.6352  -18.0158
   659   888  4115  538730.00  2323990.00  21.016239  105.372697   -4.5402   -9.9234
   660  1608  4118  545930.00  2323960.00  21.015802  105.441980  -13.8096  -23.3356
   661  1989  4121  549740.00  2323930.00  21.015432  105.478642   -8.7129  -11.6009
   662  1110  4124  540950.00  2323900.00  21.015377  105.394058  -12.7348  -17.2435
   663  6336  4127  593210.00  2323870.00  21.013199  105.896915   -8.0817  -16.4394
   664   762  4130  537470.00  2323840.00  21.014910  105.360569   -7.0135  -11.0509
   665  1857  4133  548420.00  2323810.00  21.014383  105.465937  -10.0134  -14.5722
   666   768  4154  537530.00  2323600.00  21.012740  105.361141  -12.4323  -20.5917
   667  4023  4154  570080.00  2323600.00  21.011787  105.674349  -10.6274  -16.9042
   668  6564  4169  595490.00  2323450.00  21.009287  105.918829   -7.8982  -17.9647
   669  6309  4178  592940.00  2323360.00  21.008605  105.894290   -6.2348  -12.1414
   670  6573  4181  595580.00  2323330.00  21.008198  105.919689   -8.3966  -13.6365
   671  6549  4181  595340.00  2323330.00  21.008211  105.917380   -7.7825  -15.1291
   672   702  4187  536870.00  2323270.00  21.009771  105.354783  -12.0702  -15.1327
   673  2238  4193  552230.00  2323210.00  21.008857  105.502580  -10.1018  -15.6570
   674  2193  4196  551780.00  2323180.00  21.008599  105.498249   -8.9896  -15.4974
   675  2769  4211  557540.00  2323030.00  21.007072  105.553668   -4.7540  -13.1382
   676  2865  4220  558500.00  2322940.00  21.006229  105.562902  -11.8826  -15.8783
   677  6348  4226  593330.00  2322880.00  21.004248  105.898016  -11.2805  -16.5125
   678  6342  4268  593270.00  2322460.00  21.000457  105.897416   -8.8953  -16.3087
   679  6333  4271  593180.00  2322430.00  21.000191  105.896549   -8.4284  -15.7866
   680  2445  4274  554300.00  2322400.00  21.001479  105.522473   -5.2004  -12.7617
   681  6447  4298  594320.00  2322160.00  20.997693  105.907502   -6.1740  -14.2190
   682  4200  4337  571850.00  2321770.00  20.995184  105.691304   -6.6564  -14.9633
   683  6471  4343  594560.00  2321710.00  20.993615  105.909786   -9.6459  -19.7181
   684  4596  4349  575810.00  2321650.00  20.993941  105.729397   -8.7102  -15.9702
   685  5052  4352  580370.00  2321620.00  20.993477  105.773267   -7.0877  -14.1756
   686  6843  4358  598280.00  2321560.00  20.992065  105.945565   -9.5858  -17.9462
   687  4902  4427  578870.00  2320870.00  20.986766  105.758801   -8.2413  -14.3153
   688  3753  4442  567380.00  2320720.00  20.985867  105.648257   -8.8828  -15.3161
   689  6870  4463  598550.00  2320510.00  20.982565  105.948103  -12.2862  -14.0514
   690  4077  4472  570620.00  2320420.00  20.983035  105.679415   -5.6188  -17.2761
   691  4269  4514  572540.00  2320000.00  20.979165  105.697868  -12.9215  -15.6916
   692  4314  4517  572990.00  2319970.00  20.978877  105.702196  -11.2454  -16.3000
   693  4020  4532  570050.00  2319820.00  20.977636  105.673907   -9.5124  -15.9624
   694  2340  4535  553250.00  2319790.00  20.977927  105.512290  -13.4602  -15.8098
   695  5613  4544  585980.00  2319700.00  20.975876  105.827143  -12.1104  -18.6500
   696  6672  4547  596570.00  2319670.00  20.975080  105.929009   -9.3150  -15.1793
   697  4389  4559  573740.00  2319550.00  20.975052  105.709393   -6.8873  -14.2631
   698  4422  4607  574070.00  2319070.00  20.970702  105.712547   -5.7207  -16.3041
   699  6303  4631  592880.00  2318830.00  20.967681  105.893469   -6.8191  -11.5207
   700  4518  4631  575030.00  2318830.00  20.968495  105.721771   -9.1690  -15.0679
   701  6294  4670  592790.00  2318440.00  20.964162  105.892583  -10.7047  -15.8662
   702  2604  4679  555890.00  2318350.00  20.964838  105.537640   -7.1170  -19.7735
   703  2976  4685  559610.00  2318290.00  20.964179  105.573422   -9.4238  -16.8739
   704  4521  4721  575060.00  2317930.00  20.960362  105.722020  -10.2433  -14.4389
   705  2730  4745  557150.00  2317690.00  20.958836  105.549739   -9.0624  -13.6291
   706  5877  4748  588620.00  2317660.00  20.957321  105.852433  -12.4534  -18.5841
   707  2856  4748  558410.00  2317660.00  20.958526  105.561858   -9.9811  -19.8290
   708  4455  4766  574400.00  2317480.00  20.956323  105.715653   -8.4260  -15.0603
   709  4533  4769  575180.00  2317450.00  20.956020  105.723154  -11.4606  -18.5241
   710  2745  4793  557300.00  2317210.00  20.954495  105.551166   -5.6943  -14.7134
   711  2652  4793  556370.00  2317210.00  20.954523  105.542220  -12.3965  -16.1394
   712  6165  4814  591500.00  2317000.00  20.951217  105.880099  -11.3487  -19.9996
   713  2766  4820  557510.00  2316940.00  20.952048  105.553177   -8.4114  -18.2311
   714  4359  4856  573440.00  2316580.00  20.948230  105.706381  -10.4338  -16.9147
   715  2802  4865  557870.00  2316490.00  20.947971  105.556624   -7.0054  -13.2268
   716  2841  4877  558260.00  2316370.00  20.946875  105.560371   -5.6734  -14.6616
   717  2703  4883  556880.00  2316310.00  20.946376  105.547096   -4.8288   -9.4519
   718  2739  4889  557240.00  2316250.00  20.945823  105.550557   -9.3438  -17.3027
   719  3024  4928  560090.00  2315860.00  20.942208  105.577955  -11.8001  -13.7015
   720  3303  4961  562880.00  2315530.00  20.939133  105.604776  -10.5461  -12.9398
   721  3195  4961  561800.00  2315530.00  20.939170  105.594389   -5.6813  -15.1552
   722  2940  5030  559250.00  2314840.00  20.933019  105.569841  -10.5741  -14.5587
   723  2868  5036  558530.00  2314780.00  20.932500  105.562914   -8.2811  -15.3535
   724  2640  5057  556250.00  2314570.00  20.930674  105.540980  -15.7920  -15.8102
   725  2667  5069  556520.00  2314450.00  20.929581  105.543573  -10.0554  -16.5627
   726  2571  5075  555560.00  2314390.00  20.929068  105.534339   -6.5463  -10.0796
   727  2262  5087  552470.00  2314270.00  20.928074  105.504619  -11.8540  -15.9309
   728  2427  5096  554120.00  2314180.00  20.927214  105.520484  -13.0989  -16.1068
   729  2670  5099  556550.00  2314150.00  20.926870  105.543852  -11.0903  -17.5444
   730  5838  5102  588230.00  2314120.00  20.925356  105.848502   -6.8166  -15.2658
   731  2691  5114  556760.00  2314000.00  20.925508  105.545866  -14.6012  -18.3168
   732  2358  5129  553430.00  2313850.00  20.924252  105.513838  -11.5948  -15.7934
   733  2451  5141  554360.00  2313730.00  20.923141  105.522778  -17.2905  -22.6617
   734  2460  5153  554450.00  2313610.00  20.922054  105.523639  -14.7486  -16.8935
   735  2448  5159  554330.00  2313550.00  20.921515  105.522484   -8.5609  -13.1701
   736  2466  5165  554510.00  2313490.00  20.920968  105.524213  -17.8196  -24.6127
   737  2976  5237  559610.00  2312770.00  20.914305  105.573232       NaN       NaN
   738  4560  5333  575450.00  2311810.00  20.905052  105.725505   -6.8205  -15.5520
   739  2943  5342  559280.00  2311720.00  20.904828  105.570023   -9.3217  -13.1001
   740  2943  5378  559280.00  2311360.00  20.901576  105.570011  -10.3950  -15.8780
   741  3150  5447  561350.00  2310670.00  20.895274  105.589890   -9.2908  -17.7529
   742  3051  5465  560360.00  2310490.00  20.893680  105.580365  -10.5100  -15.0803
   743  4128  5486  571130.00  2310280.00  20.891400  105.683905   -7.6064  -14.3877
   744  4614  5495  575990.00  2310190.00  20.890393  105.730627   -8.3385  -11.6783
   745  5709  5513  586940.00  2310010.00  20.888285  105.835891   -9.6143  -14.0896
   746  2895  5519  558800.00  2309950.00  20.888851  105.565348   -6.1287  -11.1883
   747  4620  5519  576050.00  2309950.00  20.888222  105.731193  -11.7633  -14.0274
   748  6021  5552  590060.00  2309620.00  20.884612  105.865866   -5.5866  -17.3321
   749  3393  5663  563780.00  2308510.00  20.875675  105.613174   -8.3241  -15.6381
   750  3159  5720  561440.00  2307940.00  20.870604  105.590658  -15.5220  -18.0338
   751  3153  5738  561380.00  2307760.00  20.868980  105.590075   -6.5045  -11.8517
   752  3150  5738  561350.00  2307760.00  20.868981  105.589787   -8.2143  -11.0156
   753  4656  5744  576410.00  2307700.00  20.867879  105.734555  -10.6344  -15.4596
   754  2991  5747  559760.00  2307670.00  20.868220  105.574499   -7.3205  -12.6808
   755  3210  5765  561950.00  2307490.00  20.866521  105.595545   -8.6003  -14.5093
   756  4677  5777  576620.00  2307370.00  20.864888  105.736559   -5.0728  -15.2356
   757  4686  5786  576710.00  2307280.00  20.864072  105.737421   -5.5995  -16.4183
   758  3240  5786  562250.00  2307280.00  20.864614  105.598422   -9.8020  -19.6323
   759  3219  5786  562040.00  2307280.00  20.864621  105.596403   -9.4429  -14.5251
   760  3525  5813  565100.00  2307010.00  20.862076  105.625808   -8.9701  -11.7060
   761  3729  5888  567140.00  2306260.00  20.855227  105.645389   -9.1398  -17.1238
   762  6666  5888  596510.00  2306260.00  20.853930  105.927686   -8.6104  -13.0415
   763  3438  5975  564230.00  2305390.00  20.847470  105.617385   -9.3647  -12.3689
   764  4656  5981  576410.00  2305330.00  20.846466  105.734451   -8.3632  -18.0617
   765  3297  6026  562820.00  2304880.00  20.842910  105.603814  -12.1772  -13.3364
   766  4674  6026  576590.00  2304880.00  20.842392  105.736161   -6.8263  -18.9016
   767  3153  6041  561380.00  2304730.00  20.841603  105.589969  -11.8579  -18.3630
   768  3831  6182  568160.00  2303320.00  20.828626  105.655078  -16.5850  -21.5244
   769  3123  6188  561080.00  2303260.00  20.828331  105.587034   -9.7152  -13.7526
   770  3675  6242  566600.00  2302720.00  20.823262  105.640063   -7.4788  -13.6066
   771  3090  6260  560750.00  2302540.00  20.821836  105.583837  -12.5675  -12.6592
   772  3084  6269  560690.00  2302450.00  20.821025  105.583257   -5.1974  -13.3076
   773  2943  6275  559280.00  2302390.00  20.820528  105.569705   -9.6507  -14.3002
   774  2970  6284  559550.00  2302300.00  20.819707  105.572297  -14.8532  -17.8371
   775  2916  6284  559010.00  2302300.00  20.819724  105.567107  -12.3261  -17.5105
   776  3045  6293  560300.00  2302210.00  20.818869  105.579501   -3.0156  -13.1062
   777  2940  6293  559250.00  2302210.00  20.818903  105.569411  -13.7748  -21.1630
   778  2886  6311  558710.00  2302030.00  20.817294  105.564215   -6.8646  -14.2377
   779  2892  6320  558770.00  2301940.00  20.816479  105.564789   -7.2060  -16.3370
   780  2901  6320  558860.00  2301940.00  20.816476  105.565654   -1.4316  -11.4263
   781  2892  6323  558770.00  2301910.00  20.816208  105.564788   -6.8617  -14.3246
   782  2877  6332  558620.00  2301820.00  20.815399  105.563343   -4.0658  -11.4703
   783  3648  6332  566330.00  2301820.00  20.815140  105.637434  -10.8957  -16.6750
   784  3027  6332  560120.00  2301820.00  20.815351  105.577758   -7.9944  -14.9312
   785  5967  6335  589520.00  2301790.00  20.813896  105.860273  -12.6869  -16.4905
   786  2898  6350  558830.00  2301640.00  20.813766  105.565355  -15.9681  -17.5733
   787  3048  6362  560330.00  2301520.00  20.812634  105.579766   -7.6325  -13.8234
   788  3012  6392  559970.00  2301220.00  20.809935  105.576296   -8.8887  -18.3581
   789  2862  6401  558470.00  2301130.00  20.809170  105.561879  -10.0283  -17.6433
   790  5172  6458  581570.00  2300560.00  20.803149  105.783823  -11.9572  -14.8980
   792  3810  6662  567950.00  2298520.00  20.785265  105.652873   -0.0774   -8.1473  
   794  3798  6827  567830.00  2296870.00  20.770361  105.651656   -9.3775  -16.2600
   795  3852  6845  568370.00  2296690.00  20.768715  105.656837  -11.7223  -17.1065
   797  3795  6860  567800.00  2296540.00  20.767380  105.651355  -10.8202  -19.6326
   798  4470  6866  574550.00  2296480.00  20.766580  105.716196  -10.1210  -16.8903
   799  3825  6896  568100.00  2296180.00  20.764117  105.654223   -6.8858  -13.6245  
   801  3801  6929  567860.00  2295850.00  20.761144  105.651905  -18.2504  -19.7199
   802  3855  6947  568400.00  2295670.00  20.759498  105.657085   -8.2098  -16.6616
   803  3834  6956  568190.00  2295580.00  20.758692  105.655064   -3.6589   -8.7900
   804  3822  6965  568070.00  2295490.00  20.757884  105.653908   -1.5133  -11.4694
   806  3837  6974  568220.00  2295400.00  20.757065  105.655346  -10.9029  -19.1406
   807  3861  7001  568460.00  2295130.00  20.754617  105.657640   -8.1784  -13.4913
   810  3945  7037  569300.00  2294770.00  20.751333  105.665695   -7.1028  -11.2891
   811  3921  7040  569060.00  2294740.00  20.751071  105.663388  -20.9857  -27.3164
   812  3909  7046  568940.00  2294680.00  20.750533  105.662233  -18.1040  -22.3304
   816  3897  7064  568820.00  2294500.00  20.748911  105.661074  -23.1076  -25.5580
   817  3894  7079  568790.00  2294350.00  20.747557  105.660780  -14.6370  -19.4625
   820  3849  7103  568340.00  2294110.00  20.745405  105.656448   -4.5032   -6.1367
   822  3870  7109  568550.00  2294050.00  20.744855  105.658463   -3.8466  -10.7594
   823  6078  7133  590630.00  2293810.00  20.741744  105.870525   -7.6015  -12.4254
   825  4578  7190  575630.00  2293240.00  20.737263  105.726431   -8.8020  -14.3889
   829  3984  7253  569690.00  2292610.00  20.731802  105.669355   -7.5013  -10.9741
   830  3942  7319  569270.00  2291950.00  20.725854  105.665295   -9.7463  -14.0004
   831  4635  7349  576200.00  2291650.00  20.722874  105.731837   -9.1357  -15.6337
   832  3996  7361  569810.00  2291530.00  20.722039  105.670465  -16.8215  -18.3835
   833  3915  7361  569000.00  2291530.00  20.722069  105.662686   -9.6354  -15.6826
   834  4038  7400  570230.00  2291140.00  20.718500  105.674483  -21.4258  -24.0524
   835  4014  7400  569990.00  2291140.00  20.718509  105.672178  -10.1241  -16.8561
   836  4014  7424  569990.00  2290900.00  20.716340  105.672168   -5.7163  -14.5380
   837  3999  7439  569840.00  2290750.00  20.714991  105.670722   -8.4499  -18.3215
   838  4077  7448  570620.00  2290660.00  20.714148  105.678209   -5.7022  -12.4572
   839  4056  7448  570410.00  2290660.00  20.714156  105.676192   -7.9467  -17.8736
   840  4047  7451  570320.00  2290630.00  20.713888  105.675327  -10.5593  -16.1546
   841  4104  7499  570890.00  2290150.00  20.709530  105.680781  -11.6427  -17.3803
   842  4125  7520  571100.00  2289940.00  20.707625  105.682789  -11.9364  -19.9961
   843  4188  7541  571730.00  2289730.00  20.705703  105.688830   -8.2663  -15.2451
   844  4200  7547  571850.00  2289670.00  20.705156  105.689980  -18.2430  -25.5612
   845  4191  7547  571760.00  2289670.00  20.705160  105.689116  -11.0892  -17.1296
   846  4059  7550  570440.00  2289640.00  20.704939  105.676439   -5.3062   -7.8891
   847  4125  7559  571100.00  2289550.00  20.704101  105.682773   -6.3981  -11.0700
   848  4089  7562  570740.00  2289520.00  20.703843  105.679315   -5.9856   -9.1254
   849  4119  7583  571040.00  2289310.00  20.701935  105.682187  -15.9885  -20.3854
   850  4185  7592  571700.00  2289220.00  20.701096  105.688521   -1.5369  -10.8639
   851  4125  7613  571100.00  2289010.00  20.699222  105.682751  -10.9847  -18.6938
   852  4140  7649  571250.00  2288650.00  20.695963  105.684177   -1.8605   -7.4957
   853  4770  7667  577550.00  2288470.00  20.694086  105.744661   -8.2746  -11.7485
   855  4188  7703  571730.00  2288110.00  20.691066  105.688764   -2.6212  -13.4022
   856  4095  8057  570800.00  2284570.00  20.659116  105.679692   -5.4464   -9.2854
   857  4107  8078  570920.00  2284360.00  20.657214  105.680836   -6.4340  -12.4623
   858  4194  8096  571790.00  2284180.00  20.655555  105.689180   -7.5607   -9.8521
   859  4203  8096  571880.00  2284180.00  20.655551  105.690044  -13.6822  -15.2289
   860  4200  8096  571850.00  2284180.00  20.655552  105.689756   -6.3124  -10.4291
   861  4134  8102  571190.00  2284120.00  20.655035  105.683418   -9.5756  -12.8257
   862  4179  8102  571640.00  2284120.00  20.655018  105.687738  -15.5522  -22.6923
   863  4563  8147  575480.00  2283670.00  20.650802  105.724580   -4.9168  -13.0589
   864  4476  8150  574610.00  2283640.00  20.650565  105.716227  -16.4686  -21.4447
   865  4554  8153  575390.00  2283610.00  20.650263  105.723713   -9.1280  -17.2106
   866  4647  8183  576320.00  2283310.00  20.647515  105.732627   -6.0150  -15.4495
   867  4569  8183  575540.00  2283310.00  20.647546  105.725140   -3.1046   -9.2099
   868  4509  8198  574940.00  2283160.00  20.646215  105.719375   -3.0001  -10.7669
   869  4623  8201  576080.00  2283130.00  20.645898  105.730316   -5.1742   -7.2006
   870  4536  8210  575210.00  2283040.00  20.645120  105.721961   -3.2381  -10.5959
   871  4389  8210  573740.00  2283040.00  20.645179  105.707851    0.8408   -9.7399
   872  4548  8216  575330.00  2282980.00  20.644573  105.723111    2.5843   -6.5750
   873  4629  8225  576140.00  2282890.00  20.643727  105.730882   -8.7990  -16.5397
   874  4572  8234  575570.00  2282800.00  20.642937  105.725406  -17.0522  -16.9733
   875  4653  8243  576380.00  2282710.00  20.642091  105.733177   -4.2797   -7.8829
   876  4677  8252  576620.00  2282620.00  20.641268  105.735477  -15.7373  -28.6759
   877  4584  8273  575690.00  2282410.00  20.639409  105.726542   -9.2086  -18.2693
   878  4563  8276  575480.00  2282380.00  20.639146  105.724525  -14.3628  -17.0997
   879  4542  8291  575270.00  2282230.00  20.637799  105.722503   -6.2547  -14.4278
   880  4497  8297  574820.00  2282170.00  20.637275  105.718181  -25.4626  -29.2025
   881  4455  8303  574400.00  2282110.00  20.636750  105.714147  -11.1515  -17.1631
   882  4512  8315  574970.00  2281990.00  20.635643  105.719613  -23.9167  -26.9480
   883  4695  8318  576800.00  2281960.00  20.635298  105.737176   -2.3115  -10.2634
   884  4695  8321  576800.00  2281930.00  20.635026  105.737175   -2.3373   -6.7251
   885  4545  8324  575300.00  2281900.00  20.634816  105.722776   -2.4108   -7.2963
   886  4497  8327  574820.00  2281870.00  20.634564  105.718168  -11.2241  -16.4069
   887  4650  8345  576350.00  2281690.00  20.632876  105.732845   -8.0252  -14.9479
   888  4629  8348  576140.00  2281660.00  20.632614  105.730828  -12.0448  -15.8427
   889  4608  8351  575930.00  2281630.00  20.632351  105.728812   -7.1615  -12.2608
   890  4653  8351  576380.00  2281630.00  20.632333  105.733131   -9.0554  -20.5068
   891  4512  8357  574970.00  2281570.00  20.631848  105.719595  -16.4643  -18.5384
   892  4509  8363  574940.00  2281510.00  20.631307  105.719305  -17.4795  -22.6489
   893  4686  8366  576710.00  2281480.00  20.630964  105.736291  -17.2199  -21.0743
   894  4713  8369  576980.00  2281450.00  20.630682  105.738882  -10.9290  -21.9043
   895  4662  8372  576470.00  2281420.00  20.630432  105.733985   -7.6261  -15.3163
   896  4512  8384  574970.00  2281300.00  20.629408  105.719584    0.9718   -5.3055
   897  4446  8384  574310.00  2281300.00  20.629435  105.713249   -9.6284  -10.9851
   898  4779  8390  577640.00  2281240.00  20.628758  105.745207   -5.8335  -10.7469
   899  4803  8393  577880.00  2281210.00  20.628477  105.747509   -0.3845   -5.6106
   900  4590  8402  575750.00  2281120.00  20.627751  105.727062   -1.9188   -8.2819
   901  4584  8405  575690.00  2281090.00  20.627482  105.726485   -3.6228   -7.2845
   902  3987  8411  569720.00  2281030.00  20.627171  105.669185  -11.3091  -16.0926
   903  4521  8414  575060.00  2281000.00  20.626694  105.720435   -8.3212  -11.2205
   904  4824  8420  578090.00  2280940.00  20.626028  105.749512    2.9045   -5.6923
   905  4530  8423  575150.00  2280910.00  20.625877  105.721295   -2.1688   -9.0708
   906  4548  8423  575330.00  2280910.00  20.625870  105.723022    0.4317   -6.6308
   907  4380  8426  573650.00  2280880.00  20.625666  105.706897   -4.0661  -10.9257
   908  5307  8426  582920.00  2280880.00  20.625279  105.795865   -5.4128  -16.6379
   909  4557  8435  575420.00  2280790.00  20.624782  105.723881   -0.3705   -8.9188
   910  4560  8438  575450.00  2280760.00  20.624510  105.724167   -3.0444   -8.7736
   911  4638  8438  576230.00  2280760.00  20.624478  105.731653   -0.7251   -6.1789
   912  4497  8444  574820.00  2280700.00  20.623993  105.718119   -9.0100  -19.0285
   913  4497  8447  574820.00  2280670.00  20.623722  105.718117   -7.3480  -13.3015
   914  4608  8450  575930.00  2280640.00  20.623406  105.728769   -7.6720  -14.5845
   915  4533  8456  575180.00  2280580.00  20.622894  105.721568   -8.7605  -13.9879
   916  4845  8459  578300.00  2280550.00  20.622496  105.751511   -6.1695  -12.2311
   917  4629  8462  576140.00  2280520.00  20.622314  105.730779   -2.8984   -9.0073
   918  4569  8480  575540.00  2280340.00  20.620712  105.725013  -12.6084  -16.4018
   919  4461  8480  574460.00  2280340.00  20.620755  105.714648  -13.9765  -20.1197
   920  4689  8480  576740.00  2280340.00  20.620663  105.736530   -7.7944  -14.4317
   921  4419  8492  574040.00  2280220.00  20.619687  105.710612  -11.0893  -15.7311
   922  4776  8492  577610.00  2280220.00  20.619543  105.744874   -0.0220   -6.8083
   923  4548  8498  575330.00  2280160.00  20.619094  105.722990  -16.0288  -25.1462
   924  4677  8510  576620.00  2280040.00  20.617957  105.735365   -8.0656  -17.9035
   925  4923  8510  579080.00  2280040.00  20.617855  105.758974  -16.2260  -28.2310
   926  4602  8522  575870.00  2279920.00  20.616903  105.728162   -6.6895  -14.3185
   927  4635  8528  576200.00  2279860.00  20.616348  105.731327   -3.3256   -9.7966
   928  4536  8534  575210.00  2279800.00  20.615846  105.721823  -12.3367  -20.7522
   929  4590  8546  575750.00  2279680.00  20.614740  105.727000  -10.6051  -20.7641
   930  4764  8546  577490.00  2279680.00  20.614669  105.743699  -11.5966  -17.1617
   931  4794  8549  577790.00  2279650.00  20.614385  105.746576   -7.7186  -11.7765
   932  4677  8558  576620.00  2279560.00  20.613620  105.735344   -7.6002  -15.0247
   933  4752  8561  577370.00  2279530.00  20.613318  105.742541  -10.9228  -19.0309
   934  4518  8564  575030.00  2279500.00  20.613142  105.720083   -4.5340  -12.1592
   935  4845  8576  578300.00  2279380.00  20.611925  105.751459  -18.7222  -18.2685
   936  4755  8591  577400.00  2279230.00  20.610607  105.742815  -15.3878  -19.3314
   937  4761  8603  577460.00  2279110.00  20.609520  105.743386   -8.1877  -14.2424
   938  4551  8606  575360.00  2279080.00  20.609334  105.723232   -7.9544  -14.0206
   939  4596  8609  575810.00  2279050.00  20.609045  105.727549   -6.0586  -13.8012
   940  4497  8612  574820.00  2279020.00  20.608814  105.718047   -6.8452  -12.0062
   941  4740  8615  577250.00  2278990.00  20.608444  105.741365  -10.5203  -16.8800
   942  4632  8618  576170.00  2278960.00  20.608217  105.731000  -13.3263  -19.1846
   943  4581  8618  575660.00  2278960.00  20.608238  105.726106   -9.4043  -16.1943
   944  4578  8621  575630.00  2278930.00  20.607968  105.725817   -7.8124  -11.8310
   945  5034  8654  580190.00  2278600.00  20.604797  105.769561  -19.6338  -24.3986
   946  4803  8660  577880.00  2278540.00  20.604352  105.747391  -22.3151  -21.8220
   947  4905  8672  578900.00  2278420.00  20.603226  105.757174  -22.0004  -23.8749
   948  4893  8681  578780.00  2278330.00  20.602417  105.756018  -12.3841  -15.5726
   949  4893  8687  578780.00  2278270.00  20.601875  105.756016   -8.1837  -14.2480
   950  4701  8699  576860.00  2278150.00  20.600871  105.737586  -15.6555  -21.6155
   951  4878  8711  578630.00  2278030.00  20.599713  105.754566   -7.7944  -14.1156
   952  5100  8714  580850.00  2278000.00  20.599348  105.775867   -5.5174  -12.9373
   953  5142  8717  581270.00  2277970.00  20.599059  105.779896  -19.1246  -22.6353
   954  4953  8717  579380.00  2277970.00  20.599139  105.761760   -9.7512  -13.0379
   955  4851  8720  578360.00  2277940.00  20.598911  105.751971  -11.9449  -16.9655
   956  4497  8735  574820.00  2277790.00  20.597700  105.717995   -5.7870  -11.0887
   957  4881  8741  578660.00  2277730.00  20.597001  105.754840   -7.6929   -9.6987
   958  4896  8744  578810.00  2277700.00  20.596724  105.756278   -1.8885   -7.1466
   960  4851  8768  578360.00  2277460.00  20.594574  105.751949  -14.8544  -18.2081
   961  4845  8777  578300.00  2277370.00  20.593764  105.751370   -8.9901  -21.3085
   962  4926  8780  579110.00  2277340.00  20.593459  105.759141  -19.5273  -19.1083
   963  5325  8810  583100.00  2277040.00  20.590576  105.797412   -0.2523  -13.6159
   964  5109  8825  580940.00  2276890.00  20.589315  105.776680  -10.9326  -14.9723
   965  5301  8825  582860.00  2276890.00  20.589231  105.795102   -7.7977  -14.3297
   966  4935  8834  579200.00  2276800.00  20.588576  105.759980   -4.7729  -12.5455
   967  5319  8837  583040.00  2276770.00  20.588139  105.796824   -5.3089  -11.1154
   969  5325  8846  583100.00  2276680.00  20.587323  105.797395   -9.0790  -14.3590
   970  5346  8846  583310.00  2276680.00  20.587314  105.799410  -17.7622  -24.1465
   971  5208  8873  581930.00  2276410.00  20.584935  105.786157  -10.2361  -17.3323
   972  5325  8894  583100.00  2276200.00  20.582986  105.797373  -10.1898  -18.2192
   973  4983  8897  579680.00  2276170.00  20.582863  105.764557  -14.1473  -19.6513
   974  4956  8912  579410.00  2276020.00  20.581519  105.761960   -1.7357   -6.9962
   975  5160  8912  581450.00  2276020.00  20.581432  105.781533   -5.8013  -13.7032
   976  5025  8915  580100.00  2275990.00  20.581219  105.768579  -17.2489  -21.8553
   977  5208  8924  581930.00  2275900.00  20.580327  105.786133  -10.2955  -16.6045
   978  5226  8927  582110.00  2275870.00  20.580048  105.787859  -12.7947  -16.9792
   979  5013  8936  579980.00  2275780.00  20.579327  105.767418  -15.3879  -19.4417
   980  5142  8942  581270.00  2275720.00  20.578729  105.779792   -2.8155  -14.7058
   981  4977  8948  579620.00  2275660.00  20.578258  105.763959  -14.3539  -21.7150
   982  5238  8963  582230.00  2275510.00  20.576790  105.788993   -7.4165  -15.3321
   983  5061  8981  580460.00  2275330.00  20.575240  105.772003  -11.4915  -16.9667
   984  5250  8987  582350.00  2275270.00  20.574616  105.790133  -11.5315  -18.1936
   985  5100  8990  580850.00  2275240.00  20.574410  105.775741   -1.0014   -9.9181
   986  5184  8993  581690.00  2275210.00  20.574103  105.783798   -3.8570  -13.2244
   987  5121  9002  581060.00  2275120.00  20.573317  105.777750  -10.5907  -13.0866
   988  5196  9014  581810.00  2275000.00  20.572201  105.784940  -10.8120  -15.6631
   989  5160  9023  581450.00  2274910.00  20.571403  105.781482  -12.6960  -15.1082
   990  5205  9032  581900.00  2274820.00  20.570570  105.785795   -2.3502  -10.2389
   991  5280  9035  582650.00  2274790.00  20.570266  105.792989  -10.6021  -14.9273
   992  5226  9044  582110.00  2274700.00  20.569477  105.787804   -9.1662  -18.8137
   993  5127  9050  581120.00  2274640.00  20.568978  105.778304  -15.5021  -19.2046
   995  5046  9059  580310.00  2274550.00  20.568199  105.770529   -8.5303  -13.8655
   996  5049  9083  580340.00  2274310.00  20.566030  105.770805  -12.6269  -17.5168
