; ENVI Output of ROIs (5.2) [Mon Dec 02 17:15:52 2019]
; Number of ROIs: 1
; File Dimension: 7647 x 9116
;
; ROI name: EVF: Layer: forest.shp
; ROI rgb value: {255, 255, 255}
; ROI npts: 991
;   ID     X     Y      Map X       Map Y        Lat         Lon        B1        B2
     1  5310   224  582950.00  2362900.00  21.366309  105.800092   -9.2372  -13.2861
     2  5184   272  581690.00  2362420.00  21.362030  105.787916   -8.9426  -17.0471
     3  5217   308  582020.00  2362060.00  21.358763  105.791081  -11.7252  -17.2164
     4  5340   317  583250.00  2361970.00  21.357894  105.802939   -4.6846  -11.0749
     5  5232   353  582170.00  2361610.00  21.354691  105.792506  -13.3372  -15.9351
     7  5169   359  581540.00  2361550.00  21.354177  105.786427   -7.9613  -16.2489
     8  5151   371  581360.00  2361430.00  21.353101  105.784686   -8.3349  -12.4468
    10  5157   404  581420.00  2361100.00  21.350117  105.785248   -1.9649  -10.3093
    11  5322   419  583070.00  2360950.00  21.348687  105.801153   -9.8121  -14.7721
    12  5238   422  582230.00  2360920.00  21.348454  105.793051  -17.6947  -15.7170
    13  5166   425  581510.00  2360890.00  21.348216  105.786106   -5.3876  -13.4390
    14  5253   443  582380.00  2360710.00  21.346550  105.794487   -9.7608  -17.0146
    15  5175   443  581600.00  2360710.00  21.346586  105.786966   -9.1896  -14.6842
    16  5205   446  581900.00  2360680.00  21.346301  105.789857   -4.4753  -12.1542
    17  5319   452  583040.00  2360620.00  21.345707  105.800848  -11.4287  -16.8238
    18  5334   464  583190.00  2360500.00  21.344616  105.802288   -8.4670  -17.8745
    19  5169   464  581540.00  2360500.00  21.344691  105.786377   -8.0595  -13.1561
    20  5274   467  582590.00  2360470.00  21.344372  105.796501   -7.9046  -13.9897
    21  5211   473  581960.00  2360410.00  21.343859  105.790423   -9.3653  -16.5188
    22  5262   488  582470.00  2360260.00  21.342481  105.795333   -3.6802  -12.2514
    23  5295   491  582800.00  2360230.00  21.342195  105.798514  -11.8412  -15.4406
    24  5190   503  581750.00  2360110.00  21.341158  105.788383   -8.6144  -15.7400
    25  5712   506  586970.00  2360080.00  21.340643  105.838718   -9.8665  -14.6984
    26  5121   506  581060.00  2360080.00  21.340918  105.781728  -11.5762  -15.0347
    27  5208   506  581930.00  2360080.00  21.340879  105.790117   -6.9065  -11.7990
    28  5274   521  582590.00  2359930.00  21.339494  105.796475   -7.1865  -10.1581
    29  5895   521  588800.00  2359930.00  21.339199  105.856357   -4.6613  -16.2773
    31  5856   551  588410.00  2359630.00  21.336508  105.852581  -11.1619  -14.6525
    32  5229   578  582140.00  2359360.00  21.334365  105.792108   -6.0361  -14.3044
    34  5298   581  582830.00  2359330.00  21.334062  105.798760  -10.4977  -17.4009
    35  5157   587  581420.00  2359270.00  21.333584  105.785160   -5.1721  -13.9911
    36  5088   587  580730.00  2359270.00  21.333615  105.778507   -4.4893  -16.7020
    37  5859   593  588440.00  2359210.00  21.332712  105.852848  -10.9474  -14.3091
    38  5214   611  581990.00  2359030.00  21.331390  105.790645   -5.6421   -9.7562
    39  5049   632  580340.00  2358820.00  21.329567  105.774725   -5.1649  -13.2419
    41  5310   644  582950.00  2358700.00  21.328365  105.799886   -9.1396  -15.1790
    42  5289   650  582740.00  2358640.00  21.327833  105.797858   -6.8849  -10.1954
    43  5034   650  580190.00  2358640.00  21.327947  105.773270  -10.7056  -20.3757
    44  5727   659  587120.00  2358550.00  21.326814  105.840086   -6.8464  -11.5500
    45  5133   662  581180.00  2358520.00  21.326819  105.782810   -8.8814  -13.1212
    46  5391   671  583760.00  2358430.00  21.325888  105.807683   -3.1404  -12.7208
    47  5757   677  587420.00  2358370.00  21.325173  105.842969   -6.6728  -14.9902
    48  5226   680  582110.00  2358340.00  21.325151  105.791769   -2.2829   -8.2495
    49  5259   689  582440.00  2358250.00  21.324323  105.794946   -7.5712  -12.7926
    50  5373   698  583580.00  2358160.00  21.323457  105.805934  -10.9515  -15.4845
    51  5358   701  583430.00  2358130.00  21.323193  105.804486   -6.8358   -9.4129
    52  5139   701  581240.00  2358130.00  21.323293  105.783370   -6.8245  -10.0543
    53  5472   704  584570.00  2358100.00  21.322869  105.815476  -11.7373  -18.8230
    54  5385   704  583700.00  2358100.00  21.322910  105.807088  -13.9047  -14.7011
    55  5232   716  582170.00  2357980.00  21.321896  105.792330   -7.7802  -13.3865
    56  5190   734  581750.00  2357800.00  21.320289  105.788272  -13.9821  -16.4529
    57  5259   734  582440.00  2357800.00  21.320257  105.794924   -7.7340  -14.4093
    58  5343   737  583280.00  2357770.00  21.319948  105.803022  -16.6238  -19.4298
    59  5142   749  581270.00  2357650.00  21.318955  105.783636   -6.5695  -11.4943
    60  5475   752  584600.00  2357620.00  21.318531  105.815742  -13.1724  -16.3805
    61  5220   758  582050.00  2357560.00  21.318107  105.791153   -4.0409   -6.2553
    62  5013   761  579980.00  2357530.00  21.317928  105.771193   -9.9539  -15.2817
    63  5340   761  583250.00  2357530.00  21.317781  105.802721   -7.6881  -14.8913
    64  5181   770  581660.00  2357440.00  21.317040  105.787387  -12.7277  -14.0116
    65  5364   773  583490.00  2357410.00  21.316686  105.805029   -6.8643  -14.0738
    66  5136   779  581210.00  2357350.00  21.316247  105.783043   -7.5441  -11.2322
    67  5070   779  580550.00  2357350.00  21.316277  105.776680   -9.9036  -10.1097
    68  5517   779  585020.00  2357350.00  21.316072  105.819778   -9.8089  -11.6734
    69  5118   782  581030.00  2357320.00  21.315984  105.781307   -3.5814  -11.4403
    70  5148   806  581330.00  2357080.00  21.313803  105.784188  -10.1317  -18.3965
    71  5310   812  582950.00  2357020.00  21.313187  105.799804   -1.7489   -9.0156
    73  4929   818  579140.00  2356960.00  21.312816  105.763067   -8.5751  -12.4584
    74  5199   839  581840.00  2356750.00  21.310798  105.789089   -9.4009  -17.3077
    76  5325   857  583100.00  2356570.00  21.309115  105.801228   -1.7493  -14.0399
    77  5223   860  582080.00  2356540.00  21.308890  105.791392   -9.4968  -15.7201
    78  5193   869  581780.00  2356450.00  21.308091  105.788496   -6.1129  -13.3297
    79  5340   869  583250.00  2356450.00  21.308024  105.802668  -13.9085  -25.0836
    80  4914   878  578990.00  2356360.00  21.307402  105.761593   -7.7936  -18.1045
    81  5355   881  583400.00  2356330.00  21.306933  105.804108   -7.7607  -11.2427
    82  5262   881  582470.00  2356330.00  21.306975  105.795142   -8.9390  -17.5728
    83  5691   881  586760.00  2356330.00  21.306775  105.836501   -8.0324  -14.7622
    84  5133   884  581180.00  2356300.00  21.306763  105.782704   -6.2995  -10.3781
    85  5223   884  582080.00  2356300.00  21.306722  105.791381  -12.4995  -18.1978
    86  5571   887  585560.00  2356270.00  21.306290  105.824929   -9.2241  -13.5073
    87  5535   896  585200.00  2356180.00  21.305494  105.821454   -6.8907  -13.5169
    88  5412   896  583970.00  2356180.00  21.305551  105.809596   -7.5212  -12.0602
    89  5166   899  581510.00  2356150.00  21.305393  105.785878   -2.0574   -9.3028
    90  5682   899  586670.00  2356150.00  21.305153  105.835625   -3.5931   -8.4183
    91  5340   899  583250.00  2356150.00  21.305313  105.802653  -12.6906  -17.6673
    92  5250   905  582350.00  2356090.00  21.304813  105.793974  -11.1961  -14.6189
    93  5688   908  586730.00  2356060.00  21.304337  105.836198  -11.8791  -15.2965
    94  5007   911  579920.00  2356030.00  21.304379  105.770544   -8.8314  -11.6639
    95  5673   923  586580.00  2355910.00  21.302989  105.834745   -8.5823  -15.7051
    96  5643   926  586280.00  2355880.00  21.302732  105.831851   -7.6800  -14.6999
    97  5235   926  582200.00  2355880.00  21.302922  105.792517  -10.5195  -16.3770
    98  5160   932  581450.00  2355820.00  21.302414  105.785284   -0.3620   -8.1299
    99  5118   935  581030.00  2355790.00  21.302162  105.781233   -5.2096   -7.9996
   100  5586   935  585710.00  2355790.00  21.301946  105.826351  -10.3061  -15.1976
   101  5271   938  582560.00  2355760.00  21.301822  105.795982  -13.5572  -18.1914
   102  5412   941  583970.00  2355730.00  21.301486  105.809574   -8.5690   -9.1172
   103  5178   941  581630.00  2355730.00  21.301593  105.787015   -5.4453   -8.9339
   104  5148   956  581330.00  2355580.00  21.300251  105.784116   -6.7994   -8.5819
   105  5592   959  585770.00  2355550.00  21.299775  105.826918   -0.3175   -7.1429
   106  5136   971  581210.00  2355430.00  21.298901  105.782952  -10.2692   -9.5185
   107  5598   980  585830.00  2355340.00  21.297875  105.827485   -6.6600  -15.0352
   108  5100   986  580850.00  2355280.00  21.297562  105.779474  -11.0935  -14.1834
   109  5691   986  586760.00  2355280.00  21.297289  105.836448  -16.4269  -18.2077
   110  5538   989  585230.00  2355250.00  21.297090  105.821697   -5.3930  -14.1898
   111  5187   995  581720.00  2355190.00  21.296710  105.787857   -5.8891   -7.8837
   112  5049   998  580340.00  2355160.00  21.296501  105.774552   -9.1424  -13.9113
   113  5628  1001  586130.00  2355130.00  21.295964  105.830367  -10.2219  -17.5651
   114  5166  1004  581510.00  2355100.00  21.295906  105.785828   -8.6146  -13.0358
   116  5622  1034  586070.00  2354800.00  21.292985  105.829772   -5.5931   -8.1736
   117  5571  1046  585560.00  2354680.00  21.291925  105.824849  -11.5386  -18.1360
   118  5682  1052  586670.00  2354620.00  21.291330  105.835546   -5.7230  -11.9359
   119  5343  1061  583280.00  2354530.00  21.290676  105.802863   -9.7762  -14.6171
   120  5556  1094  585410.00  2354200.00  21.287596  105.823379  -11.7576  -15.9184
   121  5214  1115  581990.00  2353990.00  21.285856  105.790402   -8.2375  -15.7983
   122  5265  1115  582500.00  2353990.00  21.285833  105.795318   -9.9605  -12.4660
   123  5394  1121  583790.00  2353930.00  21.285232  105.807750  -13.5211  -16.4425
   124  5610  1127  585950.00  2353870.00  21.284589  105.828568   -8.9432  -11.6784
   125  5436  1136  584210.00  2353780.00  21.283857  105.811791  -11.6542  -19.9818
   126  5616  1154  586010.00  2353600.00  21.282147  105.829132  -11.5836  -17.7613
   127  5670  1157  586550.00  2353570.00  21.281850  105.834336   -5.8003  -14.8607
   128  5586  1157  585710.00  2353570.00  21.281890  105.826239   -7.4253  -18.8290
   129  5430  1166  584150.00  2353480.00  21.281150  105.811198  -14.2849  -20.0671
   130  5550  1169  585350.00  2353450.00  21.280823  105.822763   -8.6054  -14.2510
   131  5508  1169  584930.00  2353450.00  21.280842  105.818715   -8.1474  -16.2334
   132  5517  1178  585020.00  2353360.00  21.280025  105.819578   -5.8517  -13.4367
   133  5616  1178  586010.00  2353360.00  21.279978  105.829120  -12.2414  -18.1206
   134  5457  1196  584420.00  2353180.00  21.278427  105.813785  -10.0268  -12.7494
   135  5655  1205  586400.00  2353090.00  21.277521  105.832866  -11.6991  -16.3768
   136  5634  1208  586190.00  2353060.00  21.277260  105.830840   -6.6482  -12.9820
   137  5628  1211  586130.00  2353030.00  21.276991  105.830260   -5.8874  -16.2502
   138  5361  1214  583460.00  2353000.00  21.276845  105.804523   -6.6609   -8.9471
   139  5022  1214  580070.00  2353000.00  21.276998  105.771847  -12.0947  -18.3618
   140  5460  1238  584450.00  2352760.00  21.274631  105.814054  -10.2316  -12.3656
   141  5433  1253  584180.00  2352610.00  21.273289  105.811444  -10.9011  -15.2549
   142  5349  1256  583340.00  2352580.00  21.273056  105.803346   -3.7099  -12.5955
   143  5427  1262  584120.00  2352520.00  21.272478  105.810861  -10.1718  -14.5921
   144  5379  1280  583640.00  2352340.00  21.270874  105.806225   -6.6151  -10.3333
   145  5436  1301  584210.00  2352130.00  21.268951  105.811709   -7.9365  -14.3162
   146  5547  1313  585320.00  2352010.00  21.267815  105.822402   -8.9063  -14.0888
   147  5652  1322  586370.00  2351920.00  21.266952  105.832517  -12.1300  -17.1933
   148  5667  1340  586520.00  2351740.00  21.265318  105.833954  -13.2497  -20.6102
   149  4731  1340  577160.00  2351740.00  21.265741  105.743740   -7.3031  -13.7285
   150  5457  1358  584420.00  2351560.00  21.263791  105.813705   -9.5285  -12.2687
   151  5457  1394  584420.00  2351200.00  21.260539  105.813687   -4.4884  -16.1991
   152  5634  1406  586190.00  2351080.00  21.259371  105.830740   -9.1787  -18.8936
   153  5985  1415  589700.00  2350990.00  21.258388  105.864563   -7.7637  -13.1391
   154  4617  1511  576020.00  2350030.00  21.250340  105.732676   -6.7425  -15.3948
   155  1128  1544  541130.00  2349700.00  21.248484  105.396409   -4.4647  -10.7897
   156  6081  1592  590660.00  2349220.00  21.242350  105.873721  -14.0529  -11.4303
   158   744  1721  537290.00  2347930.00  21.232575  105.359361   -8.3417  -17.8681
   159   876  1748  538610.00  2347660.00  21.230107  105.372076   -7.4787  -14.6463
   160  5790  1757  587750.00  2347570.00  21.227586  105.845594   -9.5556  -12.2099
   161   684  1826  536690.00  2346880.00  21.223100  105.353556   -5.7428   -9.3495
   162  4977  1958  579620.00  2345560.00  21.209801  105.767161   -8.3620  -13.4303
   163   984  2003  539690.00  2345110.00  21.207044  105.382424   -9.1961  -16.5015
   164  5397  2021  583820.00  2344930.00  21.203920  105.807596   -3.3279  -12.4039
   165   738  2108  537230.00  2344060.00  21.197609  105.358698   -7.1456  -15.3243
   166   903  2129  538880.00  2343850.00  21.195677  105.374591  -10.4652  -16.4781
   167   825  2165  538100.00  2343490.00  21.192441  105.367068   -6.0854  -12.3159
   168  1131  2165  541160.00  2343490.00  21.192375  105.396548   -9.5093  -14.1453
   169  5700  2189  586850.00  2343250.00  21.188600  105.836702   -9.7743  -15.5304
   170   837  2201  538220.00  2343130.00  21.189186  105.368216   -6.3638  -13.8559
   171  1005  2321  539900.00  2341930.00  21.178308  105.384373  -10.0966  -16.2190
   172  1002  2330  539870.00  2341840.00  21.177495  105.384082   -9.1292  -10.5707
   173   747  2336  537320.00  2341780.00  21.177007  105.359516   -5.1458   -9.0637
   174  5706  2381  586910.00  2341330.00  21.171251  105.837182   -4.1015  -14.7477
   175   573  2399  535580.00  2341150.00  21.171350  105.342741   -5.4321  -11.8151
   176   399  2420  533840.00  2340940.00  21.169485  105.325976   -4.7054  -12.8426
   177   546  2453  535310.00  2340610.00  21.166476  105.340129  -11.2047  -15.1717
   178  1440  2453  544250.00  2340610.00  21.166281  105.426243   -7.6730  -11.1469
   179  1437  2468  544220.00  2340460.00  21.164926  105.425950  -10.2838  -16.2607
   180  1029  2471  540140.00  2340430.00  21.164750  105.386650   -7.5709  -10.1177
   181   555  2486  535400.00  2340280.00  21.163492  105.340989   -6.5656  -11.0870
   182  1143  2522  541280.00  2339920.00  21.160116  105.397618  -10.2809  -14.7221
   183   426  2534  534110.00  2339800.00  21.159180  105.328554   -6.9352  -14.6059
   184   582  2549  535670.00  2339650.00  21.157795  105.343577   -8.0953  -14.7992
   185  1224  2591  542090.00  2339230.00  21.153863  105.405403   -5.8126   -9.8854
   186   747  2612  537320.00  2339020.00  21.152070  105.359456   -8.5669   -9.9420
   187   453  2618  534380.00  2338960.00  21.151585  105.331137   -7.5621  -12.6036
   188  3267  2660  562520.00  2338540.00  21.147043  105.602149   -7.1022  -11.4978
   189  1836  2669  548210.00  2338450.00  21.146664  105.464327   -8.0012  -13.6834
   190  1056  2672  540410.00  2338420.00  21.146583  105.389203   -8.7588  -12.6614
   191   498  2681  534830.00  2338330.00  21.145885  105.335459   -7.2041   -9.2644
   192   525  2684  535100.00  2338300.00  21.145608  105.338059  -10.8327  -13.1813
   193   303  2687  532880.00  2338270.00  21.145379  105.316677   -5.7825  -14.9836
   194  1065  2687  540500.00  2338270.00  21.145225  105.390066   -5.9350  -15.0958
   195  1044  2693  540290.00  2338210.00  21.144688  105.388042   -8.6707  -14.5340
   196   525  2699  535100.00  2338150.00  21.144253  105.338056   -7.0366  -13.3782
   197   369  2702  533540.00  2338120.00  21.144011  105.323030   -4.5098  -10.0414
   198   912  2705  538970.00  2338090.00  21.143632  105.375326   -7.0333  -14.4214
   199   894  2705  538790.00  2338090.00  21.143636  105.373593   -5.5030  -13.9109
   200  1275  2711  542600.00  2338030.00  21.143009  105.410285   -7.5802  -10.7261
   201  5931  2717  589160.00  2337970.00  21.140787  105.858679   -9.9159  -12.7499
   202   738  2723  537230.00  2337910.00  21.142042  105.358565   -9.5163  -13.5023
   203   786  2726  537710.00  2337880.00  21.141761  105.363187  -11.4857  -15.9603
   204  1809  2735  547940.00  2337790.00  21.140708  105.461708   -8.8381  -14.2972
   205  1359  2741  543440.00  2337730.00  21.140279  105.418368   -6.4938  -17.0089
   206  3456  2744  564410.00  2337700.00  21.139388  105.620320   -7.5889  -14.4277
   207  1818  2747  548030.00  2337670.00  21.139622  105.462571   -7.3026  -15.6027
   208  1038  2753  540230.00  2337610.00  21.139268  105.387450   -7.0852   -8.6071
   209  4764  2753  577490.00  2337610.00  21.138067  105.746279   -7.0349  -15.0419
   210   681  2753  536660.00  2337610.00  21.139343  105.353069   -8.2599  -11.1692
   211  1944  2759  549290.00  2337550.00  21.138504  105.474702   -6.1936  -13.3098
   212  3639  2762  566240.00  2337520.00  21.137697  105.637936   -5.2105  -11.9886
   213  1002  2768  539870.00  2337460.00  21.137921  105.383980  -10.1337  -15.2776
   214  1050  2786  540350.00  2337280.00  21.136284  105.388598   -8.4481  -14.4702
   215  3414  2792  563990.00  2337220.00  21.135066  105.616257   -5.1105  -11.4377
   216   456  2798  534410.00  2337160.00  21.135321  105.331390   -6.6321  -14.8740
   217  2355  2822  553400.00  2336920.00  21.132696  105.514264   -8.8279  -14.2489
   218  1044  2834  540290.00  2336800.00  21.131948  105.388009  -11.2596  -14.3294
   219   345  2834  533300.00  2336800.00  21.132089  105.320693  -11.8621  -21.2979
   220  1593  2834  545780.00  2336800.00  21.131819  105.440879   -9.5504  -18.4195
   221   648  2837  536330.00  2336770.00  21.131760  105.349873   -8.0160  -11.0102
   222   516  2846  535010.00  2336680.00  21.130973  105.337159   -9.2037  -14.3902
   223   501  2858  534860.00  2336560.00  21.129891  105.335712   -8.1228  -15.9194
   224  3906  2864  568910.00  2336500.00  21.128382  105.663608   -6.5683  -12.7190
   225   309  2870  532940.00  2336440.00  21.128843  105.317220   -3.8986   -8.3057
   226  6057  2879  590420.00  2336350.00  21.126089  105.870727   -5.4723   -9.6944
   227   420  2879  534050.00  2336350.00  21.128009  105.327907  -12.5200  -10.7254
   228  3492  2903  564770.00  2336110.00  21.125010  105.623727   -7.4884  -13.6007
   229  1413  2909  543980.00  2336050.00  21.125087  105.423525   -3.3780  -12.2268
   230  1857  2912  548420.00  2336020.00  21.124703  105.466280  -10.7363  -12.2955
   231   684  2927  536690.00  2335870.00  21.123621  105.353320   -8.9511  -14.4737
   232  3552  2930  565370.00  2335840.00  21.122549  105.629494   -6.8295  -12.1096
   233  1653  2960  546380.00  2335540.00  21.120419  105.446623   -7.1752  -12.4574
   234   867  2963  538520.00  2335510.00  21.120331  105.370934  -13.2895  -16.2765
   235   570  2963  535550.00  2335510.00  21.120391  105.342335   -9.3354  -10.6931
   236   441  2981  534260.00  2335330.00  21.118789  105.329909   -6.3265  -10.1818
   237  5457  3002  584420.00  2335120.00  21.115264  105.812892   -8.3283  -12.3637
   238  1539  3002  545240.00  2335120.00  21.116653  105.435634   -7.4478  -13.0517
   239  1533  3005  545180.00  2335090.00  21.116383  105.435056   -6.8933  -13.2475
   240   441  3008  534260.00  2335060.00  21.116350  105.329904   -4.0280  -10.8500
   241   405  3011  533900.00  2335030.00  21.116085  105.326437   -9.3917  -14.8252
   242   399  3017  533840.00  2334970.00  21.115544  105.325858   -8.3832  -11.7376
   243  4767  3044  577520.00  2334700.00  21.111775  105.746437   -5.4346  -14.0741
   244   438  3050  534230.00  2334640.00  21.112555  105.329606   -7.0484   -9.8364
   245   816  3056  538010.00  2334580.00  21.111939  105.366003   -5.6065  -12.2628
   246   960  3059  539450.00  2334550.00  21.111637  105.379868   -6.0297  -10.9124
   247  2001  3059  549860.00  2334550.00  21.111383  105.480104   -3.3241  -16.3731
   248  1794  3062  547790.00  2334520.00  21.111167  105.460172   -4.8047  -14.4700
   249   972  3071  539570.00  2334430.00  21.110550  105.381021   -6.6344  -12.6357
   250   456  3077  534410.00  2334370.00  21.110112  105.331334   -7.3670  -10.6180
   251   423  3080  534080.00  2334340.00  21.109848  105.328156  -12.1460  -13.2222
   252   435  3083  534200.00  2334310.00  21.109574  105.329311  -10.6308  -16.7483
   253  5472  3098  584570.00  2334160.00  21.106583  105.814289   -9.2268  -19.4605
   254  5628  3104  586130.00  2334100.00  21.105968  105.829306   -6.5221  -11.9957
   255  1830  3107  548150.00  2334070.00  21.107092  105.463626   -6.8095  -13.4235
   256   675  3113  536600.00  2334010.00  21.106817  105.352414   -1.8000  -11.1653
   257   675  3125  536600.00  2333890.00  21.105733  105.352411   -2.8545   -7.6801
   258   768  3137  537530.00  2333770.00  21.104630  105.361363   -6.7230   -9.6344
   259  1011  3155  539960.00  2333590.00  21.102952  105.384756   -3.6164  -11.9027
   260  1518  3161  545030.00  2333530.00  21.102292  105.433570   -6.8165  -14.8661
   261  1833  3164  548180.00  2333500.00  21.101941  105.463898   -9.8710  -14.3837
   262  4062  3167  570470.00  2333470.00  21.100947  105.678506   -8.3134  -18.0189
   263   729  3173  537140.00  2333410.00  21.101385  105.357600   -8.7595  -16.0870
   264  1026  3173  540110.00  2333410.00  21.101322  105.386196  -12.1167  -24.1960
   265   648  3182  536330.00  2333320.00  21.100588  105.349799   -8.1088  -14.3299
   266  4083  3185  570680.00  2333290.00  21.099313  105.680520   -5.8246  -15.1961
   267  3840  3191  568250.00  2333230.00  21.098863  105.657122   -9.0511  -15.4878
   268   645  3191  536300.00  2333230.00  21.099776  105.349509   -4.1108  -10.2330
   269   708  3194  536930.00  2333200.00  21.099492  105.355574   -3.8015  -12.7653
   270  1059  3203  540440.00  2333110.00  21.098605  105.389367  -10.4250  -16.9557
   271  3924  3224  569090.00  2332900.00  21.095850  105.665196   -8.5457  -14.6105
   272  1230  3227  542150.00  2332870.00  21.096397  105.405825   -7.2106  -12.2070
   273   843  3227  538280.00  2332870.00  21.096483  105.368565   -6.7581  -13.7145
   274  1233  3230  542180.00  2332840.00  21.096126  105.406113   -6.4454  -12.4340
   275   393  3236  533780.00  2332780.00  21.095758  105.325237   -8.9172  -13.1536
   276   714  3239  536990.00  2332750.00  21.095425  105.356142  -12.2311  -17.0527
   277   465  3239  534500.00  2332750.00  21.095473  105.332168   -8.3772  -13.7034
   278   474  3245  534590.00  2332690.00  21.094930  105.333034  -10.4194  -14.4156
   279   792  3245  537770.00  2332690.00  21.094867  105.363650   -9.4044  -11.2128
   280  5697  3248  586820.00  2332660.00  21.092926  105.835876   -6.4684  -12.4285
   281   435  3248  534200.00  2332660.00  21.094666  105.329278   -6.4722   -8.4556
   282   819  3251  538040.00  2332630.00  21.094319  105.366248   -5.8741  -18.1375
   283   699  3254  536840.00  2332600.00  21.094073  105.354694    3.6173   -0.5290
   284   972  3254  539570.00  2332600.00  21.094016  105.380978  -14.7989  -20.7672
   285   654  3254  536390.00  2332600.00  21.094082  105.350362    2.7867   -4.5987
   286   993  3260  539780.00  2332540.00  21.093469  105.382999  -11.1023  -18.1083
   287   699  3260  536840.00  2332540.00  21.093530  105.354693    4.0920   -2.4893
   288  1323  3260  543080.00  2332540.00  21.093394  105.414770   -9.8669  -15.6567
   289   630  3263  536150.00  2332510.00  21.093273  105.348049   -8.5720  -15.8500
   290  1725  3263  547100.00  2332510.00  21.093024  105.453473   -8.7358  -17.5093
   291   771  3275  537560.00  2332390.00  21.092160  105.361622  -10.7108  -15.6000
   292   651  3275  536360.00  2332390.00  21.092185  105.350069   -6.6832  -11.7211
   293  3555  3281  565400.00  2332330.00  21.090835  105.629649   -3.7970  -15.4022
   294   561  3287  535460.00  2332270.00  21.091118  105.341401  -11.3697  -22.1538
   295  4968  3287  579530.00  2332270.00  21.089734  105.765677   -6.5237  -16.6987
   296   867  3287  538520.00  2332270.00  21.091056  105.370862   -1.1070   -8.0555
   297   687  3290  536720.00  2332240.00  21.090822  105.353531   -4.3657  -12.1410
   298   735  3290  537200.00  2332240.00  21.090813  105.358153   -9.9164  -14.4360
   299   588  3296  535730.00  2332180.00  21.090300  105.343999   -5.5431  -17.1719
   300  1551  3299  545360.00  2332150.00  21.089815  105.436711   -3.4024  -14.2318
   301   594  3302  535790.00  2332120.00  21.089756  105.344575   -9.2625  -10.4700
   302  1086  3305  540710.00  2332090.00  21.089383  105.391942    0.8105   -8.9926
   303  6306  3308  592910.00  2332060.00  21.087206  105.894471   -7.2817  -12.0949
   304   576  3311  535610.00  2332030.00  21.088947  105.342840   -6.2028  -13.1754
   305  1095  3311  540800.00  2332030.00  21.088838  105.392807  -10.8513  -15.9208
   306  6384  3317  593690.00  2331970.00  21.086354  105.901974  -10.5381  -14.5246
   307  1242  3317  542270.00  2331970.00  21.088263  105.406958   -3.8012  -11.6291
   308  4662  3323  576470.00  2331910.00  21.086612  105.736203   -7.2194  -14.4844
   309  1116  3323  541010.00  2331910.00  21.087749  105.394826   -6.2740  -16.0669
   310  6390  3329  593750.00  2331850.00  21.085266  105.902545  -10.7662  -10.9477
   311   834  3329  538190.00  2331850.00  21.087268  105.367675   -9.1427  -15.8424
   312   777  3332  537620.00  2331820.00  21.087009  105.362187   -9.8218  -14.1390
   313   699  3332  536840.00  2331820.00  21.087025  105.354678   -4.5776   -7.1437
   314   942  3341  539270.00  2331730.00  21.086161  105.378070  -14.9603  -22.3144
   315   564  3341  535490.00  2331730.00  21.086238  105.341679   -2.7123   -8.5284
   316   903  3344  538880.00  2331700.00  21.085898  105.374315   -7.4148  -13.1513
   317  6336  3344  593210.00  2331700.00  21.083939  105.897339   -6.9373  -13.3145
   318   981  3344  539660.00  2331700.00  21.085882  105.381824   -9.1641  -12.2818
   319  6759  3347  597440.00  2331670.00  21.083447  105.938056  -10.1181  -10.4455
   320  1644  3350  546290.00  2331640.00  21.085184  105.445651  -10.8986  -15.1093
   321   978  3353  539630.00  2331610.00  21.085069  105.381533  -15.0946  -16.4585
   322   924  3353  539090.00  2331610.00  21.085081  105.376334   -5.4845  -15.9486
   323  1353  3356  543380.00  2331580.00  21.084713  105.417634  -11.3277  -14.7046
   324   507  3356  534920.00  2331580.00  21.084894  105.336188   -1.9227  -11.4413
   325   819  3356  538040.00  2331580.00  21.084832  105.366225  -10.2452  -18.2035
   326  1056  3359  540410.00  2331550.00  21.084510  105.389041   -8.0973  -10.8868
   327   555  3359  535400.00  2331550.00  21.084614  105.340809   -7.5910  -13.7506
   328   957  3362  539420.00  2331520.00  21.084261  105.379509   -5.2952  -10.4821
   329   735  3365  537200.00  2331490.00  21.084036  105.358136   -5.8601  -16.4233
   330   927  3368  539120.00  2331460.00  21.083725  105.376620  -10.2950  -19.6233
   331  1368  3368  543530.00  2331460.00  21.083625  105.419075  -14.7807  -14.4375
   332   786  3371  537710.00  2331430.00  21.083483  105.363045   -8.2667  -15.7624
   333   813  3377  537980.00  2331370.00  21.082936  105.365643   -9.7490  -17.5857
   334   474  3377  534590.00  2331370.00  21.083003  105.333007   -4.6610  -10.7313
   335  1056  3377  540410.00  2331370.00  21.082884  105.389037   -6.4666  -20.6277
   336  1050  3380  540350.00  2331340.00  21.082614  105.388458   -6.7780  -11.7447
   337   855  3383  538400.00  2331310.00  21.082385  105.369685   -6.7963  -15.7113
   338  4491  3386  574760.00  2331280.00  21.080990  105.719713   -9.4346  -13.1633
   339  1896  3389  548810.00  2331250.00  21.081595  105.469900   -7.6435  -11.8707
   340  2190  3389  551750.00  2331250.00  21.081514  105.498203   -8.7640  -11.5296
   341   792  3389  537770.00  2331250.00  21.081856  105.363619   -4.8111  -14.2246
   342   489  3392  534740.00  2331220.00  21.081645  105.334448   -5.2517  -10.4727
   343  4728  3392  577130.00  2331220.00  21.080350  105.742525  -10.4456  -14.8631
   344   927  3395  539120.00  2331190.00  21.081285  105.376614   -6.4959  -12.7390
   345   855  3395  538400.00  2331190.00  21.081301  105.369682   -7.7462  -10.1043
   346   855  3407  538400.00  2331070.00  21.080216  105.369680  -10.2430  -20.0145
   347   492  3410  534770.00  2331040.00  21.080018  105.334733   -5.6821  -14.7011
   348   666  3410  536510.00  2331040.00  21.079984  105.351484   -7.4309  -15.9199
   349   543  3419  535280.00  2330950.00  21.079195  105.339641   -0.5875  -10.2479
   350   630  3422  536150.00  2330920.00  21.078907  105.348016   -6.0327  -14.9063
   351  5091  3422  580760.00  2330920.00  21.077483  105.777454   -6.4792  -12.9088
   352  1011  3422  539960.00  2330920.00  21.078828  105.384694  -11.5022  -17.2186
   353  1185  3431  541700.00  2330830.00  21.077976  105.401443   -2.7718  -12.1601
   354   603  3437  535880.00  2330770.00  21.077557  105.345413   -6.7560  -11.2234
   355   858  3440  538430.00  2330740.00  21.077234  105.369961   -8.6339  -16.0903
   356  1503  3446  544880.00  2330680.00  21.076545  105.432052  -12.2768  -17.8983
   357   636  3452  536210.00  2330620.00  21.076195  105.348587   -4.9469   -9.1356
   358  1500  3452  544850.00  2330620.00  21.076004  105.431761   -4.3760  -12.4204
   359   819  3455  538040.00  2330590.00  21.075887  105.366203   -4.6659  -11.3922
   360  1056  3455  540410.00  2330590.00  21.075836  105.389018  -15.0423  -25.0531
   361  1071  3458  540560.00  2330560.00  21.075562  105.390462   -5.9234   -8.1508
   362   867  3464  538520.00  2330500.00  21.075064  105.370822  -15.6969  -15.6968
   363   648  3464  536330.00  2330500.00  21.075108  105.349740    0.2991   -6.6802
   364   651  3464  536360.00  2330500.00  21.075108  105.350029   -1.2539   -4.2057
   365   702  3467  536870.00  2330470.00  21.074827  105.354938  -11.0022  -12.8298
   366  4860  3473  578450.00  2330410.00  21.072976  105.755195   -7.3421  -13.5076
   367  1077  3476  540620.00  2330380.00  21.073934  105.391035  -13.7142  -19.3227
   368   696  3479  536810.00  2330350.00  21.073744  105.354357    4.1115   -4.1204
   369  4998  3479  579830.00  2330350.00  21.072374  105.768476   -5.1063  -15.4510
   370   522  3482  535070.00  2330320.00  21.073507  105.337607   -6.3571  -12.9713
   371  1077  3482  540620.00  2330320.00  21.073392  105.391034  -11.1947  -16.4487
   372   621  3485  536060.00  2330290.00  21.073216  105.347136   -3.1728  -11.7599
   373   876  3488  538610.00  2330260.00  21.072893  105.371683   -8.0090  -17.6096
   374  4803  3488  577880.00  2330260.00  21.071645  105.749701   -7.5521  -13.4906
   375   867  3491  538520.00  2330230.00  21.072624  105.370816  -10.8099  -20.6835
   376  3765  3494  567500.00  2330200.00  21.071515  105.649783   -4.9070  -14.5894
   377   768  3503  537530.00  2330110.00  21.071560  105.361283   -9.7371  -13.8936
   378  5727  3503  587120.00  2330110.00  21.069874  105.838635   -6.1973  -13.2462
   379  5754  3506  587390.00  2330080.00  21.069590  105.841232   -9.6950  -12.6071
   380  5010  3506  579950.00  2330080.00  21.069929  105.769618   -6.7775  -11.9915
   381   669  3509  536540.00  2330050.00  21.071038  105.351752    8.1364   -0.7044
   382   645  3509  536300.00  2330050.00  21.071043  105.349442   -3.8203   -8.3254
   383   534  3515  535190.00  2329990.00  21.070523  105.338755   -6.1434  -11.2090
   384  2004  3515  549890.00  2329990.00  21.070181  105.480261   -8.8881  -18.6756
   385  4836  3518  578210.00  2329960.00  21.068920  105.752864  -10.1937  -12.2613
   386  1155  3524  541400.00  2329900.00  21.069580  105.398532  -10.2970  -12.9055
   387   627  3530  536120.00  2329840.00  21.069149  105.347704   -0.3539   -7.4758
   388  3867  3530  568520.00  2329840.00  21.068224  105.659587  -10.1318  -15.0152
   389   552  3530  535370.00  2329840.00  21.069164  105.340485   -1.3625  -13.1592
   390  2031  3533  550160.00  2329810.00  21.068548  105.482855   -8.0508  -18.2513
   391  3819  3536  568040.00  2329780.00  21.067700  105.654964   -7.9584  -11.4199
   392   669  3542  536540.00  2329720.00  21.068057  105.351745   -4.8359   -9.7899
   393  1101  3545  540860.00  2329690.00  21.067694  105.393329   -9.8040  -13.8518
   394  5928  3545  589130.00  2329690.00  21.065982  105.857960   -6.5382  -15.9728
   395   870  3548  538550.00  2329660.00  21.067473  105.371092  -10.2642  -16.2818
   396  1776  3548  547610.00  2329660.00  21.067260  105.458304   -7.8445  -10.0904
   397   558  3548  535430.00  2329660.00  21.067536  105.341059   -4.2499   -7.9681
   398   315  3551  533000.00  2329630.00  21.067311  105.317666  -11.4686  -17.2434
   399  1788  3551  547730.00  2329630.00  21.066986  105.459458   -9.9246  -14.5366
   400  2832  3551  558170.00  2329630.00  21.066684  105.559952   -7.7080  -14.4635
   401  1149  3554  541340.00  2329600.00  21.066870  105.397947   -8.7381  -16.1603
   402   852  3554  538370.00  2329600.00  21.066935  105.369358   -7.5236  -11.2473
   403   858  3560  538430.00  2329540.00  21.066392  105.369934   -8.3844  -12.5253
   404  1032  3560  540170.00  2329540.00  21.066354  105.386684   -5.4586  -12.5349
   405  5619  3563  586040.00  2329510.00  21.064504  105.828209   -6.7893  -12.0330
   406   753  3572  537380.00  2329420.00  21.065329  105.359824   -0.9276  -10.6388
   407   957  3578  539420.00  2329360.00  21.064744  105.379460   -8.8571  -16.8306
   408   867  3578  538520.00  2329360.00  21.064763  105.370797  -11.3341  -12.8741
   409  2559  3584  555440.00  2329300.00  21.063788  105.533663   -6.0308  -14.7021
   410   750  3587  537350.00  2329270.00  21.063974  105.359532    0.6777   -8.3968
   411   936  3590  539210.00  2329240.00  21.063664  105.377436   -8.8106  -19.6190
   412   729  3590  537140.00  2329240.00  21.063708  105.357510   -2.4741   -8.4022
   413   963  3593  539480.00  2329210.00  21.063388  105.380034   -6.5110  -12.8660
   414   603  3599  535880.00  2329150.00  21.062919  105.345380   -3.3375   -5.5352
   415  4839  3599  578240.00  2329150.00  21.061601  105.753116   -6.2073  -16.5808
   416  3828  3599  568130.00  2329150.00  21.062005  105.655805   -9.5049  -14.6661
   417   780  3602  537650.00  2329120.00  21.062613  105.362417  -11.8890  -19.0282
   418   951  3602  539360.00  2329120.00  21.062577  105.378877  -11.9001  -16.6867
   419   867  3605  538520.00  2329090.00  21.062324  105.370791  -10.3114  -14.0996
   420  3159  3605  561440.00  2329090.00  21.061699  105.591409   -3.8551  -14.3404
   421  1506  3605  544910.00  2329090.00  21.062178  105.432299   -9.3943  -20.5279
   422   873  3605  538580.00  2329090.00  21.062323  105.371368  -15.4307  -15.7378
   423   849  3608  538340.00  2329060.00  21.062056  105.369057   -7.9576  -15.5648
   424  1485  3608  544700.00  2329060.00  21.061912  105.430277   -7.3271  -12.7430
   425   786  3611  537710.00  2329030.00  21.061798  105.362992  -12.8066  -15.6723
   426   918  3611  539030.00  2329030.00  21.061771  105.375698  -12.6009  -12.9555
   427   639  3611  536240.00  2329030.00  21.061828  105.348842   -2.3043   -8.1967
   428   798  3614  537830.00  2329000.00  21.061525  105.364147  -13.9352  -18.7911
   429  4761  3617  577460.00  2328970.00  21.060008  105.745601   -8.9183  -14.4580
   430  1746  3623  547310.00  2328910.00  21.060492  105.455396   -6.4498  -17.5952
   431  4770  3623  577550.00  2328910.00  21.059462  105.746464   -9.9015  -14.3774
   432  4851  3629  578360.00  2328850.00  21.058885  105.754258   -7.6862  -13.7119
   433   468  3635  534530.00  2328790.00  21.059693  105.332378   -9.9050  -16.8603
   434   648  3635  536330.00  2328790.00  21.059658  105.349704   -3.8187   -7.9958
   435   966  3635  539510.00  2328790.00  21.059592  105.380313   -7.9119  -18.2843
   436  4833  3638  578180.00  2328760.00  21.058080  105.752521  -10.6835  -15.5590
   437   441  3638  534260.00  2328760.00  21.059427  105.329778   -6.2213   -5.6901
   438   663  3641  536480.00  2328730.00  21.059113  105.351146    0.3301   -4.8998
   439   918  3641  539030.00  2328730.00  21.059060  105.375691  -13.4094  -19.8593
   440   537  3641  535220.00  2328730.00  21.059137  105.339018  -10.5373  -11.6380
   441  1080  3644  540650.00  2328700.00  21.058754  105.391284  -12.6939  -12.4526
   442  5001  3647  579860.00  2328670.00  21.057194  105.768687   -7.7838  -14.7754
   443   414  3650  533990.00  2328640.00  21.058347  105.327177   -1.5455   -6.8050
   444  4842  3656  578270.00  2328580.00  21.056450  105.753379   -3.2551  -13.6490
   445   450  3656  534350.00  2328580.00  21.057799  105.330641   -1.3343   -6.4058
   446   264  3656  532490.00  2328580.00  21.057832  105.312737   -7.9987  -14.3668
   447   954  3659  539390.00  2328550.00  21.057426  105.379153  -10.2549  -16.2715
   448   729  3665  537140.00  2328490.00  21.056931  105.357494    2.3405   -5.6040
   449   663  3668  536480.00  2328460.00  21.056673  105.351141   -2.0004   -9.2090
   450  2127  3677  551120.00  2328370.00  21.055510  105.492053   -9.3277  -13.7675
   451  2130  3686  551150.00  2328280.00  21.054696  105.492339   -8.0360  -13.6906
   452   783  3686  537680.00  2328280.00  21.055023  105.362687    1.3238   -4.7594
   453   975  3695  539600.00  2328190.00  21.054169  105.381166   -9.6967  -12.9025
   454   210  3695  531950.00  2328190.00  21.054318  105.307532   -8.0700  -14.9180
   455  1707  3695  546920.00  2328190.00  21.053996  105.451622   -3.0005  -11.4127
   456   693  3698  536780.00  2328160.00  21.053957  105.354022   -1.0116   -6.9780
   457   537  3698  535220.00  2328160.00  21.053987  105.339006   -6.8998  -15.5298
   458   735  3701  537200.00  2328130.00  21.053677  105.358064    0.4421   -3.7642
   459   606  3704  535910.00  2328100.00  21.053432  105.345647   -4.4282  -11.1671
   460   747  3707  537320.00  2328070.00  21.053132  105.359217    0.3843   -7.3819
   461   876  3710  538610.00  2328040.00  21.052835  105.371633  -13.9646  -22.4911
   462   600  3716  535850.00  2327980.00  21.052349  105.345067   -8.0866  -11.3673
   463   741  3716  537260.00  2327980.00  21.052321  105.358638    4.2780   -3.7493
   464  1053  3719  540380.00  2327950.00  21.051983  105.388668   -8.8854  -14.1271
   465  1050  3722  540350.00  2327920.00  21.051713  105.388378   -7.2158  -13.5922
   466   918  3722  539030.00  2327920.00  21.051742  105.375673  -16.1266  -26.2780
   467   939  3728  539240.00  2327860.00  21.051195  105.377693  -10.0188  -15.8871
   468  2226  3728  552110.00  2327860.00  21.050874  105.501566   -8.0377  -11.8888
   469   627  3731  536120.00  2327830.00  21.050988  105.347662  -13.6425  -19.1121
   470   840  3731  538250.00  2327830.00  21.050945  105.368164  -11.1916  -20.8148
   471   396  3731  533810.00  2327830.00  21.051032  105.325428   -8.6191  -12.3292
   472   504  3734  534890.00  2327800.00  21.050741  105.335823   -3.8192   -8.2619
   473   945  3734  539300.00  2327800.00  21.050652  105.378269  -10.1840  -16.1210
   474  1686  3737  546710.00  2327770.00  21.050207  105.449589  -10.2703  -14.6927
   475  4890  3737  578750.00  2327770.00  21.049111  105.757962   -7.1383  -14.2621
   476  2385  3737  553700.00  2327770.00  21.050015  105.516867   -6.9053  -16.5305
   477  1080  3737  540650.00  2327770.00  21.050351  105.391262  -10.6503  -22.0517
   478   681  3737  536660.00  2327770.00  21.050435  105.352858   -8.3272  -16.6611
   479  6852  3743  598370.00  2327710.00  21.047622  105.946782   -3.4147  -11.2769
   480  6849  3749  598340.00  2327650.00  21.047081  105.946490   -4.4036  -12.8191
   481  1035  3752  540200.00  2327620.00  21.049006  105.386927   -7.8012  -14.7708
   482  1071  3755  540560.00  2327590.00  21.048727  105.390392  -16.5698  -26.1267
   483   849  3755  538340.00  2327590.00  21.048774  105.369024   -3.8656   -9.1773
   484  4845  3758  578300.00  2327560.00  21.047233  105.753621   -6.9105  -13.7600
   485   717  3758  537020.00  2327560.00  21.048530  105.356319    2.3692   -6.7409
   486  6858  3761  598430.00  2327530.00  21.045992  105.947349   -5.3071  -12.3407
   487  1050  3761  540350.00  2327530.00  21.048189  105.388369  -14.7294  -17.7465
   488   822  3761  538070.00  2327530.00  21.048238  105.366424    0.2048   -7.1222
   489   558  3764  535430.00  2327500.00  21.048020  105.341014    0.3504   -5.7509
   490   717  3770  537020.00  2327440.00  21.047446  105.356316   -3.6779   -8.3854
   491  2472  3773  554570.00  2327410.00  21.046737  105.525229   -5.8256  -14.1683
   492  1347  3776  543320.00  2327380.00  21.046766  105.416951   -7.5782  -17.4395
   493   927  3776  539120.00  2327380.00  21.046861  105.376527  -14.2163  -15.3341
   494  1152  3779  541370.00  2327350.00  21.046540  105.398182   -9.4518   -8.3577
   495   954  3779  539390.00  2327350.00  21.046584  105.379125   -6.7533  -16.1863
   496   906  3782  538910.00  2327320.00  21.046323  105.374505  -13.2372  -18.8117
   497  1689  3785  546740.00  2327290.00  21.045869  105.449865  -10.6661  -15.3134
   498  1206  3788  541910.00  2327260.00  21.045715  105.403377   -8.8154  -13.1318
   499   900  3788  538850.00  2327260.00  21.045782  105.373926  -15.2528  -19.5418
   500   870  3788  538550.00  2327260.00  21.045788  105.371038  -13.0703  -21.7814
   501  1197  3791  541820.00  2327230.00  21.045446  105.402510   -7.8392  -14.3755
   502  1206  3791  541910.00  2327230.00  21.045444  105.403377   -9.0292  -14.4129
   503   903  3791  538880.00  2327230.00  21.045510  105.374214   -8.2696  -16.9505
   504  1281  3794  542660.00  2327200.00  21.045155  105.410594   -5.6156  -10.9374
   505   933  3794  539180.00  2327200.00  21.045233  105.377101   -9.9312  -17.2753
   506  1167  3803  541520.00  2327110.00  21.044368  105.399620   -1.6361   -8.6947
   507   567  3806  535520.00  2327080.00  21.044223  105.341872   -0.0216  -11.7717
   508   840  3806  538250.00  2327080.00  21.044168  105.368147    0.4422   -3.4451
   509  1089  3806  540740.00  2327080.00  21.044115  105.392112   -7.6880  -13.0726
   510  1041  3809  540260.00  2327050.00  21.043854  105.387492   -9.5844  -15.0717
   511   825  3809  538100.00  2327050.00  21.043900  105.366703   -1.7599   -8.0549
   512  2382  3809  553670.00  2327050.00  21.043511  105.516556   -7.0315  -14.2267
   513   474  3809  534590.00  2327050.00  21.043970  105.332920    1.8008   -8.0680
   514  6729  3812  597140.00  2327020.00  21.041454  105.934906   -6.2588  -11.5787
   515  1281  3812  542660.00  2327020.00  21.043529  105.410590  -10.9425  -16.9672
   516  2625  3812  556100.00  2327020.00  21.043167  105.539942   -9.6730  -10.9108
   517   537  3815  535220.00  2326990.00  21.043416  105.338982   -3.6925  -14.5159
   518  6861  3815  598460.00  2326990.00  21.041112  105.947607   -9.1754  -15.1476
   519  3825  3818  568100.00  2326960.00  21.042219  105.655430   -5.0627  -13.9551
   520  1179  3818  541640.00  2326960.00  21.043010  105.400771   -3.8142   -9.0874
   521   543  3821  535280.00  2326930.00  21.042872  105.339559   -3.3269   -9.2941
   522  1647  3821  546320.00  2326930.00  21.042627  105.445813   -9.7277  -15.9592
   523   501  3827  534860.00  2326870.00  21.042338  105.335515    0.4548   -7.4748
   524   519  3830  535040.00  2326840.00  21.042064  105.337247   -4.6399  -12.1666
   525  1266  3830  542510.00  2326840.00  21.041906  105.409142   -5.6462  -13.7736
   526   636  3830  536210.00  2326840.00  21.042041  105.348508   -2.0429  -11.3138
   527   603  3833  535880.00  2326810.00  21.041777  105.345331   -3.5129  -13.0669
   528   579  3836  535640.00  2326780.00  21.041510  105.343020   -5.8473  -10.7011
   529  1083  3836  540680.00  2326780.00  21.041405  105.391528   -0.4177   -8.3031
   530  2148  3842  551330.00  2326720.00  21.040596  105.494025   -6.2201  -15.1827
   531  1302  3845  542870.00  2326690.00  21.040542  105.412603   -5.2981  -15.2137
   532   612  3845  535970.00  2326690.00  21.040691  105.346195   -3.1366  -16.0746
   533  1767  3848  547520.00  2326660.00  21.040157  105.457355   -7.1032  -12.1260
   534  1998  3848  549830.00  2326660.00  21.040095  105.479587   -8.4529   -8.8609
   535  3963  3851  569480.00  2326630.00  21.039186  105.668698   -8.7805  -14.0500
   536   777  3857  537620.00  2326570.00  21.039573  105.362072   -1.9779   -7.7211
   537  3945  3860  569300.00  2326540.00  21.038379  105.666962   -6.6563  -13.5606
   538  3993  3869  569780.00  2326450.00  21.037548  105.671578   -4.1407  -12.1264
   539  1686  3869  546710.00  2326450.00  21.038280  105.449554   -7.8022  -15.6074
   540   675  3869  536600.00  2326450.00  21.038510  105.352253  -14.6174  -17.6359
   541  1206  3872  541910.00  2326420.00  21.038125  105.403357   -9.9412  -13.1225
   542  1086  3872  540710.00  2326420.00  21.038152  105.391808   -4.2786  -10.9814
   543   969  3875  539540.00  2326390.00  21.037906  105.380547   -8.4011  -17.3356
   544  1182  3875  541670.00  2326390.00  21.037859  105.401046  -10.3078  -14.0525
   545   261  3875  532460.00  2326390.00  21.038045  105.312407  -14.1021  -16.0765
   546   978  3881  539630.00  2326330.00  21.037362  105.381412   -9.8755  -14.5002
   547  1119  3881  541040.00  2326330.00  21.037331  105.394982  -10.8055  -16.2798
   548  1137  3881  541220.00  2326330.00  21.037327  105.396714   -9.0515  -17.1312
   549   276  3881  532610.00  2326330.00  21.037501  105.313850   -9.8250  -12.1804
   550  1176  3884  541610.00  2326300.00  21.037048  105.400467   -8.1436  -17.3123
   551  2238  3887  552230.00  2326270.00  21.036505  105.502673   -6.5617  -10.1343
   552  1206  3890  541910.00  2326240.00  21.036499  105.403352   -9.5214  -18.1891
   553   147  3893  531320.00  2326210.00  21.036439  105.301432   -6.4273  -14.8506
   554   339  3893  533240.00  2326210.00  21.036405  105.319911  -11.1272  -16.7602
   555  1773  3896  547580.00  2326180.00  21.035818  105.457919   -5.2367  -11.2795
   556  1212  3905  541970.00  2326090.00  21.035142  105.403926  -10.2567  -18.1229
   557  2241  3905  552260.00  2326090.00  21.034878  105.502956   -8.0691  -14.7246
   558   633  3905  536180.00  2326090.00  21.035265  105.348203   -7.7069  -14.3587
   559  1017  3908  540020.00  2326060.00  21.034914  105.385159   -4.7596  -12.6223
   560  1944  3914  549290.00  2326000.00  21.034147  105.474371   -8.0808  -11.8560
   561  1218  3914  542030.00  2326000.00  21.034327  105.404501   -9.0755  -14.9513
   562   729  3914  537140.00  2326000.00  21.034433  105.357440   -1.2609   -6.4698
   563  1149  3917  541340.00  2325970.00  21.034072  105.397860   -7.3016  -16.8820
   564  3969  3920  569540.00  2325940.00  21.032949  105.669247   -6.1249  -16.0598
   565   924  3920  539090.00  2325940.00  21.033850  105.376206   -6.7387  -12.3402
   566   240  3920  532250.00  2325940.00  21.033983  105.310378  -10.4095  -13.4284
   567  4014  3920  569990.00  2325940.00  21.032932  105.673578   -7.2005  -13.2862
   568  4044  3923  570290.00  2325910.00  21.032650  105.676464   -8.2188  -16.8925
   569  2865  3929  558500.00  2325850.00  21.032521  105.563001   -5.6633  -13.2739
   570   963  3929  539480.00  2325850.00  21.033029  105.379957  -12.9347  -14.1412
   571   738  3932  537230.00  2325820.00  21.032805  105.358303  -10.3590  -17.6774
   572   804  3932  537890.00  2325820.00  21.032791  105.364654   -8.5297  -11.7611
   573   498  3932  534830.00  2325820.00  21.032852  105.335205  -10.1861  -14.1810
   574  1176  3935  541610.00  2325790.00  21.032439  105.400454   -5.4448  -14.7054
   575  4104  3938  570890.00  2325760.00  21.031271  105.682232   -8.9586  -16.3873
   576   897  3944  538820.00  2325700.00  21.031687  105.373602   -4.4457   -9.2270
   577   822  3944  538070.00  2325700.00  21.031703  105.366384   -3.2218   -9.1205
   578   960  3947  539450.00  2325670.00  21.031403  105.379664   -7.9148  -11.4183
   579  1149  3947  541340.00  2325670.00  21.031361  105.397853   -7.7041  -19.4943
   580   735  3953  537200.00  2325610.00  21.030908  105.358009  -15.3940  -20.7511
   581  1323  3959  543080.00  2325550.00  21.030237  105.414595   -7.0287  -14.0503
   582   714  3959  536990.00  2325550.00  21.030370  105.355987   -6.7451  -12.5607
   583   522  3959  535070.00  2325550.00  21.030408  105.337509   -9.2518  -13.7269
   584   738  3962  537230.00  2325520.00  21.030094  105.358296  -18.7762  -22.6865
   585  4086  3962  570710.00  2325520.00  21.029110  105.680490  -10.3801  -15.5986
   586   789  3965  537740.00  2325490.00  21.029812  105.363204   -7.0583  -11.7272
   587   972  3968  539570.00  2325460.00  21.029503  105.380814   -3.9684   -7.9289
   588  4008  3968  569930.00  2325460.00  21.028598  105.672981   -4.4864  -11.8876
   589  4020  3968  570050.00  2325460.00  21.028593  105.674136   -9.4627  -13.4082
   590   939  3968  539240.00  2325460.00  21.029510  105.377638   -0.9813   -6.3946
   591   912  3977  538970.00  2325370.00  21.028703  105.375038   -2.5237   -7.0884
   592   996  3983  539810.00  2325310.00  21.028142  105.383120   -1.8224   -8.4007
   593  1035  3983  540200.00  2325310.00  21.028134  105.386874   -5.4222  -14.5535
   594   780  3989  537650.00  2325250.00  21.027646  105.362332  -10.7735  -11.5597
   595  2214  3989  551990.00  2325250.00  21.027296  105.500333   -7.7832  -15.0754
   596  1038  3992  540230.00  2325220.00  21.027320  105.387160   -6.7333  -17.2596
   597  1182  3995  541670.00  2325190.00  21.027017  105.401017   -8.2411  -17.5054
   598  1050  3998  540350.00  2325160.00  21.026775  105.388314   -8.0671  -14.6474
   599  2160  4001  551450.00  2325130.00  21.026227  105.495132  -10.2816  -15.3060
   600   804  4001  537890.00  2325130.00  21.026557  105.364639  -10.9683  -14.3148
   601  1053  4004  540380.00  2325100.00  21.026233  105.388601   -5.3576  -12.5384
   602   861  4004  538460.00  2325100.00  21.026274  105.370124   -4.1964  -10.4422
   603   888  4004  538730.00  2325100.00  21.026268  105.372722   -1.0209   -6.6616
   604  3015  4007  560000.00  2325070.00  21.025425  105.577409   -8.2003  -14.6146
   605  3084  4013  560690.00  2325010.00  21.024860  105.584047   -6.7414  -17.0151
   606  1326  4019  543110.00  2324950.00  21.024815  105.414869   -0.3715  -13.3129
   607   912  4019  538970.00  2324950.00  21.024908  105.375028   -5.9385   -9.4378
   608   795  4019  537800.00  2324950.00  21.024932  105.363769  -15.6799  -18.4877
   609  1131  4019  541160.00  2324950.00  21.024860  105.396104  -12.8281  -17.4613
   610   867  4022  538520.00  2324920.00  21.024646  105.370697   -3.4367   -8.5352
   611  1515  4025  545000.00  2324890.00  21.024228  105.433056   -6.5108   -9.5500
   612   801  4028  537860.00  2324860.00  21.024118  105.364345   -4.2888  -10.8824
   613   726  4028  537110.00  2324860.00  21.024133  105.357127   -2.4752   -7.4210
   614  1512  4031  544970.00  2324830.00  21.023686  105.432765  -11.7594  -19.7579
   615  1185  4034  541700.00  2324800.00  21.023492  105.401297  -12.1392  -18.2749
   616  1476  4034  544610.00  2324800.00  21.023424  105.429300   -3.4947   -9.4847
   617   933  4034  539180.00  2324800.00  21.023548  105.377046   -4.8603  -13.8999
   618  1083  4037  540680.00  2324770.00  21.023244  105.391480   -7.9543  -14.6815
   619  1125  4040  541100.00  2324740.00  21.022964  105.395521   -9.3476  -19.1684
   620   687  4043  536720.00  2324710.00  21.022786  105.353371  -10.6566  -10.5137
   621   903  4046  538880.00  2324680.00  21.022470  105.374156   -0.8735   -9.3555
   622  1326  4046  543110.00  2324680.00  21.022376  105.414862   -1.7288  -11.6343
   623  2832  4049  558170.00  2324650.00  21.021689  105.559784  -12.9451  -12.8191
   624   936  4058  539210.00  2324560.00  21.021379  105.377329   -3.1290   -9.5675
   625  1446  4058  544310.00  2324560.00  21.021263  105.426407   -4.3151  -11.2760
   626   903  4061  538880.00  2324530.00  21.021115  105.374153   -1.2581   -9.5925
   627   729  4061  537140.00  2324530.00  21.021151  105.357409   -8.0043  -12.7272
   628   861  4067  538460.00  2324470.00  21.020581  105.370110   -1.7649  -12.1937
   629  1074  4070  540590.00  2324440.00  21.020265  105.390606   -7.5629  -15.7378
   630  6291  4073  592760.00  2324410.00  21.018100  105.892615   -6.4416  -14.6773
   631  1332  4073  543170.00  2324410.00  21.019935  105.415433   -6.3811  -15.7244
   632  1425  4073  544100.00  2324410.00  21.019913  105.424382   -5.5063  -10.9282
   633  1302  4076  542870.00  2324380.00  21.019671  105.412545   -9.6888  -15.3603
   634  6360  4079  593450.00  2324350.00  21.017523  105.899251  -10.0042  -14.8684
   635  1287  4082  542720.00  2324320.00  21.019132  105.411100  -12.0946  -12.7053
   636  1587  4082  545720.00  2324320.00  21.019060  105.439969   -6.0451  -11.6946
   637  5799  4085  587840.00  2324290.00  21.017258  105.845268   -7.6416  -14.4812
   638   717  4085  537020.00  2324290.00  21.018985  105.356249  -12.5009  -14.8276
   639  1674  4088  546590.00  2324260.00  21.018496  105.448339   -3.4189  -12.2004
   640  1581  4088  545660.00  2324260.00  21.018519  105.439390  -12.2720  -20.0274
   641  1152  4088  541370.00  2324260.00  21.018621  105.398108  -11.5903  -18.1755
   642   708  4094  536930.00  2324200.00  21.018173  105.355381   -9.9306  -16.7419
   643  3825  4094  568100.00  2324200.00  21.017282  105.655321   -6.6347  -15.1200
   644  2136  4097  551210.00  2324170.00  21.017560  105.492794   -5.6794  -13.6260
   645  1137  4097  541220.00  2324170.00  21.017811  105.396662  -11.4866  -18.1953
   646   726  4100  537110.00  2324140.00  21.017627  105.357112   -8.7624  -14.4227
   647  1320  4103  543050.00  2324110.00  21.017227  105.414271  -12.4663  -23.3549
   648  1275  4103  542600.00  2324110.00  21.017237  105.409940   -8.4576  -11.2267
   649  3840  4109  568250.00  2324050.00  21.015921  105.656758   -7.2383  -12.8885
   650  1635  4109  546200.00  2324050.00  21.016608  105.444581  -11.7685  -19.9231
   651  1476  4112  544610.00  2324020.00  21.016376  105.429280   -5.4073   -9.5784
   652  1593  4115  545780.00  2323990.00  21.016077  105.440538  -10.6019  -14.0906
   653   888  4115  538730.00  2323990.00  21.016239  105.372697   -4.3061  -10.1322
   654  1608  4118  545930.00  2323960.00  21.015802  105.441980  -10.7506  -19.3171
   655  1989  4121  549740.00  2323930.00  21.015432  105.478642   -6.3933  -12.2429
   656  1110  4124  540950.00  2323900.00  21.015377  105.394058   -8.8871  -16.7834
   657  6336  4127  593210.00  2323870.00  21.013199  105.896915   -8.2715   -9.5755
   658   762  4130  537470.00  2323840.00  21.014910  105.360569   -7.8849  -11.4159
   659  1857  4133  548420.00  2323810.00  21.014383  105.465937   -9.8755  -13.2860
   660   768  4154  537530.00  2323600.00  21.012740  105.361141  -13.2084  -16.1585
   661  4023  4154  570080.00  2323600.00  21.011787  105.674349   -9.5823  -14.7682
   662  6564  4169  595490.00  2323450.00  21.009287  105.918829   -7.5356  -12.8787
   663  6309  4178  592940.00  2323360.00  21.008605  105.894290   -6.5673  -15.0451
   664  6573  4181  595580.00  2323330.00  21.008198  105.919689   -8.1226  -11.8614
   665  6549  4181  595340.00  2323330.00  21.008211  105.917380   -5.9269  -14.0153
   666   702  4187  536870.00  2323270.00  21.009771  105.354783  -11.0315  -17.2654
   667  2238  4193  552230.00  2323210.00  21.008857  105.502580  -11.3385  -16.1426
   668  2193  4196  551780.00  2323180.00  21.008599  105.498249  -12.7765  -14.2398
   669  2769  4211  557540.00  2323030.00  21.007072  105.553668   -8.2403  -16.0746
   670  2865  4220  558500.00  2322940.00  21.006229  105.562902   -7.8686  -13.2733
   671  6348  4226  593330.00  2322880.00  21.004248  105.898016   -8.3103  -14.4386
   672  6342  4268  593270.00  2322460.00  21.000457  105.897416   -8.1263  -16.3091
   673  6333  4271  593180.00  2322430.00  21.000191  105.896549   -8.4023  -14.9600
   674  2445  4274  554300.00  2322400.00  21.001479  105.522473   -6.4247  -13.7924
   675  6447  4298  594320.00  2322160.00  20.997693  105.907502   -6.4643  -14.0696
   676  4200  4337  571850.00  2321770.00  20.995184  105.691304   -8.6225  -16.8725
   677  6471  4343  594560.00  2321710.00  20.993615  105.909786   -9.4785  -16.2906
   678  4596  4349  575810.00  2321650.00  20.993941  105.729397   -7.0895  -11.9997
   679  5052  4352  580370.00  2321620.00  20.993477  105.773267   -9.6014  -11.3361
   680  6843  4358  598280.00  2321560.00  20.992065  105.945565  -10.3863  -16.3512
   681  4902  4427  578870.00  2320870.00  20.986766  105.758801   -7.3137  -18.5541
   682  3753  4442  567380.00  2320720.00  20.985867  105.648257   -9.9541  -10.9808
   683  6870  4463  598550.00  2320510.00  20.982565  105.948103   -8.4849  -15.6432
   684  4077  4472  570620.00  2320420.00  20.983035  105.679415   -3.6494   -9.8360
   685  4269  4514  572540.00  2320000.00  20.979165  105.697868   -9.9489  -14.3741
   686  4314  4517  572990.00  2319970.00  20.978877  105.702196   -9.4917  -16.1303
   687  4020  4532  570050.00  2319820.00  20.977636  105.673907   -6.5942  -13.9513
   688  2340  4535  553250.00  2319790.00  20.977927  105.512290  -12.1925  -16.8645
   689  5613  4544  585980.00  2319700.00  20.975876  105.827143   -7.8109  -17.1041
   690  6672  4547  596570.00  2319670.00  20.975080  105.929009   -8.9697  -15.2146
   691  4389  4559  573740.00  2319550.00  20.975052  105.709393   -7.5032  -16.4743
   692  4422  4607  574070.00  2319070.00  20.970702  105.712547   -6.7047  -12.7875
   693  6303  4631  592880.00  2318830.00  20.967681  105.893469   -6.4308  -12.3449
   694  4518  4631  575030.00  2318830.00  20.968495  105.721771   -7.1307  -15.3437
   695  6294  4670  592790.00  2318440.00  20.964162  105.892583   -8.2091  -13.7357
   696  2604  4679  555890.00  2318350.00  20.964838  105.537640   -8.0049  -14.9926
   697  2976  4685  559610.00  2318290.00  20.964179  105.573422  -11.7426  -16.0415
   698  4521  4721  575060.00  2317930.00  20.960362  105.722020  -11.3350  -19.4080
   699  2730  4745  557150.00  2317690.00  20.958836  105.549739   -6.3980  -17.5724
   700  5877  4748  588620.00  2317660.00  20.957321  105.852433   -7.5602  -12.9298
   701  2856  4748  558410.00  2317660.00  20.958526  105.561858   -5.4259  -12.7625
   702  4455  4766  574400.00  2317480.00  20.956323  105.715653   -5.1377  -13.6222
   703  4533  4769  575180.00  2317450.00  20.956020  105.723154  -11.3200  -14.5473
   704  2652  4793  556370.00  2317210.00  20.954523  105.542220  -12.5476  -13.8953
   705  2745  4793  557300.00  2317210.00  20.954495  105.551166   -9.4762  -10.5565
   706  6165  4814  591500.00  2317000.00  20.951217  105.880099   -9.2486  -11.5235
   707  2766  4820  557510.00  2316940.00  20.952048  105.553177   -9.3478  -15.6179
   708  4359  4856  573440.00  2316580.00  20.948230  105.706381   -8.5079  -15.6826
   709  2802  4865  557870.00  2316490.00  20.947971  105.556624   -9.5640  -16.3918
   710  2841  4877  558260.00  2316370.00  20.946875  105.560371   -9.0137  -11.5090
   711  2703  4883  556880.00  2316310.00  20.946376  105.547096   -6.2224   -8.8893
   712  2739  4889  557240.00  2316250.00  20.945823  105.550557   -5.4067  -14.7463
   713  3024  4928  560090.00  2315860.00  20.942208  105.577955   -9.0086  -13.7334
   714  3303  4961  562880.00  2315530.00  20.939133  105.604776   -6.0294  -14.7579
   715  3195  4961  561800.00  2315530.00  20.939170  105.594389   -8.7387  -10.7124
   716  2940  5030  559250.00  2314840.00  20.933019  105.569841   -5.5936  -14.0719
   717  2868  5036  558530.00  2314780.00  20.932500  105.562914  -11.1686  -18.5499
   718  2640  5057  556250.00  2314570.00  20.930674  105.540980  -10.6004  -12.4682
   719  2667  5069  556520.00  2314450.00  20.929581  105.543573   -9.3790  -14.9925
   720  2571  5075  555560.00  2314390.00  20.929068  105.534339   -4.5720  -11.2892
   721  2262  5087  552470.00  2314270.00  20.928074  105.504619   -9.6319  -15.2588
   722  2427  5096  554120.00  2314180.00  20.927214  105.520484  -11.0186  -16.2940
   723  2670  5099  556550.00  2314150.00  20.926870  105.543852  -12.5356  -13.7126
   724  5838  5102  588230.00  2314120.00  20.925356  105.848502   -4.5158  -13.2135
   725  2691  5114  556760.00  2314000.00  20.925508  105.545866  -10.5385  -18.7061
   726  2358  5129  553430.00  2313850.00  20.924252  105.513838   -6.7103  -14.9895
   727  2451  5141  554360.00  2313730.00  20.923141  105.522778   -9.5688  -16.1255
   728  2460  5153  554450.00  2313610.00  20.922054  105.523639  -10.7240  -19.5194
   729  2448  5159  554330.00  2313550.00  20.921515  105.522484   -2.5436   -8.8724
   730  2466  5165  554510.00  2313490.00  20.920968  105.524213  -13.1161  -17.3111
   732  4560  5333  575450.00  2311810.00  20.905052  105.725505   -3.9734  -12.8313
   733  2943  5342  559280.00  2311720.00  20.904828  105.570023  -13.4495  -13.9531
   734  2943  5378  559280.00  2311360.00  20.901576  105.570011   -9.5445  -14.4627
   735  3150  5447  561350.00  2310670.00  20.895274  105.589890   -6.8028  -12.0474
   736  3051  5465  560360.00  2310490.00  20.893680  105.580365   -7.6379  -13.6906
   737  4128  5486  571130.00  2310280.00  20.891400  105.683905   -9.0172  -19.2417
   738  4614  5495  575990.00  2310190.00  20.890393  105.730627   -6.1496  -11.3551
   739  5709  5513  586940.00  2310010.00  20.888285  105.835891   -7.4665  -14.5076
   740  4620  5519  576050.00  2309950.00  20.888222  105.731193   -6.4958  -16.7873
   741  2895  5519  558800.00  2309950.00  20.888851  105.565348  -10.3775  -14.8753
   742  6021  5552  590060.00  2309620.00  20.884612  105.865866   -3.4529  -10.6114
   743  3393  5663  563780.00  2308510.00  20.875675  105.613174   -8.4000  -11.8889
   744  3159  5720  561440.00  2307940.00  20.870604  105.590658  -12.6795  -16.5145
   745  3150  5738  561350.00  2307760.00  20.868981  105.589787   -4.7258  -12.8908
   746  3153  5738  561380.00  2307760.00  20.868980  105.590075   -5.8819   -9.2756
   747  4656  5744  576410.00  2307700.00  20.867879  105.734555   -8.7368  -11.4935
   748  2991  5747  559760.00  2307670.00  20.868220  105.574499   -8.3718  -14.8168
   749  3210  5765  561950.00  2307490.00  20.866521  105.595545   -2.2476   -8.3407
   750  4677  5777  576620.00  2307370.00  20.864888  105.736559   -8.8114  -14.5663
   751  3219  5786  562040.00  2307280.00  20.864621  105.596403   -9.4387  -15.0405
   752  3240  5786  562250.00  2307280.00  20.864614  105.598422   -6.9195  -15.0031
   753  4686  5786  576710.00  2307280.00  20.864072  105.737421  -10.1795  -17.4215
   754  3525  5813  565100.00  2307010.00  20.862076  105.625808  -10.2070  -13.9286
   755  6666  5888  596510.00  2306260.00  20.853930  105.927686   -7.3058  -12.6169
   756  3729  5888  567140.00  2306260.00  20.855227  105.645389   -6.3381  -13.1354
   757  3438  5975  564230.00  2305390.00  20.847470  105.617385   -9.7604  -14.1436
   758  4656  5981  576410.00  2305330.00  20.846466  105.734451   -7.5700  -15.1366
   759  4674  6026  576590.00  2304880.00  20.842392  105.736161   -7.8692  -17.8964
   760  3297  6026  562820.00  2304880.00  20.842910  105.603814   -9.7197  -14.4351
   761  3153  6041  561380.00  2304730.00  20.841603  105.589969   -9.9127  -14.5687
   762  3831  6182  568160.00  2303320.00  20.828626  105.655078  -16.6759  -17.8303
   763  3123  6188  561080.00  2303260.00  20.828331  105.587034   -6.9226  -14.1404
   764  3675  6242  566600.00  2302720.00  20.823262  105.640063  -12.1995  -15.2398
   765  3090  6260  560750.00  2302540.00  20.821836  105.583837   -7.0372  -15.6637
   766  3084  6269  560690.00  2302450.00  20.821025  105.583257   -5.4617  -10.9967
   767  2943  6275  559280.00  2302390.00  20.820528  105.569705   -7.5783  -13.4032
   768  2970  6284  559550.00  2302300.00  20.819707  105.572297  -10.5247  -17.3394
   769  2916  6284  559010.00  2302300.00  20.819724  105.567107  -11.6724  -17.2924
   770  3045  6293  560300.00  2302210.00  20.818869  105.579501   -2.5308   -8.6683
   771  2940  6293  559250.00  2302210.00  20.818903  105.569411  -12.0832  -18.2806
   772  2886  6311  558710.00  2302030.00  20.817294  105.564215   -3.9642  -12.8672
   773  2892  6320  558770.00  2301940.00  20.816479  105.564789   -6.1316  -14.1734
   774  2901  6320  558860.00  2301940.00  20.816476  105.565654   -3.2210   -7.4000
   775  2892  6323  558770.00  2301910.00  20.816208  105.564788   -7.3867  -15.2079
   776  3648  6332  566330.00  2301820.00  20.815140  105.637434   -9.3506  -13.7018
   777  2877  6332  558620.00  2301820.00  20.815399  105.563343   -6.5236  -11.1122
   778  3027  6332  560120.00  2301820.00  20.815351  105.577758  -11.3766  -11.5611
   779  5967  6335  589520.00  2301790.00  20.813896  105.860273   -6.7419  -13.7858
   780  2898  6350  558830.00  2301640.00  20.813766  105.565355  -12.0930  -16.4670
   781  3048  6362  560330.00  2301520.00  20.812634  105.579766   -7.2072  -16.6444
   782  3012  6392  559970.00  2301220.00  20.809935  105.576296  -10.4410  -12.7516
   783  2862  6401  558470.00  2301130.00  20.809170  105.561879   -7.8894  -12.2949
   784  5172  6458  581570.00  2300560.00  20.803149  105.783823   -9.7045  -12.3565
   786  3810  6662  567950.00  2298520.00  20.785265  105.652873    2.0140   -8.1186
   788  3798  6827  567830.00  2296870.00  20.770361  105.651656   -7.7099  -11.3254
   789  3852  6845  568370.00  2296690.00  20.768715  105.656837   -9.7248  -14.7321
   791  3795  6860  567800.00  2296540.00  20.767380  105.651355  -12.1775  -16.3809
   792  4470  6866  574550.00  2296480.00  20.766580  105.716196  -12.3342  -14.0736
   793  3825  6896  568100.00  2296180.00  20.764117  105.654223   -8.4290  -12.8683
   795  3801  6929  567860.00  2295850.00  20.761144  105.651905  -16.0536  -21.1500
   796  3855  6947  568400.00  2295670.00  20.759498  105.657085  -10.0798  -12.9269
   797  3834  6956  568190.00  2295580.00  20.758692  105.655064   -6.7362  -13.4798
   798  3822  6965  568070.00  2295490.00  20.757884  105.653908   -2.2802   -7.0682
   800  3837  6974  568220.00  2295400.00  20.757065  105.655346  -15.2285  -18.0839
   801  3861  7001  568460.00  2295130.00  20.754617  105.657640   -8.8222  -10.0981
   804  3945  7037  569300.00  2294770.00  20.751333  105.665695   -5.5143  -11.8262
   805  3921  7040  569060.00  2294740.00  20.751071  105.663388  -17.1505  -26.7256
   806  3909  7046  568940.00  2294680.00  20.750533  105.662233  -13.0000  -16.7530
   810  3897  7064  568820.00  2294500.00  20.748911  105.661074  -16.0387  -22.9445
   811  3894  7079  568790.00  2294350.00  20.747557  105.660780  -14.7019  -16.7546
   814  3849  7103  568340.00  2294110.00  20.745405  105.656448   -1.3495   -9.4068
   816  3870  7109  568550.00  2294050.00  20.744855  105.658463   -5.9087   -6.4292
   818  6078  7133  590630.00  2293810.00  20.741744  105.870525   -5.3526   -8.8279
   819  4578  7190  575630.00  2293240.00  20.737263  105.726431   -8.1265  -14.2400
   823  3984  7253  569690.00  2292610.00  20.731802  105.669355   -1.9760  -10.8443
   824  3942  7319  569270.00  2291950.00  20.725854  105.665295   -9.7271  -10.0020
   825  4635  7349  576200.00  2291650.00  20.722874  105.731837   -6.8880  -15.0320
   826  3996  7361  569810.00  2291530.00  20.722039  105.670465  -17.8745  -20.4430
   827  3915  7361  569000.00  2291530.00  20.722069  105.662686   -8.0751  -10.8276
   828  4038  7400  570230.00  2291140.00  20.718500  105.674483  -19.2692  -23.3038
   829  4014  7400  569990.00  2291140.00  20.718509  105.672178   -8.0476  -15.1132
   830  4014  7424  569990.00  2290900.00  20.716340  105.672168  -10.8113  -12.0963
   831  3999  7439  569840.00  2290750.00  20.714991  105.670722   -9.9798  -17.4141
   832  4056  7448  570410.00  2290660.00  20.714156  105.676192   -6.1104  -14.5385
   833  4077  7448  570620.00  2290660.00  20.714148  105.678209   -4.9093  -15.0873
   834  4047  7451  570320.00  2290630.00  20.713888  105.675327   -9.9513  -16.6117
   835  4104  7499  570890.00  2290150.00  20.709530  105.680781  -10.8323  -18.9006
   836  4125  7520  571100.00  2289940.00  20.707625  105.682789   -9.1930  -15.8517
   837  4188  7541  571730.00  2289730.00  20.705703  105.688830   -9.4190  -15.9231
   838  4191  7547  571760.00  2289670.00  20.705160  105.689116   -8.9984  -18.7933
   839  4200  7547  571850.00  2289670.00  20.705156  105.689980  -18.1610  -22.5630
   840  4059  7550  570440.00  2289640.00  20.704939  105.676439   -0.7921   -7.9058
   841  4125  7559  571100.00  2289550.00  20.704101  105.682773   -7.4321  -12.5387
   842  4089  7562  570740.00  2289520.00  20.703843  105.679315   -1.6575   -4.1244
   843  4119  7583  571040.00  2289310.00  20.701935  105.682187  -10.7294  -15.3608
   844  4185  7592  571700.00  2289220.00  20.701096  105.688521  -11.3690  -13.8804
   845  4125  7613  571100.00  2289010.00  20.699222  105.682751   -3.5058  -11.0533
   846  4140  7649  571250.00  2288650.00  20.695963  105.684177   -1.2217   -7.6202
   847  4770  7667  577550.00  2288470.00  20.694086  105.744661   -6.4862  -18.0240
   849  4188  7703  571730.00  2288110.00  20.691066  105.688764   -4.6122   -9.6554
   850  4095  8057  570800.00  2284570.00  20.659116  105.679692   -2.3073   -9.8882
   851  4107  8078  570920.00  2284360.00  20.657214  105.680836   -9.4067  -17.0918
   852  4200  8096  571850.00  2284180.00  20.655552  105.689756   -8.7396   -9.1619
   853  4203  8096  571880.00  2284180.00  20.655551  105.690044   -7.2518  -14.0343
   854  4194  8096  571790.00  2284180.00  20.655555  105.689180   -4.2974   -8.1804
   855  4134  8102  571190.00  2284120.00  20.655035  105.683418   -7.6909  -20.8358
   856  4179  8102  571640.00  2284120.00  20.655018  105.687738  -13.4525  -17.1847
   857  4563  8147  575480.00  2283670.00  20.650802  105.724580   -8.6583  -13.0960
   858  4476  8150  574610.00  2283640.00  20.650565  105.716227  -10.9939  -15.8567
   859  4554  8153  575390.00  2283610.00  20.650263  105.723713  -13.3764  -16.5955
   860  4647  8183  576320.00  2283310.00  20.647515  105.732627   -5.3313  -13.5118
   861  4569  8183  575540.00  2283310.00  20.647546  105.725140   -0.6928   -4.4250
   862  4509  8198  574940.00  2283160.00  20.646215  105.719375   -0.2269   -9.8539
   863  4623  8201  576080.00  2283130.00  20.645898  105.730316   -4.1154  -12.5414
   864  4536  8210  575210.00  2283040.00  20.645120  105.721961   -7.4306  -11.6381
   865  4389  8210  573740.00  2283040.00  20.645179  105.707851   -2.4933   -5.9935
   866  4548  8216  575330.00  2282980.00  20.644573  105.723111    3.3491   -5.6562
   867  4629  8225  576140.00  2282890.00  20.643727  105.730882  -14.6524  -17.0303
   868  4572  8234  575570.00  2282800.00  20.642937  105.725406  -12.5215  -18.7792
   869  4653  8243  576380.00  2282710.00  20.642091  105.733177   -6.2864  -15.2380
   870  4677  8252  576620.00  2282620.00  20.641268  105.735477  -14.7168  -20.8191
   871  4584  8273  575690.00  2282410.00  20.639409  105.726542   -7.4885  -10.8296
   872  4563  8276  575480.00  2282380.00  20.639146  105.724525  -17.8624  -22.6787
   873  4542  8291  575270.00  2282230.00  20.637799  105.722503   -6.4581  -11.9288
   874  4497  8297  574820.00  2282170.00  20.637275  105.718181  -24.0545  -29.2131
   875  4455  8303  574400.00  2282110.00  20.636750  105.714147   -7.5485  -12.9985
   876  4512  8315  574970.00  2281990.00  20.635643  105.719613  -23.5329  -24.6003
   877  4695  8318  576800.00  2281960.00  20.635298  105.737176   -1.2080   -7.3000
   878  4695  8321  576800.00  2281930.00  20.635026  105.737175   -0.7764  -10.1622
   879  4545  8324  575300.00  2281900.00  20.634816  105.722776   -1.2273   -5.0305
   880  4497  8327  574820.00  2281870.00  20.634564  105.718168   -7.2214   -8.3323
   881  4650  8345  576350.00  2281690.00  20.632876  105.732845   -7.6989   -8.0488
   882  4629  8348  576140.00  2281660.00  20.632614  105.730828  -12.7769  -12.8455
   883  4653  8351  576380.00  2281630.00  20.632333  105.733131   -7.3458  -14.5910
   884  4608  8351  575930.00  2281630.00  20.632351  105.728812   -4.8171  -15.4376
   885  4512  8357  574970.00  2281570.00  20.631848  105.719595  -14.8552  -18.1342
   886  4509  8363  574940.00  2281510.00  20.631307  105.719305  -11.0478  -18.5778
   887  4686  8366  576710.00  2281480.00  20.630964  105.736291  -14.7210  -17.4730
   888  4713  8369  576980.00  2281450.00  20.630682  105.738882  -10.0258  -16.8399
   889  4662  8372  576470.00  2281420.00  20.630432  105.733985   -9.5909  -10.6370
   890  4446  8384  574310.00  2281300.00  20.629435  105.713249   -4.0837  -11.4322
   891  4512  8384  574970.00  2281300.00  20.629408  105.719584   -0.3468   -6.7160
   892  4779  8390  577640.00  2281240.00  20.628758  105.745207   -6.8607   -7.2958
   893  4803  8393  577880.00  2281210.00  20.628477  105.747509    0.2832   -9.6411
   894  4590  8402  575750.00  2281120.00  20.627751  105.727062   -0.6248  -10.2267
   895  4584  8405  575690.00  2281090.00  20.627482  105.726485   -0.9447   -7.4060
   896  3987  8411  569720.00  2281030.00  20.627171  105.669185   -9.8970  -16.1845
   897  4521  8414  575060.00  2281000.00  20.626694  105.720435   -1.6739  -11.3701
   898  4824  8420  578090.00  2280940.00  20.626028  105.749512    2.0024    0.9372
   899  4548  8423  575330.00  2280910.00  20.625870  105.723022    1.1382   -7.6154
   900  4530  8423  575150.00  2280910.00  20.625877  105.721295   -1.3531   -7.8430
   901  4380  8426  573650.00  2280880.00  20.625666  105.706897   -1.8636   -9.7095
   902  5307  8426  582920.00  2280880.00  20.625279  105.795865   -4.1857  -15.3554
   903  4557  8435  575420.00  2280790.00  20.624782  105.723881    0.1492   -9.4703
   904  4638  8438  576230.00  2280760.00  20.624478  105.731653    0.4258   -5.7242
   905  4560  8438  575450.00  2280760.00  20.624510  105.724167    0.0018   -6.7271
   906  4497  8444  574820.00  2280700.00  20.623993  105.718119  -11.0426  -18.3537
   907  4497  8447  574820.00  2280670.00  20.623722  105.718117   -5.7547  -10.2536
   908  4608  8450  575930.00  2280640.00  20.623406  105.728769  -10.5427  -11.8405
   909  4533  8456  575180.00  2280580.00  20.622894  105.721568   -5.3934  -15.1337
   910  4845  8459  578300.00  2280550.00  20.622496  105.751511   -6.8426  -11.2153
   911  4629  8462  576140.00  2280520.00  20.622314  105.730779    4.0540   -7.3843
   912  4689  8480  576740.00  2280340.00  20.620663  105.736530  -10.3521  -14.0307
   913  4461  8480  574460.00  2280340.00  20.620755  105.714648  -16.5958  -19.7958
   914  4569  8480  575540.00  2280340.00  20.620712  105.725013  -15.3105  -19.9452
   915  4419  8492  574040.00  2280220.00  20.619687  105.710612  -11.3359  -18.4723
   916  4776  8492  577610.00  2280220.00  20.619543  105.744874    0.2140  -11.0752
   917  4548  8498  575330.00  2280160.00  20.619094  105.722990  -18.4961  -19.0819
   918  4677  8510  576620.00  2280040.00  20.617957  105.735365   -7.3601  -11.0230
   919  4923  8510  579080.00  2280040.00  20.617855  105.758974  -16.9991  -23.9860
   920  4602  8522  575870.00  2279920.00  20.616903  105.728162   -5.4179  -13.6332
   921  4635  8528  576200.00  2279860.00  20.616348  105.731327   -2.4868  -10.1059
   922  4536  8534  575210.00  2279800.00  20.615846  105.721823  -13.2409  -17.2756
   923  4764  8546  577490.00  2279680.00  20.614669  105.743699   -4.3820  -11.8966
   924  4590  8546  575750.00  2279680.00  20.614740  105.727000  -10.7831  -14.8644
   925  4794  8549  577790.00  2279650.00  20.614385  105.746576   -0.6882   -9.9948
   926  4677  8558  576620.00  2279560.00  20.613620  105.735344   -2.5163   -7.3748
   927  4752  8561  577370.00  2279530.00  20.613318  105.742541   -6.9946  -13.7625
   928  4518  8564  575030.00  2279500.00  20.613142  105.720083   -1.1745  -11.2337
   929  4845  8576  578300.00  2279380.00  20.611925  105.751459  -13.7660  -13.7517
   930  4755  8591  577400.00  2279230.00  20.610607  105.742815  -11.7739  -20.1793
   931  4761  8603  577460.00  2279110.00  20.609520  105.743386   -6.8273  -13.6085
   932  4551  8606  575360.00  2279080.00  20.609334  105.723232   -5.6566  -10.8761
   933  4596  8609  575810.00  2279050.00  20.609045  105.727549   -3.1548  -10.7536
   934  4869  8612  578540.00  2279020.00  20.608662  105.753746    2.6319   -6.6925
   935  4497  8612  574820.00  2279020.00  20.608814  105.718047   -3.8370  -17.0724
   936  4740  8615  577250.00  2278990.00  20.608444  105.741365  -10.5480  -14.4713
   937  4581  8618  575660.00  2278960.00  20.608238  105.726106   -5.5006  -12.8021
   938  4632  8618  576170.00  2278960.00  20.608217  105.731000   -7.6920  -16.1369
   939  4578  8621  575630.00  2278930.00  20.607968  105.725817   -4.6163  -11.7869
   940  5034  8654  580190.00  2278600.00  20.604797  105.769561  -19.3154  -24.0592
   941  4803  8660  577880.00  2278540.00  20.604352  105.747391  -20.1349  -21.1770
   942  4905  8672  578900.00  2278420.00  20.603226  105.757174  -26.1930  -24.8516
   943  4893  8681  578780.00  2278330.00  20.602417  105.756018   -7.4128  -11.4199
   944  4893  8687  578780.00  2278270.00  20.601875  105.756016   -3.7213  -10.6299
   945  4701  8699  576860.00  2278150.00  20.600871  105.737586  -15.4802  -19.9396
   946  4878  8711  578630.00  2278030.00  20.599713  105.754566   -2.5648  -15.4257
   947  5100  8714  580850.00  2278000.00  20.599348  105.775867   -7.4441  -13.3481
   948  5142  8717  581270.00  2277970.00  20.599059  105.779896  -18.5129  -20.0250
   949  4953  8717  579380.00  2277970.00  20.599139  105.761760   -8.8578  -12.3248
   950  4851  8720  578360.00  2277940.00  20.598911  105.751971  -14.0206  -15.3475
   951  4497  8735  574820.00  2277790.00  20.597700  105.717995   -1.5237   -4.7130
   952  4881  8741  578660.00  2277730.00  20.597001  105.754840   -3.4821  -10.3702
   953  4896  8744  578810.00  2277700.00  20.596724  105.756278    1.7990   -3.9571
   955  4851  8768  578360.00  2277460.00  20.594574  105.751949  -13.9605  -17.2765
   956  4845  8777  578300.00  2277370.00  20.593764  105.751370   -9.4038  -21.9225
   957  4926  8780  579110.00  2277340.00  20.593459  105.759141  -18.1999  -24.2728
   958  5325  8810  583100.00  2277040.00  20.590576  105.797412   -1.4170   -8.7940
   959  5109  8825  580940.00  2276890.00  20.589315  105.776680  -11.1877  -17.9895
   960  5301  8825  582860.00  2276890.00  20.589231  105.795102  -11.2749  -15.9161
   961  4935  8834  579200.00  2276800.00  20.588576  105.759980   -3.1444  -10.9726
   962  5319  8837  583040.00  2276770.00  20.588139  105.796824   -7.6953  -13.0705
   964  5325  8846  583100.00  2276680.00  20.587323  105.797395   -9.3290  -20.5288
   965  5346  8846  583310.00  2276680.00  20.587314  105.799410   -6.4571  -19.3775
   966  5208  8873  581930.00  2276410.00  20.584935  105.786157   -6.5465  -14.4987
   967  5325  8894  583100.00  2276200.00  20.582986  105.797373   -8.0095  -13.9894
   968  4983  8897  579680.00  2276170.00  20.582863  105.764557  -14.6506  -19.0780
   969  4956  8912  579410.00  2276020.00  20.581519  105.761960   -1.4408   -5.1557
   970  5160  8912  581450.00  2276020.00  20.581432  105.781533   -4.7089  -10.2539
   971  5025  8915  580100.00  2275990.00  20.581219  105.768579  -20.7731  -20.7107
   972  5208  8924  581930.00  2275900.00  20.580327  105.786133   -9.7311  -14.5174
   973  5226  8927  582110.00  2275870.00  20.580048  105.787859   -9.8014  -11.7192
   974  5013  8936  579980.00  2275780.00  20.579327  105.767418  -12.9201  -14.2030
   975  5142  8942  581270.00  2275720.00  20.578729  105.779792   -1.4358   -5.8723
   976  4977  8948  579620.00  2275660.00  20.578258  105.763959   -7.9203  -16.9847
   977  5238  8963  582230.00  2275510.00  20.576790  105.788993   -6.7396  -14.7078
   978  5061  8981  580460.00  2275330.00  20.575240  105.772003  -14.4121  -22.0102
   979  5250  8987  582350.00  2275270.00  20.574616  105.790133   -5.7175  -16.3655
   980  5100  8990  580850.00  2275240.00  20.574410  105.775741   -1.6049   -7.9284
   981  5184  8993  581690.00  2275210.00  20.574103  105.783798   -1.5629  -11.4442
   982  5121  9002  581060.00  2275120.00  20.573317  105.777750   -6.0175  -13.6347
   983  5196  9014  581810.00  2275000.00  20.572201  105.784940   -6.7680  -14.4899
   984  5160  9023  581450.00  2274910.00  20.571403  105.781482  -11.7820  -15.5245
   985  5205  9032  581900.00  2274820.00  20.570570  105.785795   -2.9603   -8.3515
   986  5280  9035  582650.00  2274790.00  20.570266  105.792989   -6.9186  -12.2086
   987  5226  9044  582110.00  2274700.00  20.569477  105.787804   -9.9340  -17.4136
   988  5127  9050  581120.00  2274640.00  20.568978  105.778304  -10.2862  -21.6745
   990  5046  9059  580310.00  2274550.00  20.568199  105.770529   -7.0675  -11.1512
   991  5049  9083  580340.00  2274310.00  20.566030  105.770805  -12.5908  -14.4343
