; ENVI Output of ROIs (5.2) [Tue Dec 03 19:40:28 2019]
; Number of ROIs: 1
; File Dimension: 7647 x 9116
;
; ROI name: EVF: Layer: forest.shp
; ROI rgb value: {255, 255, 255}
; ROI npts: 995
;   ID     X     Y      Map X       Map Y        Lat         Lon        B1        B2
     1  5310   224  582950.00  2362900.00  21.366309  105.800092   -8.9396  -12.2997
     2  5184   272  581690.00  2362420.00  21.362030  105.787916  -11.5780  -16.2225
     3  5217   308  582020.00  2362060.00  21.358763  105.791081  -12.5299  -16.9241
     4  5340   317  583250.00  2361970.00  21.357894  105.802939   -8.8437  -12.1835
     5  5232   353  582170.00  2361610.00  21.354691  105.792506  -12.5098  -19.7414
     7  5169   359  581540.00  2361550.00  21.354177  105.786427  -11.6705  -15.2485
     8  5151   371  581360.00  2361430.00  21.353101  105.784686   -7.0778  -10.7520
    10  5157   404  581420.00  2361100.00  21.350117  105.785248   -1.7368   -6.1249
    11  5322   419  583070.00  2360950.00  21.348687  105.801153  -14.4530  -20.9734
    12  5238   422  582230.00  2360920.00  21.348454  105.793051  -10.2335  -17.4829
    13  5166   425  581510.00  2360890.00  21.348216  105.786106   -4.8378  -11.8631
    14  5175   443  581600.00  2360710.00  21.346586  105.786966   -6.2310  -12.7374
    15  5253   443  582380.00  2360710.00  21.346550  105.794487  -11.8742  -19.3195
    16  5205   446  581900.00  2360680.00  21.346301  105.789857   -6.9828   -9.8568
    17  5319   452  583040.00  2360620.00  21.345707  105.800848  -13.0688  -17.8162
    18  5334   464  583190.00  2360500.00  21.344616  105.802288   -7.1172  -13.0211
    19  5169   464  581540.00  2360500.00  21.344691  105.786377   -8.2815  -13.7822
    20  5274   467  582590.00  2360470.00  21.344372  105.796501   -6.7983  -13.4015
    21  5211   473  581960.00  2360410.00  21.343859  105.790423   -5.8973  -10.9131
    22  5262   488  582470.00  2360260.00  21.342481  105.795333   -4.3037  -12.2592
    23  5295   491  582800.00  2360230.00  21.342195  105.798514  -14.6864  -16.5364
    24  5190   503  581750.00  2360110.00  21.341158  105.788383  -11.9569  -17.7817
    25  5712   506  586970.00  2360080.00  21.340643  105.838718   -9.0610  -19.2128
    26  5121   506  581060.00  2360080.00  21.340918  105.781728  -15.9641  -19.1528
    27  5208   506  581930.00  2360080.00  21.340879  105.790117   -5.8286  -10.3381
    28  5274   521  582590.00  2359930.00  21.339494  105.796475   -5.9871  -10.9083
    29  5895   521  588800.00  2359930.00  21.339199  105.856357   -5.1105  -16.2879
    31  5856   551  588410.00  2359630.00  21.336508  105.852581  -12.4181  -17.1255
    32  5229   578  582140.00  2359360.00  21.334365  105.792108   -5.9939  -13.2826
    34  5298   581  582830.00  2359330.00  21.334062  105.798760  -14.4981  -21.7990
    35  5088   587  580730.00  2359270.00  21.333615  105.778507   -9.7515  -13.8405
    36  5157   587  581420.00  2359270.00  21.333584  105.785160   -9.0316  -13.2170
    37  5859   593  588440.00  2359210.00  21.332712  105.852848   -9.0193  -17.2328
    38  5214   611  581990.00  2359030.00  21.331390  105.790645   -6.0564   -9.6248
    39  5049   632  580340.00  2358820.00  21.329567  105.774725   -6.1361   -8.7087
    41  5310   644  582950.00  2358700.00  21.328365  105.799886  -11.3317  -11.6927
    42  5289   650  582740.00  2358640.00  21.327833  105.797858   -6.7724  -10.8579
    43  5034   650  580190.00  2358640.00  21.327947  105.773270  -14.9188  -19.5926
    44  5727   659  587120.00  2358550.00  21.326814  105.840086   -3.7967  -13.1393
    45  5133   662  581180.00  2358520.00  21.326819  105.782810   -8.5417  -18.3311
    46  5391   671  583760.00  2358430.00  21.325888  105.807683   -5.6239  -10.3702
    47  5757   677  587420.00  2358370.00  21.325173  105.842969  -10.1885  -16.1142
    48  5226   680  582110.00  2358340.00  21.325151  105.791769    0.9807   -7.9140
    49  5259   689  582440.00  2358250.00  21.324323  105.794946   -8.8025  -10.5815
    50  5373   698  583580.00  2358160.00  21.323457  105.805934  -11.3788  -20.5589
    51  5358   701  583430.00  2358130.00  21.323193  105.804486   -5.5070  -11.9687
    52  5139   701  581240.00  2358130.00  21.323293  105.783370   -7.3563  -15.6173
    53  5472   704  584570.00  2358100.00  21.322869  105.815476   -9.5656  -15.2087
    54  5385   704  583700.00  2358100.00  21.322910  105.807088  -11.8222  -19.2468
    55  5232   716  582170.00  2357980.00  21.321896  105.792330   -7.7540  -11.3872
    56  5259   734  582440.00  2357800.00  21.320257  105.794924   -7.9655  -17.1232
    57  5190   734  581750.00  2357800.00  21.320289  105.788272  -12.6612  -22.1739
    58  5343   737  583280.00  2357770.00  21.319948  105.803022  -16.2654  -18.1452
    59  5142   749  581270.00  2357650.00  21.318955  105.783636   -6.0200  -12.6744
    60  5475   752  584600.00  2357620.00  21.318531  105.815742  -10.7803  -18.9884
    61  5220   758  582050.00  2357560.00  21.318107  105.791153   -4.8717   -7.4247
    62  5013   761  579980.00  2357530.00  21.317928  105.771193  -10.0811  -11.8998
    63  5340   761  583250.00  2357530.00  21.317781  105.802721   -7.6459  -14.1588
    64  5181   770  581660.00  2357440.00  21.317040  105.787387  -11.1213  -14.3151
    65  5364   773  583490.00  2357410.00  21.316686  105.805029   -7.0366  -11.0908
    66  5136   779  581210.00  2357350.00  21.316247  105.783043   -5.5218  -12.7553
    67  5517   779  585020.00  2357350.00  21.316072  105.819778   -9.8150  -12.2727
    68  5070   779  580550.00  2357350.00  21.316277  105.776680   -6.3727   -9.3894
    69  5118   782  581030.00  2357320.00  21.315984  105.781307   -3.3828  -10.6729
    70  5148   806  581330.00  2357080.00  21.313803  105.784188  -12.6045  -13.4048
    71  5310   812  582950.00  2357020.00  21.313187  105.799804   -4.5143  -10.1784
    73  4929   818  579140.00  2356960.00  21.312816  105.763067  -12.3217  -13.2222
    75  5199   839  581840.00  2356750.00  21.310798  105.789089  -14.7690  -17.4813
    76  5325   857  583100.00  2356570.00  21.309115  105.801228   -1.5521   -7.7197
    77  5223   860  582080.00  2356540.00  21.308890  105.791392   -8.8548  -16.7872
    78  5193   869  581780.00  2356450.00  21.308091  105.788496   -7.7762  -13.7783
    79  5340   869  583250.00  2356450.00  21.308024  105.802668  -13.1613  -18.1733
    80  4914   878  578990.00  2356360.00  21.307402  105.761593  -12.5510  -19.5693
    81  5262   881  582470.00  2356330.00  21.306975  105.795142   -7.5200  -12.4360
    82  5355   881  583400.00  2356330.00  21.306933  105.804108   -7.4824  -11.3346
    83  5691   881  586760.00  2356330.00  21.306775  105.836501  -11.2922  -12.9784
    84  5133   884  581180.00  2356300.00  21.306763  105.782704   -6.6115  -14.0375
    85  5223   884  582080.00  2356300.00  21.306722  105.791381  -13.2577  -18.9058
    86  5571   887  585560.00  2356270.00  21.306290  105.824929   -7.1462  -13.8824
    87  5412   896  583970.00  2356180.00  21.305551  105.809596   -7.1841   -9.6725
    88  5535   896  585200.00  2356180.00  21.305494  105.821454   -8.8181  -16.2719
    89  5340   899  583250.00  2356150.00  21.305313  105.802653  -13.7195  -18.6000
    90  5166   899  581510.00  2356150.00  21.305393  105.785878   -0.4110  -11.0221
    91  5682   899  586670.00  2356150.00  21.305153  105.835625   -7.1105  -12.6566
    92  5250   905  582350.00  2356090.00  21.304813  105.793974  -10.7536  -17.0615
    93  5688   908  586730.00  2356060.00  21.304337  105.836198  -12.7255  -19.6788
    94  5007   911  579920.00  2356030.00  21.304379  105.770544   -8.4326  -15.1575
    95  5673   923  586580.00  2355910.00  21.302989  105.834745   -8.5006  -11.1375
    96  5643   926  586280.00  2355880.00  21.302732  105.831851  -10.4447  -13.4640
    97  5235   926  582200.00  2355880.00  21.302922  105.792517  -14.1244  -16.9441
    98  5160   932  581450.00  2355820.00  21.302414  105.785284   -6.9210   -5.1138
    99  5586   935  585710.00  2355790.00  21.301946  105.826351  -11.5139  -18.4881
   100  5118   935  581030.00  2355790.00  21.302162  105.781233   -3.3379  -12.0696
   101  5271   938  582560.00  2355760.00  21.301822  105.795982  -12.3290  -16.0661
   102  5178   941  581630.00  2355730.00  21.301593  105.787015   -1.8263   -5.2154
   103  5412   941  583970.00  2355730.00  21.301486  105.809574   -7.2473  -10.8004
   104  5148   956  581330.00  2355580.00  21.300251  105.784116   -7.2372  -13.2034
   105  5592   959  585770.00  2355550.00  21.299775  105.826918   -2.0793  -11.6625
   106  5136   971  581210.00  2355430.00  21.298901  105.782952   -6.4676  -12.4085
   107  5598   980  585830.00  2355340.00  21.297875  105.827485   -2.9440  -12.7490
   108  5100   986  580850.00  2355280.00  21.297562  105.779474  -10.5493  -13.6833
   109  5691   986  586760.00  2355280.00  21.297289  105.836448  -13.5388  -24.4505
   110  5538   989  585230.00  2355250.00  21.297090  105.821697   -9.1284  -12.7863
   111  5187   995  581720.00  2355190.00  21.296710  105.787857   -6.3231   -9.5927
   112  5049   998  580340.00  2355160.00  21.296501  105.774552   -9.4720  -16.2905
   113  5628  1001  586130.00  2355130.00  21.295964  105.830367  -11.9711  -18.6546
   114  5166  1004  581510.00  2355100.00  21.295906  105.785828   -9.1805  -11.9481
   116  5622  1034  586070.00  2354800.00  21.292985  105.829772   -8.9483  -12.7192
   117  5571  1046  585560.00  2354680.00  21.291925  105.824849  -18.8539  -21.1180
   118  5682  1052  586670.00  2354620.00  21.291330  105.835546   -6.6153   -5.6930
   119  5343  1061  583280.00  2354530.00  21.290676  105.802863  -12.0990  -13.5846
   120  5556  1094  585410.00  2354200.00  21.287596  105.823379  -14.2072  -16.3570
   121  5214  1115  581990.00  2353990.00  21.285856  105.790402  -10.2925  -13.5529
   122  5265  1115  582500.00  2353990.00  21.285833  105.795318   -8.3072  -13.0130
   123  5394  1121  583790.00  2353930.00  21.285232  105.807750  -14.0360  -17.6036
   124  5610  1127  585950.00  2353870.00  21.284589  105.828568   -8.9317  -13.5422
   125  5436  1136  584210.00  2353780.00  21.283857  105.811791  -15.4047  -21.1092
   126  5616  1154  586010.00  2353600.00  21.282147  105.829132  -10.2910  -18.5350
   127  5586  1157  585710.00  2353570.00  21.281890  105.826239   -9.7208  -11.2797
   128  5670  1157  586550.00  2353570.00  21.281850  105.834336   -8.8181  -11.1177
   129  5430  1166  584150.00  2353480.00  21.281150  105.811198  -14.1240  -18.0284
   130  5508  1169  584930.00  2353450.00  21.280842  105.818715  -14.0362  -18.0841
   131  5550  1169  585350.00  2353450.00  21.280823  105.822763   -8.1312  -11.8010
   132  5616  1178  586010.00  2353360.00  21.279978  105.829120  -13.9368  -16.7309
   133  5517  1178  585020.00  2353360.00  21.280025  105.819578   -7.4455  -11.1408
   134  5457  1196  584420.00  2353180.00  21.278427  105.813785   -7.9810  -14.4230
   135  5655  1205  586400.00  2353090.00  21.277521  105.832866   -9.7692  -14.3142
   136  5634  1208  586190.00  2353060.00  21.277260  105.830840  -11.2607  -21.2580
   137  5628  1211  586130.00  2353030.00  21.276991  105.830260   -9.3691  -13.1592
   138  5361  1214  583460.00  2353000.00  21.276845  105.804523   -1.8973  -10.3740
   139  5022  1214  580070.00  2353000.00  21.276998  105.771847  -12.8039  -16.4238
   140  5460  1238  584450.00  2352760.00  21.274631  105.814054  -10.3787  -15.9465
   141  5433  1253  584180.00  2352610.00  21.273289  105.811444  -14.6713  -15.6732
   142  5349  1256  583340.00  2352580.00  21.273056  105.803346   -8.3211  -14.7148
   143  5427  1262  584120.00  2352520.00  21.272478  105.810861  -10.7364  -17.1524
   144  5379  1280  583640.00  2352340.00  21.270874  105.806225   -5.6828  -10.7075
   145  5436  1301  584210.00  2352130.00  21.268951  105.811709   -9.6209  -21.2136
   146  5547  1313  585320.00  2352010.00  21.267815  105.822402   -6.9391  -12.7455
   147  5652  1322  586370.00  2351920.00  21.266952  105.832517   -9.2097  -17.3445
   148  4731  1340  577160.00  2351740.00  21.265741  105.743740   -7.7008   -8.8810
   149  5667  1340  586520.00  2351740.00  21.265318  105.833954  -13.2361  -16.9478
   150  5457  1358  584420.00  2351560.00  21.263791  105.813705   -9.7537  -13.9545
   151  5457  1394  584420.00  2351200.00  21.260539  105.813687   -7.0727  -14.6403
   152  5634  1406  586190.00  2351080.00  21.259371  105.830740  -10.4648  -16.6731
   153  5985  1415  589700.00  2350990.00  21.258388  105.864563  -14.9973  -16.1348
   154  4617  1511  576020.00  2350030.00  21.250340  105.732676   -9.8763  -14.3487
   155  1128  1544  541130.00  2349700.00  21.248484  105.396409   -7.3682  -12.4469
   156  6081  1592  590660.00  2349220.00  21.242350  105.873721   -7.5193  -15.3379
   158   744  1721  537290.00  2347930.00  21.232575  105.359361   -7.4840  -14.5520
   159   876  1748  538610.00  2347660.00  21.230107  105.372076  -10.1235  -13.4492
   160  5790  1757  587750.00  2347570.00  21.227586  105.845594  -13.9293  -16.7762
   161   684  1826  536690.00  2346880.00  21.223100  105.353556   -4.6605  -13.5782
   162  4977  1958  579620.00  2345560.00  21.209801  105.767161  -10.6404  -18.2266
   163   984  2003  539690.00  2345110.00  21.207044  105.382424   -8.7615  -15.6011
   164  5397  2021  583820.00  2344930.00  21.203920  105.807596   -7.6132  -11.3884
   165  4341  2069  573260.00  2344450.00  21.200039  105.705837   -9.1422  -14.3898
   166   738  2108  537230.00  2344060.00  21.197609  105.358698   -8.5138  -14.7507
   167   903  2129  538880.00  2343850.00  21.195677  105.374591   -8.0251  -14.9909
   168   825  2165  538100.00  2343490.00  21.192441  105.367068   -6.3533  -12.5668
   169  1131  2165  541160.00  2343490.00  21.192375  105.396548   -6.4185  -12.6773
   170  5700  2189  586850.00  2343250.00  21.188600  105.836702   -6.2137  -17.6156
   171   837  2201  538220.00  2343130.00  21.189186  105.368216   -6.7068  -15.4745
   172  5280  2216  582650.00  2342980.00  21.186356  105.796229  -10.1041  -11.7570
   173  6345  2309  593300.00  2342050.00  21.177440  105.898769   -9.2863  -16.5402
   174  1005  2321  539900.00  2341930.00  21.178308  105.384373   -8.4281  -14.5024
   175  1002  2330  539870.00  2341840.00  21.177495  105.384082   -4.5497  -10.4573
   176   747  2336  537320.00  2341780.00  21.177007  105.359516   -6.4881  -11.8501
   177  5706  2381  586910.00  2341330.00  21.171251  105.837182  -11.9970  -14.3249
   178   573  2399  535580.00  2341150.00  21.171350  105.342741   -7.7401  -11.4552
   179   399  2420  533840.00  2340940.00  21.169485  105.325976   -5.0940  -11.6500
   180   546  2453  535310.00  2340610.00  21.166476  105.340129   -9.1889  -17.0332
   181  1440  2453  544250.00  2340610.00  21.166281  105.426243   -7.8515  -10.7521
   182  3948  2459  569330.00  2340550.00  21.164958  105.667816   -5.5475  -11.5587
   183  1437  2468  544220.00  2340460.00  21.164926  105.425950   -9.8341  -15.5997
   184  1029  2471  540140.00  2340430.00  21.164750  105.386650   -8.3556  -13.9124
   185   555  2486  535400.00  2340280.00  21.163492  105.340989   -8.5629  -11.6809
   186  1143  2522  541280.00  2339920.00  21.160116  105.397618   -9.6024  -15.3589
   187   426  2534  534110.00  2339800.00  21.159180  105.328554   -6.1718  -15.2936
   188   582  2549  535670.00  2339650.00  21.157795  105.343577   -7.5705  -14.9799
   189  1224  2591  542090.00  2339230.00  21.153863  105.405403   -5.1506  -14.8044
   190   747  2612  537320.00  2339020.00  21.152070  105.359456  -10.2735  -16.3007
   191   453  2618  534380.00  2338960.00  21.151585  105.331137  -10.3072  -12.8750
   192  3267  2660  562520.00  2338540.00  21.147043  105.602149   -8.8196  -15.9095
   193  1836  2669  548210.00  2338450.00  21.146664  105.464327  -10.1186  -13.8031
   194  1056  2672  540410.00  2338420.00  21.146583  105.389203   -8.1355  -12.3802
   195   498  2681  534830.00  2338330.00  21.145885  105.335459   -7.8238  -11.3605
   196   525  2684  535100.00  2338300.00  21.145608  105.338059  -11.2248  -18.6354
   197   303  2687  532880.00  2338270.00  21.145379  105.316677   -7.7259  -13.3013
   198  1065  2687  540500.00  2338270.00  21.145225  105.390066  -12.3844  -12.8085
   199  1044  2693  540290.00  2338210.00  21.144688  105.388042   -7.7768  -14.4865
   200   525  2699  535100.00  2338150.00  21.144253  105.338056   -3.9361  -10.5299
   201  2745  2699  557300.00  2338150.00  21.143691  105.551862  -11.0786  -17.1872
   202   369  2702  533540.00  2338120.00  21.144011  105.323030   -9.8834  -13.0036
   203   894  2705  538790.00  2338090.00  21.143636  105.373593   -5.2705  -16.1828
   204   912  2705  538970.00  2338090.00  21.143632  105.375326   -8.8284  -11.4566
   205  1275  2711  542600.00  2338030.00  21.143009  105.410285   -4.4213  -12.0211
   206  5931  2717  589160.00  2337970.00  21.140787  105.858679  -10.2518  -15.2350
   207   738  2723  537230.00  2337910.00  21.142042  105.358565   -7.6641  -16.4518
   208   786  2726  537710.00  2337880.00  21.141761  105.363187   -9.6717  -16.7012
   209  1809  2735  547940.00  2337790.00  21.140708  105.461708  -11.1516  -16.1618
   210  1359  2741  543440.00  2337730.00  21.140279  105.418368  -10.0138  -12.9494
   211  3456  2744  564410.00  2337700.00  21.139388  105.620320   -8.1446  -14.9857
   212  1818  2747  548030.00  2337670.00  21.139622  105.462571   -9.9889  -16.4686
   213  4764  2753  577490.00  2337610.00  21.138067  105.746279   -9.4325  -15.3008
   214  1038  2753  540230.00  2337610.00  21.139268  105.387450  -10.4843  -12.8113
   215   681  2753  536660.00  2337610.00  21.139343  105.353069   -7.8503  -13.4257
   216  3639  2762  566240.00  2337520.00  21.137697  105.637936   -0.6144  -15.3515
   217  1002  2768  539870.00  2337460.00  21.137921  105.383980  -11.5126  -15.5399
   218  1050  2786  540350.00  2337280.00  21.136284  105.388598   -9.2636  -11.7934
   219  3414  2792  563990.00  2337220.00  21.135066  105.616257   -6.3134  -11.6375
   220   456  2798  534410.00  2337160.00  21.135321  105.331390   -8.6740  -15.0012
   221  2355  2822  553400.00  2336920.00  21.132696  105.514264   -5.7442  -13.5189
   222  1593  2834  545780.00  2336800.00  21.131819  105.440879   -9.2087  -15.3341
   223   345  2834  533300.00  2336800.00  21.132089  105.320693  -14.2537  -19.3360
   224  1044  2834  540290.00  2336800.00  21.131948  105.388009   -7.7048  -11.5664
   225   648  2837  536330.00  2336770.00  21.131760  105.349873   -7.0232  -16.6169
   226   516  2846  535010.00  2336680.00  21.130973  105.337159   -9.1419  -13.7202
   227   501  2858  534860.00  2336560.00  21.129891  105.335712  -10.9760  -15.0682
   228  3906  2864  568910.00  2336500.00  21.128382  105.663608   -7.5234  -16.5632
   229   309  2870  532940.00  2336440.00  21.128843  105.317220   -2.4282  -12.0860
   230  6057  2879  590420.00  2336350.00  21.126089  105.870727   -7.6716  -16.4694
   231   420  2879  534050.00  2336350.00  21.128009  105.327907  -11.5738  -17.2225
   232  3492  2903  564770.00  2336110.00  21.125010  105.623727   -9.1799  -14.7967
   233  1413  2909  543980.00  2336050.00  21.125087  105.423525   -7.5842  -15.2692
   234  1857  2912  548420.00  2336020.00  21.124703  105.466280   -7.2971  -14.6327
   235   684  2927  536690.00  2335870.00  21.123621  105.353320  -11.0085  -19.2783
   236  3552  2930  565370.00  2335840.00  21.122549  105.629494   -2.9529  -11.6473
   237  1653  2960  546380.00  2335540.00  21.120419  105.446623  -10.3536  -15.0821
   238   570  2963  535550.00  2335510.00  21.120391  105.342335   -8.2794  -13.7605
   239   867  2963  538520.00  2335510.00  21.120331  105.370934  -17.0456  -17.2113
   240   441  2981  534260.00  2335330.00  21.118789  105.329909   -5.8461  -13.3084
   241  1539  3002  545240.00  2335120.00  21.116653  105.435634   -5.1242  -13.0995
   242  5457  3002  584420.00  2335120.00  21.115264  105.812892  -10.5472  -17.6490
   243  1533  3005  545180.00  2335090.00  21.116383  105.435056   -7.3663  -13.7513
   244   441  3008  534260.00  2335060.00  21.116350  105.329904   -5.5305  -10.5591
   245   405  3011  533900.00  2335030.00  21.116085  105.326437   -8.8399  -16.9069
   246   399  3017  533840.00  2334970.00  21.115544  105.325858   -9.4002  -16.9053
   247  4767  3044  577520.00  2334700.00  21.111775  105.746437   -6.2373  -15.2258
   248   438  3050  534230.00  2334640.00  21.112555  105.329606   -9.9248  -12.0115
   249   816  3056  538010.00  2334580.00  21.111939  105.366003   -7.1363  -10.1759
   250   960  3059  539450.00  2334550.00  21.111637  105.379868   -9.7183  -11.7638
   251  2001  3059  549860.00  2334550.00  21.111383  105.480104   -6.9674  -12.3704
   252  1794  3062  547790.00  2334520.00  21.111167  105.460172   -8.7527  -19.5130
   253   972  3071  539570.00  2334430.00  21.110550  105.381021   -8.6174  -14.8067
   254   456  3077  534410.00  2334370.00  21.110112  105.331334   -6.9563  -11.2073
   255   423  3080  534080.00  2334340.00  21.109848  105.328156   -9.2834  -11.0063
   256   435  3083  534200.00  2334310.00  21.109574  105.329311  -11.6958  -15.2116
   257  5472  3098  584570.00  2334160.00  21.106583  105.814289   -7.1329  -10.5196
   258  5628  3104  586130.00  2334100.00  21.105968  105.829306   -5.6260  -13.6184
   259  1830  3107  548150.00  2334070.00  21.107092  105.463626   -7.0921  -15.8050
   260   675  3113  536600.00  2334010.00  21.106817  105.352414   -8.9725  -10.9459
   261   675  3125  536600.00  2333890.00  21.105733  105.352411   -5.7653  -14.6120
   262   768  3137  537530.00  2333770.00  21.104630  105.361363   -8.2911  -14.4796
   263  1011  3155  539960.00  2333590.00  21.102952  105.384756   -4.9867  -12.1829
   264  1518  3161  545030.00  2333530.00  21.102292  105.433570   -7.4499  -14.7049
   265  1833  3164  548180.00  2333500.00  21.101941  105.463898   -8.6510  -15.2806
   266  4062  3167  570470.00  2333470.00  21.100947  105.678506   -8.4192  -13.1279
   267   729  3173  537140.00  2333410.00  21.101385  105.357600  -16.4661  -15.1053
   268  1026  3173  540110.00  2333410.00  21.101322  105.386196   -8.7861  -16.7863
   269   648  3182  536330.00  2333320.00  21.100588  105.349799   -9.2441  -11.2660
   270  4083  3185  570680.00  2333290.00  21.099313  105.680520  -11.3354  -13.5889
   271   645  3191  536300.00  2333230.00  21.099776  105.349509   -1.1459   -7.7393
   272  3840  3191  568250.00  2333230.00  21.098863  105.657122   -7.7274  -15.6614
   273   708  3194  536930.00  2333200.00  21.099492  105.355574   -6.7512  -12.0115
   274  1059  3203  540440.00  2333110.00  21.098605  105.389367   -9.1068  -16.3122
   275  3924  3224  569090.00  2332900.00  21.095850  105.665196   -8.0956  -15.8807
   276   843  3227  538280.00  2332870.00  21.096483  105.368565  -12.0785  -17.9451
   277  1230  3227  542150.00  2332870.00  21.096397  105.405825   -6.6028  -16.8183
   278  1233  3230  542180.00  2332840.00  21.096126  105.406113   -6.7495  -10.5147
   279   393  3236  533780.00  2332780.00  21.095758  105.325237   -8.5676  -13.5139
   280   465  3239  534500.00  2332750.00  21.095473  105.332168   -7.8309  -13.8927
   281   714  3239  536990.00  2332750.00  21.095425  105.356142   -9.6608  -18.0570
   282   474  3245  534590.00  2332690.00  21.094930  105.333034  -10.4850  -13.3821
   283   792  3245  537770.00  2332690.00  21.094867  105.363650   -8.4371  -12.0902
   284   435  3248  534200.00  2332660.00  21.094666  105.329278   -4.6770   -9.9697
   285  5697  3248  586820.00  2332660.00  21.092926  105.835876   -3.4611  -10.9922
   286   819  3251  538040.00  2332630.00  21.094319  105.366248   -6.6612  -11.4422
   287   654  3254  536390.00  2332600.00  21.094082  105.350362    0.1130  -10.6670
   288   699  3254  536840.00  2332600.00  21.094073  105.354694    1.0663   -8.6569
   289   972  3254  539570.00  2332600.00  21.094016  105.380978  -14.5667  -18.6977
   290  1323  3260  543080.00  2332540.00  21.093394  105.414770  -11.1393  -14.0509
   291   993  3260  539780.00  2332540.00  21.093469  105.382999  -10.3480  -21.1032
   292   699  3260  536840.00  2332540.00  21.093530  105.354693    2.0116   -1.7220
   293  1725  3263  547100.00  2332510.00  21.093024  105.453473  -14.0559  -18.2972
   294   630  3263  536150.00  2332510.00  21.093273  105.348049  -11.0019  -16.5592
   295   771  3275  537560.00  2332390.00  21.092160  105.361622   -7.4652  -13.8316
   296   651  3275  536360.00  2332390.00  21.092185  105.350069   -5.6009  -14.1857
   297  3555  3281  565400.00  2332330.00  21.090835  105.629649   -7.0266  -13.8894
   298  4968  3287  579530.00  2332270.00  21.089734  105.765677   -9.7872  -13.7790
   299   867  3287  538520.00  2332270.00  21.091056  105.370862   -0.3290   -7.7446
   300   561  3287  535460.00  2332270.00  21.091118  105.341401  -14.9003  -14.3378
   301   735  3290  537200.00  2332240.00  21.090813  105.358153  -12.3183  -14.9431
   302   687  3290  536720.00  2332240.00  21.090822  105.353531   -3.2820  -11.0905
   303   588  3296  535730.00  2332180.00  21.090300  105.343999   -7.8174  -16.9285
   304  1551  3299  545360.00  2332150.00  21.089815  105.436711   -3.5609  -13.2819
   305   594  3302  535790.00  2332120.00  21.089756  105.344575   -8.5995  -14.4072
   306  1086  3305  540710.00  2332090.00  21.089383  105.391942   -2.1626   -7.6966
   307  6306  3308  592910.00  2332060.00  21.087206  105.894471   -8.5831  -15.1554
   308   576  3311  535610.00  2332030.00  21.088947  105.342840   -6.7525  -11.8214
   309  1095  3311  540800.00  2332030.00  21.088838  105.392807   -8.8600  -17.1905
   310  6384  3317  593690.00  2331970.00  21.086354  105.901974   -6.1094  -12.1984
   311  1242  3317  542270.00  2331970.00  21.088263  105.406958   -8.0111  -19.6374
   312  4662  3323  576470.00  2331910.00  21.086612  105.736203   -8.1254  -13.7066
   313  1116  3323  541010.00  2331910.00  21.087749  105.394826   -8.3106  -13.3016
   314   834  3329  538190.00  2331850.00  21.087268  105.367675   -7.9052  -12.5371
   315  6390  3329  593750.00  2331850.00  21.085266  105.902545   -6.0858  -10.9333
   316   777  3332  537620.00  2331820.00  21.087009  105.362187  -10.0414  -16.7978
   317   699  3332  536840.00  2331820.00  21.087025  105.354678   -0.5592  -10.1645
   318   942  3341  539270.00  2331730.00  21.086161  105.378070  -14.7395  -21.1690
   319   564  3341  535490.00  2331730.00  21.086238  105.341679   -5.1895  -11.6336
   320  6336  3344  593210.00  2331700.00  21.083939  105.897339   -6.6754  -14.2982
   321   903  3344  538880.00  2331700.00  21.085898  105.374315   -7.4785  -13.5092
   322   981  3344  539660.00  2331700.00  21.085882  105.381824  -12.8441  -19.2205
   323  6759  3347  597440.00  2331670.00  21.083447  105.938056   -7.9294  -11.7654
   324  1644  3350  546290.00  2331640.00  21.085184  105.445651   -7.8857  -12.1484
   325   978  3353  539630.00  2331610.00  21.085069  105.381533  -13.8592  -19.5275
   326   924  3353  539090.00  2331610.00  21.085081  105.376334   -6.6082  -14.9129
   327  1353  3356  543380.00  2331580.00  21.084713  105.417634  -11.4133  -16.8039
   328   507  3356  534920.00  2331580.00  21.084894  105.336188   -3.9859   -8.6208
   329   819  3356  538040.00  2331580.00  21.084832  105.366225   -6.5850  -13.4538
   330  1056  3359  540410.00  2331550.00  21.084510  105.389041  -10.6467  -14.0259
   331   555  3359  535400.00  2331550.00  21.084614  105.340809   -5.9378  -14.1511
   332   957  3362  539420.00  2331520.00  21.084261  105.379509   -5.3939  -16.0180
   333   735  3365  537200.00  2331490.00  21.084036  105.358136  -12.1899  -18.5506
   334   927  3368  539120.00  2331460.00  21.083725  105.376620   -7.3868  -14.5836
   335  1368  3368  543530.00  2331460.00  21.083625  105.419075  -11.8456  -15.7390
   336   786  3371  537710.00  2331430.00  21.083483  105.363045  -12.9642  -12.9947
   337   813  3377  537980.00  2331370.00  21.082936  105.365643   -9.3134  -15.8582
   338   474  3377  534590.00  2331370.00  21.083003  105.333007   -7.3949   -9.3506
   339  1056  3377  540410.00  2331370.00  21.082884  105.389037   -4.2107  -14.3196
   340  1050  3380  540350.00  2331340.00  21.082614  105.388458   -3.8512  -13.2979
   341   855  3383  538400.00  2331310.00  21.082385  105.369685  -10.2640  -16.9238
   342  4491  3386  574760.00  2331280.00  21.080990  105.719713  -14.0725  -13.2710
   343  1896  3389  548810.00  2331250.00  21.081595  105.469900   -9.9850   -9.1913
   344  2190  3389  551750.00  2331250.00  21.081514  105.498203   -8.6440  -11.5270
   345   792  3389  537770.00  2331250.00  21.081856  105.363619   -3.7222  -11.4112
   346   489  3392  534740.00  2331220.00  21.081645  105.334448   -6.5114   -7.5967
   347  4728  3392  577130.00  2331220.00  21.080350  105.742525   -9.2038  -14.7779
   348   927  3395  539120.00  2331190.00  21.081285  105.376614   -6.6147  -11.3395
   349   855  3395  538400.00  2331190.00  21.081301  105.369682  -11.9428  -16.8328
   350   855  3407  538400.00  2331070.00  21.080216  105.369680  -13.0110  -17.4754
   351   492  3410  534770.00  2331040.00  21.080018  105.334733   -7.9338  -19.2613
   352   666  3410  536510.00  2331040.00  21.079984  105.351484   -4.4925  -11.9590
   353   543  3419  535280.00  2330950.00  21.079195  105.339641   -6.9292   -5.7097
   354   630  3422  536150.00  2330920.00  21.078907  105.348016   -9.1741  -11.5275
   355  5091  3422  580760.00  2330920.00  21.077483  105.777454   -7.1660  -17.0963
   356  1011  3422  539960.00  2330920.00  21.078828  105.384694  -11.2794  -15.5629
   357  1185  3431  541700.00  2330830.00  21.077976  105.401443   -8.0116  -15.3216
   358   603  3437  535880.00  2330770.00  21.077557  105.345413   -7.3986  -13.1463
   359   858  3440  538430.00  2330740.00  21.077234  105.369961  -13.8201  -16.3422
   360  1503  3446  544880.00  2330680.00  21.076545  105.432052   -9.9580  -14.6991
   361   636  3452  536210.00  2330620.00  21.076195  105.348587   -1.1793   -9.7908
   362  1500  3452  544850.00  2330620.00  21.076004  105.431761  -10.2069  -11.7952
   363   819  3455  538040.00  2330590.00  21.075887  105.366203   -3.4310  -11.9349
   364  1056  3455  540410.00  2330590.00  21.075836  105.389018  -17.2036  -23.4811
   365  1071  3458  540560.00  2330560.00  21.075562  105.390462   -7.5412  -10.5320
   366   867  3464  538520.00  2330500.00  21.075064  105.370822  -12.0151  -15.9631
   367   648  3464  536330.00  2330500.00  21.075108  105.349740   -2.5443   -8.7654
   368   651  3464  536360.00  2330500.00  21.075108  105.350029   -2.5132  -11.3535
   369   702  3467  536870.00  2330470.00  21.074827  105.354938   -9.6247  -19.2648
   370  4860  3473  578450.00  2330410.00  21.072976  105.755195   -8.9038  -14.7710
   371  1077  3476  540620.00  2330380.00  21.073934  105.391035  -13.1068  -17.3105
   372   696  3479  536810.00  2330350.00  21.073744  105.354357    1.4803   -3.3543
   373  4998  3479  579830.00  2330350.00  21.072374  105.768476   -6.6747  -13.1661
   374   522  3482  535070.00  2330320.00  21.073507  105.337607    0.3640   -9.7151
   375  1077  3482  540620.00  2330320.00  21.073392  105.391034  -14.6428  -15.4566
   376   621  3485  536060.00  2330290.00  21.073216  105.347136   -6.3468  -13.1063
   377   876  3488  538610.00  2330260.00  21.072893  105.371683  -12.5000  -17.2609
   378  4803  3488  577880.00  2330260.00  21.071645  105.749701   -8.3008  -15.4538
   379   867  3491  538520.00  2330230.00  21.072624  105.370816   -9.6505  -21.3707
   380  3765  3494  567500.00  2330200.00  21.071515  105.649783   -7.6536  -15.1271
   381   768  3503  537530.00  2330110.00  21.071560  105.361283  -11.9021  -15.9391
   382  5727  3503  587120.00  2330110.00  21.069874  105.838635   -6.2761  -13.6680
   383  5754  3506  587390.00  2330080.00  21.069590  105.841232   -5.3995  -11.0350
   384  5010  3506  579950.00  2330080.00  21.069929  105.769618   -6.2025  -15.1991
   385   669  3509  536540.00  2330050.00  21.071038  105.351752    5.8844   -0.9665
   386   645  3509  536300.00  2330050.00  21.071043  105.349442   -2.1486   -7.3846
   387   534  3515  535190.00  2329990.00  21.070523  105.338755   -6.9185  -12.0271
   388  2004  3515  549890.00  2329990.00  21.070181  105.480261   -9.8445  -12.7623
   389  4836  3518  578210.00  2329960.00  21.068920  105.752864   -9.4663  -15.0681
   390  1155  3524  541400.00  2329900.00  21.069580  105.398532  -10.2790  -13.9933
   391   627  3530  536120.00  2329840.00  21.069149  105.347704   -1.8141   -6.5077
   392  3867  3530  568520.00  2329840.00  21.068224  105.659587  -10.4429  -14.3731
   393   552  3530  535370.00  2329840.00  21.069164  105.340485   -4.6406   -6.3391
   394  2031  3533  550160.00  2329810.00  21.068548  105.482855   -8.8531  -16.4941
   395  3819  3536  568040.00  2329780.00  21.067700  105.654964   -7.5627  -10.5968
   396   669  3542  536540.00  2329720.00  21.068057  105.351745   -7.6945  -13.6382
   397  1101  3545  540860.00  2329690.00  21.067694  105.393329   -9.2614  -13.7164
   398  5928  3545  589130.00  2329690.00  21.065982  105.857960   -5.5991  -12.3559
   399   558  3548  535430.00  2329660.00  21.067536  105.341059   -1.8736  -11.5100
   400   870  3548  538550.00  2329660.00  21.067473  105.371092  -10.6876  -17.2489
   401  1776  3548  547610.00  2329660.00  21.067260  105.458304  -12.1750  -19.4589
   402  2832  3551  558170.00  2329630.00  21.066684  105.559952   -7.9965  -15.2968
   403   315  3551  533000.00  2329630.00  21.067311  105.317666  -12.7408  -18.3115
   404  1788  3551  547730.00  2329630.00  21.066986  105.459458  -10.9980  -15.6986
   405  1149  3554  541340.00  2329600.00  21.066870  105.397947   -8.3728  -13.6010
   406   852  3554  538370.00  2329600.00  21.066935  105.369358   -7.3874  -13.7672
   407  1032  3560  540170.00  2329540.00  21.066354  105.386684   -7.4986  -11.9276
   408   858  3560  538430.00  2329540.00  21.066392  105.369934  -10.3748  -17.6295
   409  5619  3563  586040.00  2329510.00  21.064504  105.828209   -8.1806  -13.8722
   410   753  3572  537380.00  2329420.00  21.065329  105.359824    1.3500   -6.8391
   411   957  3578  539420.00  2329360.00  21.064744  105.379460  -10.9930  -17.4736
   412   867  3578  538520.00  2329360.00  21.064763  105.370797   -9.3160  -14.0084
   413  2559  3584  555440.00  2329300.00  21.063788  105.533663   -5.1913  -11.5075
   414   750  3587  537350.00  2329270.00  21.063974  105.359532    2.4762   -7.2889
   415   936  3590  539210.00  2329240.00  21.063664  105.377436  -11.1279  -17.8166
   416   729  3590  537140.00  2329240.00  21.063708  105.357510   -0.3037   -8.9738
   417   963  3593  539480.00  2329210.00  21.063388  105.380034   -8.8556  -12.2406
   418  3828  3599  568130.00  2329150.00  21.062005  105.655805   -9.1674  -19.5200
   419   603  3599  535880.00  2329150.00  21.062919  105.345380   -5.8497   -9.6751
   420  4839  3599  578240.00  2329150.00  21.061601  105.753116   -6.2554  -14.0143
   421   951  3602  539360.00  2329120.00  21.062577  105.378877  -13.8554  -24.0870
   422   780  3602  537650.00  2329120.00  21.062613  105.362417  -17.0076  -19.0991
   423   867  3605  538520.00  2329090.00  21.062324  105.370791  -10.1253  -18.0681
   424  1506  3605  544910.00  2329090.00  21.062178  105.432299  -11.2361  -18.6365
   425   873  3605  538580.00  2329090.00  21.062323  105.371368  -15.0834  -18.4533
   426  3159  3605  561440.00  2329090.00  21.061699  105.591409   -7.6511   -8.1627
   427  1485  3608  544700.00  2329060.00  21.061912  105.430277   -6.6042  -12.0711
   428   849  3608  538340.00  2329060.00  21.062056  105.369057  -10.1354  -18.6254
   429   639  3611  536240.00  2329030.00  21.061828  105.348842    0.8198  -10.2710
   430   786  3611  537710.00  2329030.00  21.061798  105.362992   -7.8437  -19.8365
   431   918  3611  539030.00  2329030.00  21.061771  105.375698  -11.8450  -14.5442
   432   798  3614  537830.00  2329000.00  21.061525  105.364147  -10.6847  -18.4798
   433  4761  3617  577460.00  2328970.00  21.060008  105.745601  -11.1012  -15.8562
   434  1746  3623  547310.00  2328910.00  21.060492  105.455396  -11.8110  -15.7240
   435  4770  3623  577550.00  2328910.00  21.059462  105.746464   -9.3809  -16.7437
   436  4851  3629  578360.00  2328850.00  21.058885  105.754258   -9.0086  -10.7791
   437   468  3635  534530.00  2328790.00  21.059693  105.332378   -9.7788  -17.9341
   438   648  3635  536330.00  2328790.00  21.059658  105.349704   -2.0869   -6.7878
   439   966  3635  539510.00  2328790.00  21.059592  105.380313  -10.5258  -14.8024
   440  4833  3638  578180.00  2328760.00  21.058080  105.752521   -9.8101  -15.9266
   441   441  3638  534260.00  2328760.00  21.059427  105.329778   -3.3788   -8.9716
   442   663  3641  536480.00  2328730.00  21.059113  105.351146    2.1557   -5.6265
   443   918  3641  539030.00  2328730.00  21.059060  105.375691  -13.0610  -18.1163
   444   537  3641  535220.00  2328730.00  21.059137  105.339018   -8.4312  -11.8828
   445  1080  3644  540650.00  2328700.00  21.058754  105.391284  -10.1807  -17.6280
   446  5001  3647  579860.00  2328670.00  21.057194  105.768687   -9.5373  -15.9809
   447   414  3650  533990.00  2328640.00  21.058347  105.327177   -4.2954   -7.1632
   448  4842  3656  578270.00  2328580.00  21.056450  105.753379   -7.2464  -15.1138
   449   450  3656  534350.00  2328580.00  21.057799  105.330641    1.4784   -9.3793
   450   264  3656  532490.00  2328580.00  21.057832  105.312737   -9.0404  -14.6098
   451   954  3659  539390.00  2328550.00  21.057426  105.379153  -11.3522  -13.8097
   452   729  3665  537140.00  2328490.00  21.056931  105.357494    1.3728   -7.2172
   453   663  3668  536480.00  2328460.00  21.056673  105.351141   -1.1195   -7.2847
   454  2127  3677  551120.00  2328370.00  21.055510  105.492053   -8.7594  -12.4050
   455  2130  3686  551150.00  2328280.00  21.054696  105.492339   -5.3038  -13.3949
   456   783  3686  537680.00  2328280.00  21.055023  105.362687    3.1655   -5.2673
   457   975  3695  539600.00  2328190.00  21.054169  105.381166  -10.5792  -15.4007
   458  1707  3695  546920.00  2328190.00  21.053996  105.451622   -6.1391  -11.8862
   459   210  3695  531950.00  2328190.00  21.054318  105.307532   -7.2320  -13.8259
   460   693  3698  536780.00  2328160.00  21.053957  105.354022   -1.7408  -11.8460
   461   537  3698  535220.00  2328160.00  21.053987  105.339006   -9.2342  -11.2194
   462   735  3701  537200.00  2328130.00  21.053677  105.358064   -3.5225   -7.7095
   463   606  3704  535910.00  2328100.00  21.053432  105.345647   -2.7815  -12.9123
   464   747  3707  537320.00  2328070.00  21.053132  105.359217   -0.0034   -9.3565
   465   876  3710  538610.00  2328040.00  21.052835  105.371633  -10.3090  -20.5299
   466   741  3716  537260.00  2327980.00  21.052321  105.358638    1.7528   -6.3638
   467   600  3716  535850.00  2327980.00  21.052349  105.345067   -9.2945  -15.2392
   468  1053  3719  540380.00  2327950.00  21.051983  105.388668   -7.0850  -13.2620
   469  1050  3722  540350.00  2327920.00  21.051713  105.388378   -8.4225  -14.8014
   470   918  3722  539030.00  2327920.00  21.051742  105.375673  -17.7745  -23.2860
   471   939  3728  539240.00  2327860.00  21.051195  105.377693  -11.6400  -16.8543
   472  2226  3728  552110.00  2327860.00  21.050874  105.501566   -7.6429  -16.2163
   473   627  3731  536120.00  2327830.00  21.050988  105.347662   -6.2978  -17.6884
   474   840  3731  538250.00  2327830.00  21.050945  105.368164  -11.2863  -13.4608
   475   396  3731  533810.00  2327830.00  21.051032  105.325428  -10.5037  -10.4745
   476   504  3734  534890.00  2327800.00  21.050741  105.335823   -0.9032   -9.1703
   477   945  3734  539300.00  2327800.00  21.050652  105.378269  -14.0587  -15.9984
   478  2385  3737  553700.00  2327770.00  21.050015  105.516867   -8.3220  -14.1297
   479  4890  3737  578750.00  2327770.00  21.049111  105.757962  -10.5768  -13.5940
   480  1080  3737  540650.00  2327770.00  21.050351  105.391262  -11.1860  -15.7131
   481   681  3737  536660.00  2327770.00  21.050435  105.352858   -9.8176  -13.3351
   482  1686  3737  546710.00  2327770.00  21.050207  105.449589  -10.7067  -16.7869
   483  6852  3743  598370.00  2327710.00  21.047622  105.946782   -6.5057  -10.4460
   484  6849  3749  598340.00  2327650.00  21.047081  105.946490   -8.3464  -14.1522
   485  1035  3752  540200.00  2327620.00  21.049006  105.386927   -8.7986  -15.8548
   486  1071  3755  540560.00  2327590.00  21.048727  105.390392  -17.4901  -23.3729
   487   849  3755  538340.00  2327590.00  21.048774  105.369024   -6.9057  -14.7479
   488  4845  3758  578300.00  2327560.00  21.047233  105.753621   -7.9785  -14.0096
   489   717  3758  537020.00  2327560.00  21.048530  105.356319   -2.7578   -5.7559
   490  6858  3761  598430.00  2327530.00  21.045992  105.947349   -6.9402  -12.7454
   491   822  3761  538070.00  2327530.00  21.048238  105.366424   -1.7563   -6.1646
   492  1050  3761  540350.00  2327530.00  21.048189  105.388369   -6.3377  -15.9523
   493   558  3764  535430.00  2327500.00  21.048020  105.341014    0.6202   -4.4948
   494   717  3770  537020.00  2327440.00  21.047446  105.356316   -1.8700  -13.2115
   495  2472  3773  554570.00  2327410.00  21.046737  105.525229   -8.4426  -14.3612
   496   927  3776  539120.00  2327380.00  21.046861  105.376527   -9.7343  -17.1622
   497  1347  3776  543320.00  2327380.00  21.046766  105.416951  -11.2898  -14.1524
   498  1152  3779  541370.00  2327350.00  21.046540  105.398182   -4.4307  -15.2559
   499   954  3779  539390.00  2327350.00  21.046584  105.379125   -8.9482  -16.7837
   500   906  3782  538910.00  2327320.00  21.046323  105.374505  -10.6643  -16.6017
   501  1689  3785  546740.00  2327290.00  21.045869  105.449865   -9.0475  -18.4624
   502  1206  3788  541910.00  2327260.00  21.045715  105.403377   -9.8550  -16.5694
   503   900  3788  538850.00  2327260.00  21.045782  105.373926  -12.9515  -17.7336
   504   870  3788  538550.00  2327260.00  21.045788  105.371038  -17.7178  -19.2431
   505  1197  3791  541820.00  2327230.00  21.045446  105.402510   -5.2438  -14.9979
   506  1206  3791  541910.00  2327230.00  21.045444  105.403377   -8.8956  -14.7726
   507   903  3791  538880.00  2327230.00  21.045510  105.374214  -11.6485  -20.6496
   508  1281  3794  542660.00  2327200.00  21.045155  105.410594   -5.1711   -9.6921
   509   933  3794  539180.00  2327200.00  21.045233  105.377101  -11.5475  -22.1709
   510  1167  3803  541520.00  2327110.00  21.044368  105.399620   -3.2112   -9.3134
   511   567  3806  535520.00  2327080.00  21.044223  105.341872   -3.6895   -8.0361
   512   840  3806  538250.00  2327080.00  21.044168  105.368147    1.2047   -5.7635
   513  1089  3806  540740.00  2327080.00  21.044115  105.392112   -9.8213  -12.8985
   514  1041  3809  540260.00  2327050.00  21.043854  105.387492   -8.2738  -14.8772
   515   825  3809  538100.00  2327050.00  21.043900  105.366703   -3.1987  -10.9050
   516  2382  3809  553670.00  2327050.00  21.043511  105.516556   -7.2283  -13.4279
   517   474  3809  534590.00  2327050.00  21.043970  105.332920   -4.3114  -10.0191
   518  6729  3812  597140.00  2327020.00  21.041454  105.934906   -5.6087  -12.2149
   519  1281  3812  542660.00  2327020.00  21.043529  105.410590  -13.8001  -19.9913
   520  2625  3812  556100.00  2327020.00  21.043167  105.539942   -9.1324  -13.3329
   521   537  3815  535220.00  2326990.00  21.043416  105.338982   -9.3857  -15.1855
   522  6861  3815  598460.00  2326990.00  21.041112  105.947607  -12.2210  -15.7820
   523  3825  3818  568100.00  2326960.00  21.042219  105.655430   -8.7786  -13.1218
   524  1179  3818  541640.00  2326960.00  21.043010  105.400771   -6.5821   -8.3790
   525   543  3821  535280.00  2326930.00  21.042872  105.339559   -1.5909   -9.1029
   526  1647  3821  546320.00  2326930.00  21.042627  105.445813  -10.1623  -17.3342
   527   501  3827  534860.00  2326870.00  21.042338  105.335515   -3.7966  -11.5092
   528   519  3830  535040.00  2326840.00  21.042064  105.337247   -2.3856   -9.1178
   529  1266  3830  542510.00  2326840.00  21.041906  105.409142   -2.9841  -12.5579
   530   636  3830  536210.00  2326840.00  21.042041  105.348508   -2.8701   -7.3665
   531   603  3833  535880.00  2326810.00  21.041777  105.345331   -2.9816  -10.3642
   532   579  3836  535640.00  2326780.00  21.041510  105.343020   -7.5771  -13.4751
   533  1083  3836  540680.00  2326780.00  21.041405  105.391528   -1.0386   -8.9597
   534  2148  3842  551330.00  2326720.00  21.040596  105.494025  -12.0007  -16.4511
   535  1302  3845  542870.00  2326690.00  21.040542  105.412603  -14.4110  -15.5512
   536   612  3845  535970.00  2326690.00  21.040691  105.346195   -7.8546  -12.1445
   537  1767  3848  547520.00  2326660.00  21.040157  105.457355   -4.7378  -10.4099
   538  1998  3848  549830.00  2326660.00  21.040095  105.479587   -6.5685  -12.8991
   539  3963  3851  569480.00  2326630.00  21.039186  105.668698  -12.0811  -13.4762
   540   777  3857  537620.00  2326570.00  21.039573  105.362072   -1.7982   -9.4696
   541  3945  3860  569300.00  2326540.00  21.038379  105.666962   -7.3079  -13.3675
   542  3993  3869  569780.00  2326450.00  21.037548  105.671578   -7.7857  -12.8682
   543  1686  3869  546710.00  2326450.00  21.038280  105.449554  -11.3234  -12.4818
   544   675  3869  536600.00  2326450.00  21.038510  105.352253  -13.8505  -16.6399
   545  1206  3872  541910.00  2326420.00  21.038125  105.403357   -9.0958  -14.5923
   546  1086  3872  540710.00  2326420.00  21.038152  105.391808   -3.2364  -10.9407
   547   969  3875  539540.00  2326390.00  21.037906  105.380547  -10.7813  -14.5407
   548  1182  3875  541670.00  2326390.00  21.037859  105.401046   -7.8975  -14.9831
   549   261  3875  532460.00  2326390.00  21.038045  105.312407  -10.4964  -17.8479
   550   978  3881  539630.00  2326330.00  21.037362  105.381412   -7.5613  -11.7151
   551  1119  3881  541040.00  2326330.00  21.037331  105.394982  -13.9331  -17.4671
   552  1137  3881  541220.00  2326330.00  21.037327  105.396714   -7.9382  -14.9702
   553   276  3881  532610.00  2326330.00  21.037501  105.313850  -12.8766  -17.7731
   554  1176  3884  541610.00  2326300.00  21.037048  105.400467   -7.4108  -15.5992
   555  2238  3887  552230.00  2326270.00  21.036505  105.502673   -7.5160  -14.0019
   556  1206  3890  541910.00  2326240.00  21.036499  105.403352  -11.4835  -20.2079
   557   147  3893  531320.00  2326210.00  21.036439  105.301432   -8.6974  -15.5357
   558   339  3893  533240.00  2326210.00  21.036405  105.319911  -10.2692  -17.6305
   559  1773  3896  547580.00  2326180.00  21.035818  105.457919   -5.8342  -17.4516
   560  1212  3905  541970.00  2326090.00  21.035142  105.403926   -7.8049  -15.3023
   561  2241  3905  552260.00  2326090.00  21.034878  105.502956  -10.7967  -13.0776
   562   633  3905  536180.00  2326090.00  21.035265  105.348203   -8.8974  -15.3807
   563  1017  3908  540020.00  2326060.00  21.034914  105.385159   -6.2859  -12.1159
   564  1944  3914  549290.00  2326000.00  21.034147  105.474371  -12.0742  -15.4575
   565  1218  3914  542030.00  2326000.00  21.034327  105.404501   -8.4659  -14.7588
   566   729  3914  537140.00  2326000.00  21.034433  105.357440    0.0322   -8.1488
   567  1149  3917  541340.00  2325970.00  21.034072  105.397860  -12.2388  -19.9231
   568  3969  3920  569540.00  2325940.00  21.032949  105.669247   -7.1040  -14.1474
   569   924  3920  539090.00  2325940.00  21.033850  105.376206   -6.5484  -12.2199
   570   240  3920  532250.00  2325940.00  21.033983  105.310378  -12.3440  -16.7149
   571  4014  3920  569990.00  2325940.00  21.032932  105.673578   -7.6818  -11.8676
   572  4044  3923  570290.00  2325910.00  21.032650  105.676464   -7.5623  -15.5195
   573  2865  3929  558500.00  2325850.00  21.032521  105.563001   -6.9223  -15.9538
   574   963  3929  539480.00  2325850.00  21.033029  105.379957  -11.2479  -18.5183
   575   738  3932  537230.00  2325820.00  21.032805  105.358303   -8.9766  -16.8461
   576   804  3932  537890.00  2325820.00  21.032791  105.364654  -11.3081  -15.3563
   577   498  3932  534830.00  2325820.00  21.032852  105.335205  -11.6368  -11.7396
   578  1176  3935  541610.00  2325790.00  21.032439  105.400454  -10.6563  -18.5722
   579  4104  3938  570890.00  2325760.00  21.031271  105.682232   -7.8822  -14.3174
   580   897  3944  538820.00  2325700.00  21.031687  105.373602   -5.7551   -7.9647
   581   822  3944  538070.00  2325700.00  21.031703  105.366384   -9.3590  -11.6706
   582   960  3947  539450.00  2325670.00  21.031403  105.379664   -5.8633  -14.2946
   583  1149  3947  541340.00  2325670.00  21.031361  105.397853  -10.7868  -16.3707
   584   735  3953  537200.00  2325610.00  21.030908  105.358009  -11.7786  -18.5436
   585  1323  3959  543080.00  2325550.00  21.030237  105.414595   -5.4831  -12.7201
   586   714  3959  536990.00  2325550.00  21.030370  105.355987   -1.7000  -10.5577
   587   522  3959  535070.00  2325550.00  21.030408  105.337509   -8.9685  -20.8732
   588   738  3962  537230.00  2325520.00  21.030094  105.358296  -13.6648  -21.3282
   589  4086  3962  570710.00  2325520.00  21.029110  105.680490  -13.2891  -12.4645
   590   789  3965  537740.00  2325490.00  21.029812  105.363204   -6.6856  -10.1603
   591   972  3968  539570.00  2325460.00  21.029503  105.380814   -5.2146  -10.0926
   592  4008  3968  569930.00  2325460.00  21.028598  105.672981   -7.0698  -17.7712
   593  4020  3968  570050.00  2325460.00  21.028593  105.674136   -8.6997  -11.4651
   594   939  3968  539240.00  2325460.00  21.029510  105.377638   -3.9598   -8.5859
   595   912  3977  538970.00  2325370.00  21.028703  105.375038   -2.9535   -6.6249
   596   996  3983  539810.00  2325310.00  21.028142  105.383120   -2.2444   -8.3956
   597  1035  3983  540200.00  2325310.00  21.028134  105.386874   -7.4646  -12.7681
   598   780  3989  537650.00  2325250.00  21.027646  105.362332   -8.7956  -11.9564
   599  2214  3989  551990.00  2325250.00  21.027296  105.500333  -10.7168  -19.6492
   600  1038  3992  540230.00  2325220.00  21.027320  105.387160   -9.7110  -12.7260
   601  1182  3995  541670.00  2325190.00  21.027017  105.401017  -12.8642  -16.1053
   602  1050  3998  540350.00  2325160.00  21.026775  105.388314   -9.9323  -15.5542
   603  2160  4001  551450.00  2325130.00  21.026227  105.495132   -9.3007  -14.9971
   604   804  4001  537890.00  2325130.00  21.026557  105.364639   -8.1883  -16.4622
   605  1053  4004  540380.00  2325100.00  21.026233  105.388601   -4.7896   -8.6246
   606   861  4004  538460.00  2325100.00  21.026274  105.370124   -4.9758  -11.5562
   607   888  4004  538730.00  2325100.00  21.026268  105.372722   -2.2324   -8.8115
   608  3015  4007  560000.00  2325070.00  21.025425  105.577409   -6.5439  -12.5375
   609  3084  4013  560690.00  2325010.00  21.024860  105.584047  -10.8812  -16.3199
   610  1326  4019  543110.00  2324950.00  21.024815  105.414869   -1.7366   -6.6138
   611   912  4019  538970.00  2324950.00  21.024908  105.375028   -1.8897   -9.8660
   612   795  4019  537800.00  2324950.00  21.024932  105.363769  -11.5941  -15.6692
   613  1131  4019  541160.00  2324950.00  21.024860  105.396104  -12.3580  -15.7733
   614   867  4022  538520.00  2324920.00  21.024646  105.370697   -6.8796   -9.1528
   615  1515  4025  545000.00  2324890.00  21.024228  105.433056   -6.9378  -12.5001
   616   801  4028  537860.00  2324860.00  21.024118  105.364345   -3.7435  -11.5938
   617   726  4028  537110.00  2324860.00  21.024133  105.357127   -4.5388   -6.4157
   618  1512  4031  544970.00  2324830.00  21.023686  105.432765  -12.2715  -17.5036
   619  1185  4034  541700.00  2324800.00  21.023492  105.401297   -9.8230  -16.7411
   620  1476  4034  544610.00  2324800.00  21.023424  105.429300   -2.9842  -11.6801
   621   933  4034  539180.00  2324800.00  21.023548  105.377046   -5.7554   -9.2324
   622  1083  4037  540680.00  2324770.00  21.023244  105.391480  -13.6207  -17.3511
   623  1125  4040  541100.00  2324740.00  21.022964  105.395521  -11.2224  -18.2412
   624   687  4043  536720.00  2324710.00  21.022786  105.353371  -12.3438  -13.5314
   625   903  4046  538880.00  2324680.00  21.022470  105.374156   -6.2573   -9.3269
   626  1326  4046  543110.00  2324680.00  21.022376  105.414862   -5.7688   -7.8460
   627  2832  4049  558170.00  2324650.00  21.021689  105.559784   -8.9690  -15.4675
   628   936  4058  539210.00  2324560.00  21.021379  105.377329   -2.5974  -12.0779
   629  1446  4058  544310.00  2324560.00  21.021263  105.426407   -5.0516  -10.4503
   630   903  4061  538880.00  2324530.00  21.021115  105.374153   -0.4202   -6.7380
   631   729  4061  537140.00  2324530.00  21.021151  105.357409   -8.3740  -14.5861
   632   861  4067  538460.00  2324470.00  21.020581  105.370110   -4.3478   -8.6988
   633  1074  4070  540590.00  2324440.00  21.020265  105.390606   -9.2723  -14.7711
   634  6291  4073  592760.00  2324410.00  21.018100  105.892615   -8.9457  -15.6464
   635  1332  4073  543170.00  2324410.00  21.019935  105.415433   -4.7539  -12.3157
   636  1425  4073  544100.00  2324410.00  21.019913  105.424382   -8.3306  -11.1689
   637  1302  4076  542870.00  2324380.00  21.019671  105.412545  -10.5496  -13.9684
   638  6360  4079  593450.00  2324350.00  21.017523  105.899251   -7.9396  -15.2288
   639  1287  4082  542720.00  2324320.00  21.019132  105.411100   -5.3508  -15.1215
   640  1587  4082  545720.00  2324320.00  21.019060  105.439969   -7.9393  -15.4929
   641  5799  4085  587840.00  2324290.00  21.017258  105.845268   -8.3390  -13.6449
   642   717  4085  537020.00  2324290.00  21.018985  105.356249  -11.8162  -16.6470
   643  1674  4088  546590.00  2324260.00  21.018496  105.448339   -5.8087  -11.0679
   644  1581  4088  545660.00  2324260.00  21.018519  105.439390  -12.4695  -19.0603
   645  1152  4088  541370.00  2324260.00  21.018621  105.398108  -13.6826  -16.2458
   646   708  4094  536930.00  2324200.00  21.018173  105.355381  -11.2308  -15.4096
   647  3825  4094  568100.00  2324200.00  21.017282  105.655321   -4.8000  -15.2122
   648  2136  4097  551210.00  2324170.00  21.017560  105.492794   -8.4425  -17.9547
   649  1137  4097  541220.00  2324170.00  21.017811  105.396662  -11.3436  -16.7720
   650   726  4100  537110.00  2324140.00  21.017627  105.357112  -14.1661  -15.1077
   651  1320  4103  543050.00  2324110.00  21.017227  105.414271  -11.6324  -19.1910
   652  1275  4103  542600.00  2324110.00  21.017237  105.409940   -5.6974   -9.5783
   653  3840  4109  568250.00  2324050.00  21.015921  105.656758   -7.7321  -14.0003
   654  1635  4109  546200.00  2324050.00  21.016608  105.444581  -11.2880  -16.8847
   655  1476  4112  544610.00  2324020.00  21.016376  105.429280   -3.1805  -10.9594
   656  1593  4115  545780.00  2323990.00  21.016077  105.440538   -9.5619  -13.9721
   657   888  4115  538730.00  2323990.00  21.016239  105.372697   -3.2519  -11.5045
   658  1608  4118  545930.00  2323960.00  21.015802  105.441980  -14.7330  -29.3793
   659  1989  4121  549740.00  2323930.00  21.015432  105.478642   -5.6003   -9.8122
   660  1110  4124  540950.00  2323900.00  21.015377  105.394058   -7.6418  -13.5918
   661  6336  4127  593210.00  2323870.00  21.013199  105.896915   -8.7693  -15.9925
   662   762  4130  537470.00  2323840.00  21.014910  105.360569  -15.0738  -13.9810
   663  1857  4133  548420.00  2323810.00  21.014383  105.465937   -7.9337  -13.4275
   664   768  4154  537530.00  2323600.00  21.012740  105.361141   -9.6702  -18.7965
   665  4023  4154  570080.00  2323600.00  21.011787  105.674349  -11.2896  -13.7720
   666  6564  4169  595490.00  2323450.00  21.009287  105.918829   -9.0409  -16.8465
   667  6309  4178  592940.00  2323360.00  21.008605  105.894290  -11.7554  -12.8434
   668  6573  4181  595580.00  2323330.00  21.008198  105.919689   -6.9148  -12.6082
   669  6549  4181  595340.00  2323330.00  21.008211  105.917380   -6.5313  -13.3318
   670   702  4187  536870.00  2323270.00  21.009771  105.354783  -13.5200  -13.5629
   671  2238  4193  552230.00  2323210.00  21.008857  105.502580   -9.8763  -13.5522
   672  2193  4196  551780.00  2323180.00  21.008599  105.498249   -7.2578  -12.9860
   673  2769  4211  557540.00  2323030.00  21.007072  105.553668   -2.3719   -9.7567
   674  2865  4220  558500.00  2322940.00  21.006229  105.562902   -9.6313  -15.6223
   675  6348  4226  593330.00  2322880.00  21.004248  105.898016   -9.3967  -13.7388
   676  6342  4268  593270.00  2322460.00  21.000457  105.897416   -9.6536  -10.5668
   677  6333  4271  593180.00  2322430.00  21.000191  105.896549  -12.8626  -15.2535
   678  2445  4274  554300.00  2322400.00  21.001479  105.522473   -5.9926  -16.1477
   679  6447  4298  594320.00  2322160.00  20.997693  105.907502   -5.6321  -11.8808
   680  4200  4337  571850.00  2321770.00  20.995184  105.691304   -3.4468  -14.0233
   681  6471  4343  594560.00  2321710.00  20.993615  105.909786   -9.2697  -15.2159
   682  4596  4349  575810.00  2321650.00  20.993941  105.729397   -7.4973  -12.8661
   683  5052  4352  580370.00  2321620.00  20.993477  105.773267   -6.7180  -13.4955
   684  6843  4358  598280.00  2321560.00  20.992065  105.945565  -10.0786  -17.9485
   685  4902  4427  578870.00  2320870.00  20.986766  105.758801   -5.5364  -13.3374
   686  3753  4442  567380.00  2320720.00  20.985867  105.648257   -5.7931  -15.5424
   687  6870  4463  598550.00  2320510.00  20.982565  105.948103  -10.9055  -16.8834
   688  4077  4472  570620.00  2320420.00  20.983035  105.679415   -6.6505  -13.0004
   689  4269  4514  572540.00  2320000.00  20.979165  105.697868   -6.9609  -16.4076
   690  4314  4517  572990.00  2319970.00  20.978877  105.702196   -9.0298  -16.8277
   691  4020  4532  570050.00  2319820.00  20.977636  105.673907   -9.5007  -14.0489
   692  2340  4535  553250.00  2319790.00  20.977927  105.512290  -10.1318  -20.9368
   693  5613  4544  585980.00  2319700.00  20.975876  105.827143  -11.3054  -13.5570
   694  6672  4547  596570.00  2319670.00  20.975080  105.929009  -11.0736  -12.8996
   695  4389  4559  573740.00  2319550.00  20.975052  105.709393   -7.4241  -12.6680
   696  4422  4607  574070.00  2319070.00  20.970702  105.712547  -10.0246   -9.6496
   697  6303  4631  592880.00  2318830.00  20.967681  105.893469   -3.8723  -11.9293
   698  4518  4631  575030.00  2318830.00  20.968495  105.721771  -10.3638  -12.8891
   699  6294  4670  592790.00  2318440.00  20.964162  105.892583   -8.2977  -14.0542
   700  2604  4679  555890.00  2318350.00  20.964838  105.537640   -9.4767  -14.8670
   701  2976  4685  559610.00  2318290.00  20.964179  105.573422   -8.0233  -16.3468
   702  4521  4721  575060.00  2317930.00  20.960362  105.722020   -7.1034  -11.5139
   703  2730  4745  557150.00  2317690.00  20.958836  105.549739   -5.6170  -13.5597
   704  5877  4748  588620.00  2317660.00  20.957321  105.852433  -10.6852  -13.8519
   705  2856  4748  558410.00  2317660.00  20.958526  105.561858   -8.0073  -14.5078
   706  4455  4766  574400.00  2317480.00  20.956323  105.715653   -7.9606  -12.7340
   707  4533  4769  575180.00  2317450.00  20.956020  105.723154  -11.4355  -14.3875
   708  2652  4793  556370.00  2317210.00  20.954523  105.542220   -6.6176  -14.4769
   709  2745  4793  557300.00  2317210.00  20.954495  105.551166   -7.5316   -8.6586
   710  6165  4814  591500.00  2317000.00  20.951217  105.880099   -6.2731  -16.7116
   711  2766  4820  557510.00  2316940.00  20.952048  105.553177   -7.1949  -17.4048
   712  4359  4856  573440.00  2316580.00  20.948230  105.706381  -11.8852  -15.0306
   713  2802  4865  557870.00  2316490.00  20.947971  105.556624  -10.5934  -13.5084
   714  2841  4877  558260.00  2316370.00  20.946875  105.560371   -6.6418  -16.9948
   715  2703  4883  556880.00  2316310.00  20.946376  105.547096   -6.0959  -13.7665
   716  2739  4889  557240.00  2316250.00  20.945823  105.550557   -7.8852  -14.7219
   717  3024  4928  560090.00  2315860.00  20.942208  105.577955   -7.2763  -16.1952
   718  3303  4961  562880.00  2315530.00  20.939133  105.604776   -6.8239  -16.2670
   719  3195  4961  561800.00  2315530.00  20.939170  105.594389   -7.7555  -13.1914
   720  2940  5030  559250.00  2314840.00  20.933019  105.569841  -12.6428  -15.1422
   721  2868  5036  558530.00  2314780.00  20.932500  105.562914   -8.3124  -17.8074
   722  2640  5057  556250.00  2314570.00  20.930674  105.540980  -10.6540  -14.5269
   723  2667  5069  556520.00  2314450.00  20.929581  105.543573   -6.3597  -17.4246
   724  2571  5075  555560.00  2314390.00  20.929068  105.534339   -6.6217  -11.6949
   725  2262  5087  552470.00  2314270.00  20.928074  105.504619  -12.5712  -15.4976
   726  2427  5096  554120.00  2314180.00  20.927214  105.520484  -13.8641  -21.7830
   727  2670  5099  556550.00  2314150.00  20.926870  105.543852  -10.9488  -16.5612
   728  5838  5102  588230.00  2314120.00  20.925356  105.848502   -8.6314  -15.4749
   729  2691  5114  556760.00  2314000.00  20.925508  105.545866   -7.8079  -13.8881
   730  2358  5129  553430.00  2313850.00  20.924252  105.513838   -6.4565  -11.8210
   731  2451  5141  554360.00  2313730.00  20.923141  105.522778  -14.4576  -14.8424
   732  2460  5153  554450.00  2313610.00  20.922054  105.523639  -10.5036  -12.4372
   733  2448  5159  554330.00  2313550.00  20.921515  105.522484   -5.1968  -12.0383
   734  2466  5165  554510.00  2313490.00  20.920968  105.524213  -16.0024  -19.8439
   736  4560  5333  575450.00  2311810.00  20.905052  105.725505   -4.9611  -13.6167
   737  2943  5342  559280.00  2311720.00  20.904828  105.570023  -11.5332  -13.7781
   738  2943  5378  559280.00  2311360.00  20.901576  105.570011   -9.8780  -15.9574
   739  3150  5447  561350.00  2310670.00  20.895274  105.589890  -10.8829  -14.9178
   740  3051  5465  560360.00  2310490.00  20.893680  105.580365  -12.8510  -13.5022
   741  4128  5486  571130.00  2310280.00  20.891400  105.683905  -10.4454  -12.0341
   742  4614  5495  575990.00  2310190.00  20.890393  105.730627   -6.7991  -13.5257
   743  5709  5513  586940.00  2310010.00  20.888285  105.835891   -8.9816  -13.4840
   744  4620  5519  576050.00  2309950.00  20.888222  105.731193   -7.3190  -12.8129
   745  2895  5519  558800.00  2309950.00  20.888851  105.565348   -6.5515  -10.7849
   746  6021  5552  590060.00  2309620.00  20.884612  105.865866   -9.2977  -12.3010
   747  3393  5663  563780.00  2308510.00  20.875675  105.613174   -8.9019  -13.2530
   748  3159  5720  561440.00  2307940.00  20.870604  105.590658  -13.9709  -18.5655
   749  3150  5738  561350.00  2307760.00  20.868981  105.589787   -5.4861  -12.1690
   750  3153  5738  561380.00  2307760.00  20.868980  105.590075   -3.1121   -8.2708
   751  4656  5744  576410.00  2307700.00  20.867879  105.734555   -9.1632  -13.5022
   752  2991  5747  559760.00  2307670.00  20.868220  105.574499   -5.6985  -17.6180
   753  3210  5765  561950.00  2307490.00  20.866521  105.595545   -7.1737  -15.2180
   754  4677  5777  576620.00  2307370.00  20.864888  105.736559   -8.0836  -11.3323
   755  3219  5786  562040.00  2307280.00  20.864621  105.596403  -11.3509  -13.0295
   756  3240  5786  562250.00  2307280.00  20.864614  105.598422  -12.7115  -16.9990
   757  4686  5786  576710.00  2307280.00  20.864072  105.737421  -12.4795  -16.3686
   758  3525  5813  565100.00  2307010.00  20.862076  105.625808  -10.4554  -10.3476
   759  6666  5888  596510.00  2306260.00  20.853930  105.927686   -6.0950  -11.4865
   760  3729  5888  567140.00  2306260.00  20.855227  105.645389   -7.9749  -15.0632
   761  3438  5975  564230.00  2305390.00  20.847470  105.617385   -7.6625  -13.0069
   762  4656  5981  576410.00  2305330.00  20.846466  105.734451   -8.6637  -14.4439
   763  4674  6026  576590.00  2304880.00  20.842392  105.736161   -9.7164  -14.9756
   764  3297  6026  562820.00  2304880.00  20.842910  105.603814   -7.1678  -12.8709
   765  3153  6041  561380.00  2304730.00  20.841603  105.589969   -8.9992  -11.5632
   766  3831  6182  568160.00  2303320.00  20.828626  105.655078  -14.9228  -21.5855
   767  3123  6188  561080.00  2303260.00  20.828331  105.587034   -4.4139  -13.6579
   768  3675  6242  566600.00  2302720.00  20.823262  105.640063  -12.1630  -13.6932
   769  3090  6260  560750.00  2302540.00  20.821836  105.583837   -5.9281  -14.8061
   770  3084  6269  560690.00  2302450.00  20.821025  105.583257   -6.0463  -11.4707
   771  2943  6275  559280.00  2302390.00  20.820528  105.569705   -9.2873  -12.1864
   772  2970  6284  559550.00  2302300.00  20.819707  105.572297  -10.7660  -17.6817
   773  2916  6284  559010.00  2302300.00  20.819724  105.567107   -9.1219  -19.0070
   774  3045  6293  560300.00  2302210.00  20.818869  105.579501   -0.3069   -8.3475
   775  2940  6293  559250.00  2302210.00  20.818903  105.569411  -13.2800  -14.8550
   776  2886  6311  558710.00  2302030.00  20.817294  105.564215   -9.2580  -15.9504
   777  2892  6320  558770.00  2301940.00  20.816479  105.564789   -6.7441  -10.2690
   778  2901  6320  558860.00  2301940.00  20.816476  105.565654   -3.6456  -12.4688
   779  2892  6323  558770.00  2301910.00  20.816208  105.564788   -7.7321  -11.0405
   780  3648  6332  566330.00  2301820.00  20.815140  105.637434   -7.0274  -16.7900
   781  2877  6332  558620.00  2301820.00  20.815399  105.563343   -1.3966  -10.4916
   782  3027  6332  560120.00  2301820.00  20.815351  105.577758   -7.5545  -14.9379
   783  5967  6335  589520.00  2301790.00  20.813896  105.860273  -10.8111  -15.7660
   784  2898  6350  558830.00  2301640.00  20.813766  105.565355  -10.9230  -17.0048
   785  3048  6362  560330.00  2301520.00  20.812634  105.579766   -7.2085  -15.9638
   786  3012  6392  559970.00  2301220.00  20.809935  105.576296  -11.4874  -15.2819
   787  2862  6401  558470.00  2301130.00  20.809170  105.561879   -7.5706  -13.9165
   788  5172  6458  581570.00  2300560.00  20.803149  105.783823  -10.2968  -13.5482
   790  3810  6662  567950.00  2298520.00  20.785265  105.652873   -0.7141   -5.7277
   792  3798  6827  567830.00  2296870.00  20.770361  105.651656   -7.4972  -14.1779
   793  3852  6845  568370.00  2296690.00  20.768715  105.656837  -12.6069  -14.3313
   795  3795  6860  567800.00  2296540.00  20.767380  105.651355  -11.0446  -17.1098
   796  4470  6866  574550.00  2296480.00  20.766580  105.716196  -11.1287  -14.4081
   797  3825  6896  568100.00  2296180.00  20.764117  105.654223   -7.6002  -14.3494
   799  3801  6929  567860.00  2295850.00  20.761144  105.651905  -13.7837  -20.8509
   800  3855  6947  568400.00  2295670.00  20.759498  105.657085   -9.5807  -16.3041
   801  3834  6956  568190.00  2295580.00  20.758692  105.655064   -4.9276  -11.1633
   802  3822  6965  568070.00  2295490.00  20.757884  105.653908   -2.3115  -13.1063
   804  3837  6974  568220.00  2295400.00  20.757065  105.655346  -13.8932  -13.3123
   805  3861  7001  568460.00  2295130.00  20.754617  105.657640   -8.6103  -12.8682
   808  3945  7037  569300.00  2294770.00  20.751333  105.665695   -7.4471   -9.7854
   809  3921  7040  569060.00  2294740.00  20.751071  105.663388  -21.8599  -28.1866
   810  3909  7046  568940.00  2294680.00  20.750533  105.662233  -17.7410  -17.8332
   814  3897  7064  568820.00  2294500.00  20.748911  105.661074  -15.0932  -21.7768
   815  3894  7079  568790.00  2294350.00  20.747557  105.660780  -14.1295  -15.3643
   818  3849  7103  568340.00  2294110.00  20.745405  105.656448   -7.1657  -10.7048
   820  3870  7109  568550.00  2294050.00  20.744855  105.658463   -7.4189   -8.5714
   822  6078  7133  590630.00  2293810.00  20.741744  105.870525  -10.2552  -12.3030
   823  4578  7190  575630.00  2293240.00  20.737263  105.726431   -9.2327  -18.3142
   827  3984  7253  569690.00  2292610.00  20.731802  105.669355   -4.3356   -8.7295
   828  3942  7319  569270.00  2291950.00  20.725854  105.665295   -5.2481  -13.0160
   829  4635  7349  576200.00  2291650.00  20.722874  105.731837   -8.0984  -15.5875
   830  3996  7361  569810.00  2291530.00  20.722039  105.670465  -15.7094  -19.8362
   831  3915  7361  569000.00  2291530.00  20.722069  105.662686   -8.0296  -15.5985
   832  4038  7400  570230.00  2291140.00  20.718500  105.674483  -18.5655  -28.5847
   833  4014  7400  569990.00  2291140.00  20.718509  105.672178  -10.3515  -13.7147
   834  4014  7424  569990.00  2290900.00  20.716340  105.672168   -9.7998  -14.5617
   835  3999  7439  569840.00  2290750.00  20.714991  105.670722   -8.9198  -17.0382
   836  4056  7448  570410.00  2290660.00  20.714156  105.676192   -6.9856  -13.1656
   837  4077  7448  570620.00  2290660.00  20.714148  105.678209   -5.7142   -9.7404
   838  4047  7451  570320.00  2290630.00  20.713888  105.675327   -8.8241  -15.8604
   839  4104  7499  570890.00  2290150.00  20.709530  105.680781   -9.2126  -14.1489
   840  4125  7520  571100.00  2289940.00  20.707625  105.682789   -6.7267  -16.8061
   841  4188  7541  571730.00  2289730.00  20.705703  105.688830  -13.5035  -16.7405
   842  4191  7547  571760.00  2289670.00  20.705160  105.689116  -11.6412  -18.5720
   843  4200  7547  571850.00  2289670.00  20.705156  105.689980  -17.6545  -23.0888
   844  4059  7550  570440.00  2289640.00  20.704939  105.676439    1.3270   -8.1508
   845  4125  7559  571100.00  2289550.00  20.704101  105.682773   -7.1903  -14.3377
   846  4089  7562  570740.00  2289520.00  20.703843  105.679315   -2.5460  -10.1850
   847  4119  7583  571040.00  2289310.00  20.701935  105.682187  -12.4849  -19.7407
   848  4185  7592  571700.00  2289220.00  20.701096  105.688521   -6.0895  -16.6427
   849  4125  7613  571100.00  2289010.00  20.699222  105.682751  -10.9909  -13.7932
   850  4140  7649  571250.00  2288650.00  20.695963  105.684177   -2.1054   -4.5904
   851  4770  7667  577550.00  2288470.00  20.694086  105.744661   -4.7480  -15.0702
   853  4188  7703  571730.00  2288110.00  20.691066  105.688764   -6.0753  -11.9044
   854  4095  8057  570800.00  2284570.00  20.659116  105.679692   -5.0214  -10.7796
   855  4107  8078  570920.00  2284360.00  20.657214  105.680836   -8.0004  -16.9341
   856  4200  8096  571850.00  2284180.00  20.655552  105.689756   -1.1188  -10.6011
   857  4203  8096  571880.00  2284180.00  20.655551  105.690044   -7.6738  -13.6928
   858  4194  8096  571790.00  2284180.00  20.655555  105.689180   -6.1958  -12.8196
   859  4134  8102  571190.00  2284120.00  20.655035  105.683418   -8.2795  -17.0567
   860  4179  8102  571640.00  2284120.00  20.655018  105.687738  -16.7240  -21.7340
   861  4563  8147  575480.00  2283670.00  20.650802  105.724580   -5.7983  -11.1906
   862  4476  8150  574610.00  2283640.00  20.650565  105.716227  -10.9122  -21.2502
   863  4554  8153  575390.00  2283610.00  20.650263  105.723713   -7.7929  -15.3422
   864  4647  8183  576320.00  2283310.00  20.647515  105.732627   -6.0571  -13.8297
   865  4569  8183  575540.00  2283310.00  20.647546  105.725140   -2.1928   -9.9530
   866  4509  8198  574940.00  2283160.00  20.646215  105.719375   -2.8809   -7.9481
   867  4623  8201  576080.00  2283130.00  20.645898  105.730316   -2.1872   -8.7747
   868  4536  8210  575210.00  2283040.00  20.645120  105.721961   -8.6690  -16.1902
   869  4389  8210  573740.00  2283040.00  20.645179  105.707851    0.0041   -4.3494
   870  4548  8216  575330.00  2282980.00  20.644573  105.723111    1.1101   -4.3030
   871  4629  8225  576140.00  2282890.00  20.643727  105.730882   -8.1211  -17.1756
   872  4572  8234  575570.00  2282800.00  20.642937  105.725406  -15.6450  -16.0129
   873  4653  8243  576380.00  2282710.00  20.642091  105.733177   -5.9960  -13.5802
   874  4677  8252  576620.00  2282620.00  20.641268  105.735477  -14.6013  -17.7658
   875  4584  8273  575690.00  2282410.00  20.639409  105.726542  -10.1764  -13.8592
   876  4563  8276  575480.00  2282380.00  20.639146  105.724525  -14.0006  -18.1437
   877  4542  8291  575270.00  2282230.00  20.637799  105.722503   -3.2702   -9.0875
   878  4497  8297  574820.00  2282170.00  20.637275  105.718181  -23.8126  -28.8310
   879  4455  8303  574400.00  2282110.00  20.636750  105.714147  -11.2399  -14.4526
   880  4512  8315  574970.00  2281990.00  20.635643  105.719613  -20.8548  -21.6010
   881  4695  8318  576800.00  2281960.00  20.635298  105.737176   -0.8319   -7.9434
   882  4695  8321  576800.00  2281930.00  20.635026  105.737175   -3.2946  -11.6365
   883  4545  8324  575300.00  2281900.00  20.634816  105.722776   -1.5106   -7.9017
   884  4497  8327  574820.00  2281870.00  20.634564  105.718168   -7.0042  -13.8439
   885  4650  8345  576350.00  2281690.00  20.632876  105.732845   -6.3152  -12.4072
   886  4629  8348  576140.00  2281660.00  20.632614  105.730828  -13.7822  -18.2046
   887  4653  8351  576380.00  2281630.00  20.632333  105.733131   -9.6400  -15.6281
   888  4608  8351  575930.00  2281630.00  20.632351  105.728812   -4.9087  -10.8633
   889  4512  8357  574970.00  2281570.00  20.631848  105.719595  -12.9025  -18.7233
   890  4509  8363  574940.00  2281510.00  20.631307  105.719305  -13.9084  -21.1752
   891  4686  8366  576710.00  2281480.00  20.630964  105.736291  -13.0105  -17.5024
   892  4713  8369  576980.00  2281450.00  20.630682  105.738882  -11.4858  -21.3691
   893  4662  8372  576470.00  2281420.00  20.630432  105.733985   -9.5580  -13.6777
   894  4446  8384  574310.00  2281300.00  20.629435  105.713249   -6.3174  -11.9950
   895  4512  8384  574970.00  2281300.00  20.629408  105.719584    2.1362  -10.7490
   896  4779  8390  577640.00  2281240.00  20.628758  105.745207   -4.1054  -12.0896
   897  4803  8393  577880.00  2281210.00  20.628477  105.747509   -2.5600  -12.8547
   898  4590  8402  575750.00  2281120.00  20.627751  105.727062   -1.0707   -4.7700
   899  4584  8405  575690.00  2281090.00  20.627482  105.726485   -2.1235   -9.2231
   900  3987  8411  569720.00  2281030.00  20.627171  105.669185   -8.3117  -17.5406
   901  4521  8414  575060.00  2281000.00  20.626694  105.720435   -7.0293   -9.9662
   902  4824  8420  578090.00  2280940.00  20.626028  105.749512    1.6590   -3.9672
   903  4548  8423  575330.00  2280910.00  20.625870  105.723022    1.9507   -6.4759
   904  4530  8423  575150.00  2280910.00  20.625877  105.721295   -3.7552   -4.5695
   905  4380  8426  573650.00  2280880.00  20.625666  105.706897   -5.3045  -12.0902
   906  5307  8426  582920.00  2280880.00  20.625279  105.795865   -7.2524  -14.6969
   907  4557  8435  575420.00  2280790.00  20.624782  105.723881    2.2599   -7.0294
   908  4638  8438  576230.00  2280760.00  20.624478  105.731653   -1.7365   -5.5402
   909  4560  8438  575450.00  2280760.00  20.624510  105.724167   -1.1943   -7.4456
   910  4497  8444  574820.00  2280700.00  20.623993  105.718119  -12.4781  -14.1393
   911  4497  8447  574820.00  2280670.00  20.623722  105.718117   -6.9369  -11.3958
   912  4608  8450  575930.00  2280640.00  20.623406  105.728769   -5.1134  -12.0130
   913  4533  8456  575180.00  2280580.00  20.622894  105.721568   -9.9455  -15.0010
   914  4845  8459  578300.00  2280550.00  20.622496  105.751511   -6.6698   -9.1865
   915  4629  8462  576140.00  2280520.00  20.622314  105.730779   -1.1843   -8.6256
   916  4689  8480  576740.00  2280340.00  20.620663  105.736530   -8.2384  -10.9144
   917  4461  8480  574460.00  2280340.00  20.620755  105.714648  -13.1866  -17.8554
   918  4569  8480  575540.00  2280340.00  20.620712  105.725013  -11.0905  -19.3577
   919  4419  8492  574040.00  2280220.00  20.619687  105.710612  -13.2125  -15.1955
   920  4776  8492  577610.00  2280220.00  20.619543  105.744874    1.6766   -6.0811
   921  4548  8498  575330.00  2280160.00  20.619094  105.722990  -17.2109  -22.8486
   922  4677  8510  576620.00  2280040.00  20.617957  105.735365   -5.8353  -19.5152
   923  4923  8510  579080.00  2280040.00  20.617855  105.758974  -15.2735  -21.6010
   924  4602  8522  575870.00  2279920.00  20.616903  105.728162  -10.7175  -15.8600
   925  4635  8528  576200.00  2279860.00  20.616348  105.731327   -3.9632   -9.4204
   926  4536  8534  575210.00  2279800.00  20.615846  105.721823  -13.9878  -19.8216
   927  4764  8546  577490.00  2279680.00  20.614669  105.743699   -9.5651  -16.5105
   928  4590  8546  575750.00  2279680.00  20.614740  105.727000   -8.8662  -16.6165
   929  4794  8549  577790.00  2279650.00  20.614385  105.746576   -3.6904   -9.7944
   930  4677  8558  576620.00  2279560.00  20.613620  105.735344   -8.6452  -17.3615
   931  4752  8561  577370.00  2279530.00  20.613318  105.742541   -6.9925  -11.6102
   932  4518  8564  575030.00  2279500.00  20.613142  105.720083   -3.7267   -8.2113
   933  4845  8576  578300.00  2279380.00  20.611925  105.751459  -15.6673  -19.0533
   934  4755  8591  577400.00  2279230.00  20.610607  105.742815  -13.7560  -18.3262
   935  4761  8603  577460.00  2279110.00  20.609520  105.743386   -4.0563   -9.6508
   936  4551  8606  575360.00  2279080.00  20.609334  105.723232   -5.0368  -11.4718
   937  4596  8609  575810.00  2279050.00  20.609045  105.727549   -6.4719  -14.3043
   938  4869  8612  578540.00  2279020.00  20.608662  105.753746   -1.3704   -6.8341
   939  4497  8612  574820.00  2279020.00  20.608814  105.718047   -8.4201  -11.8531
   940  4740  8615  577250.00  2278990.00  20.608444  105.741365  -10.2101  -18.1948
   941  4581  8618  575660.00  2278960.00  20.608238  105.726106   -5.9260  -12.6655
   942  4632  8618  576170.00  2278960.00  20.608217  105.731000   -8.8753  -15.8209
   943  4578  8621  575630.00  2278930.00  20.607968  105.725817   -6.2778  -13.0589
   944  5034  8654  580190.00  2278600.00  20.604797  105.769561  -19.6080  -25.0841
   945  4803  8660  577880.00  2278540.00  20.604352  105.747391  -17.1896  -21.8351
   946  4905  8672  578900.00  2278420.00  20.603226  105.757174  -22.9908  -22.6633
   947  4893  8681  578780.00  2278330.00  20.602417  105.756018  -10.0121  -13.8985
   948  4893  8687  578780.00  2278270.00  20.601875  105.756016   -5.2864  -14.3737
   949  4701  8699  576860.00  2278150.00  20.600871  105.737586  -12.0781  -21.8119
   950  4878  8711  578630.00  2278030.00  20.599713  105.754566   -7.7639  -14.2202
   951  5100  8714  580850.00  2278000.00  20.599348  105.775867   -5.9086  -14.1190
   952  5142  8717  581270.00  2277970.00  20.599059  105.779896  -15.9569  -19.0962
   953  4953  8717  579380.00  2277970.00  20.599139  105.761760   -6.6200  -16.8410
   954  4851  8720  578360.00  2277940.00  20.598911  105.751971  -11.0952  -15.1497
   955  4497  8735  574820.00  2277790.00  20.597700  105.717995   -0.9080   -8.2738
   956  4881  8741  578660.00  2277730.00  20.597001  105.754840   -3.9187   -8.1226
   957  4896  8744  578810.00  2277700.00  20.596724  105.756278    0.5106   -4.2760
   959  4851  8768  578360.00  2277460.00  20.594574  105.751949  -13.8772  -16.1971
   960  4845  8777  578300.00  2277370.00  20.593764  105.751370   -9.4293  -18.2893
   961  4926  8780  579110.00  2277340.00  20.593459  105.759141  -21.5923  -25.2589
   962  5325  8810  583100.00  2277040.00  20.590576  105.797412   -6.0241   -8.7086
   963  5109  8825  580940.00  2276890.00  20.589315  105.776680  -14.7742  -17.1057
   964  5301  8825  582860.00  2276890.00  20.589231  105.795102   -7.8361  -11.8782
   965  4935  8834  579200.00  2276800.00  20.588576  105.759980   -1.9308   -9.9930
   966  5319  8837  583040.00  2276770.00  20.588139  105.796824   -5.1592  -14.2779
   968  5325  8846  583100.00  2276680.00  20.587323  105.797395  -10.7402  -11.9811
   969  5346  8846  583310.00  2276680.00  20.587314  105.799410  -15.9838  -26.4338
   970  5208  8873  581930.00  2276410.00  20.584935  105.786157   -6.4660  -19.9408
   971  5325  8894  583100.00  2276200.00  20.582986  105.797373  -11.9973  -16.6211
   972  4983  8897  579680.00  2276170.00  20.582863  105.764557  -14.4474  -16.6823
   973  4956  8912  579410.00  2276020.00  20.581519  105.761960    1.4634   -4.2088
   974  5160  8912  581450.00  2276020.00  20.581432  105.781533   -2.7278  -11.4647
   975  5025  8915  580100.00  2275990.00  20.581219  105.768579  -15.1616  -19.8458
   976  5208  8924  581930.00  2275900.00  20.580327  105.786133   -9.2043  -18.7779
   977  5226  8927  582110.00  2275870.00  20.580048  105.787859  -11.7733  -16.7426
   978  5013  8936  579980.00  2275780.00  20.579327  105.767418   -9.9762  -16.8649
   979  5142  8942  581270.00  2275720.00  20.578729  105.779792    0.0212  -10.1977
   980  4977  8948  579620.00  2275660.00  20.578258  105.763959  -12.2513  -15.7823
   981  5238  8963  582230.00  2275510.00  20.576790  105.788993  -11.0105  -15.0842
   982  5061  8981  580460.00  2275330.00  20.575240  105.772003  -13.4956  -18.4462
   983  5250  8987  582350.00  2275270.00  20.574616  105.790133   -9.4828  -16.2969
   984  5100  8990  580850.00  2275240.00  20.574410  105.775741    1.0295  -11.0687
   985  5184  8993  581690.00  2275210.00  20.574103  105.783798   -2.4632  -12.1579
   986  5121  9002  581060.00  2275120.00  20.573317  105.777750   -6.3428  -14.2970
   987  5196  9014  581810.00  2275000.00  20.572201  105.784940   -6.8074  -13.9008
   988  5160  9023  581450.00  2274910.00  20.571403  105.781482  -12.1805  -14.9717
   989  5205  9032  581900.00  2274820.00  20.570570  105.785795   -2.1989  -12.9118
   990  5280  9035  582650.00  2274790.00  20.570266  105.792989   -6.5521  -12.8560
   991  5226  9044  582110.00  2274700.00  20.569477  105.787804  -10.3563  -21.3149
   992  5127  9050  581120.00  2274640.00  20.568978  105.778304  -15.6835  -22.3798
   994  5046  9059  580310.00  2274550.00  20.568199  105.770529   -8.3170  -11.4801
   995  5049  9083  580340.00  2274310.00  20.566030  105.770805  -17.4317  -18.7275
