; ENVI Output of ROIs (5.2) [Tue Nov 26 22:21:46 2019]
; Number of ROIs: 1
; File Dimension: 7647 x 9116
;
; ROI name: EVF: Layer: forest.shp
; ROI rgb value: {255, 0, 0}
; ROI npts: 997
;   ID     X     Y      Map X       Map Y        Lat         Lon        B1        B2
     1  5310   224  582950.00  2362900.00  21.366309  105.800092   -6.0926  -11.2778
     2  5184   272  581690.00  2362420.00  21.362030  105.787916  -12.1212  -18.2730
     3  5217   308  582020.00  2362060.00  21.358763  105.791081  -10.5092  -18.8177
     4  5340   317  583250.00  2361970.00  21.357894  105.802939   -8.7513  -15.4148
     5  5232   353  582170.00  2361610.00  21.354691  105.792506  -13.8490  -20.6390
     7  5169   359  581540.00  2361550.00  21.354177  105.786427  -10.0728  -14.8705
     8  5151   371  581360.00  2361430.00  21.353101  105.784686   -5.2941  -17.6460
    10  5157   404  581420.00  2361100.00  21.350117  105.785248   -3.9412  -13.1916
    11  5322   419  583070.00  2360950.00  21.348687  105.801153  -10.9927  -16.6991
    12  5238   422  582230.00  2360920.00  21.348454  105.793051  -10.5234  -18.4120
    13  5166   425  581510.00  2360890.00  21.348216  105.786106   -7.4126  -11.7055
    14  5175   443  581600.00  2360710.00  21.346586  105.786966   -5.2847  -17.3503
    15  5253   443  582380.00  2360710.00  21.346550  105.794487  -11.1688  -16.2385
    16  5205   446  581900.00  2360680.00  21.346301  105.789857   -9.8984  -13.8223
    17  5319   452  583040.00  2360620.00  21.345707  105.800848   -8.2620  -19.3264
    18  5334   464  583190.00  2360500.00  21.344616  105.802288   -7.7997  -17.6249
    19  5169   464  581540.00  2360500.00  21.344691  105.786377   -9.0714  -12.5496
    20  5274   467  582590.00  2360470.00  21.344372  105.796501   -6.6046  -12.4125
    21  5211   473  581960.00  2360410.00  21.343859  105.790423   -8.4458  -14.7651
    22  5262   488  582470.00  2360260.00  21.342481  105.795333   -2.9895  -10.8907
    23  5295   491  582800.00  2360230.00  21.342195  105.798514  -13.0687  -20.9040
    24  5190   503  581750.00  2360110.00  21.341158  105.788383  -11.3199  -15.7635
    25  5121   506  581060.00  2360080.00  21.340918  105.781728  -11.2067  -18.7924
    26  5208   506  581930.00  2360080.00  21.340879  105.790117   -7.6809  -13.3435
    27  5712   506  586970.00  2360080.00  21.340643  105.838718  -12.0589  -14.1780
    28  5274   521  582590.00  2359930.00  21.339494  105.796475   -6.4870  -10.6039
    29  5895   521  588800.00  2359930.00  21.339199  105.856357   -7.0197  -12.2320
    31  5856   551  588410.00  2359630.00  21.336508  105.852581  -11.3342  -20.5387
    32  5229   578  582140.00  2359360.00  21.334365  105.792108   -9.0570  -13.1073
    34  5298   581  582830.00  2359330.00  21.334062  105.798760  -19.1977  -15.9924
    35  5088   587  580730.00  2359270.00  21.333615  105.778507   -7.0246  -15.6901
    36  5157   587  581420.00  2359270.00  21.333584  105.785160   -4.3598  -11.0270
    37  5859   593  588440.00  2359210.00  21.332712  105.852848  -11.0300  -17.5266
    38  5214   611  581990.00  2359030.00  21.331390  105.790645   -4.5880   -8.2975
    39  5049   632  580340.00  2358820.00  21.329567  105.774725   -7.4230  -11.5238
    41  5310   644  582950.00  2358700.00  21.328365  105.799886   -9.7358  -19.9226
    42  5289   650  582740.00  2358640.00  21.327833  105.797858   -4.3384   -8.6571
    43  5034   650  580190.00  2358640.00  21.327947  105.773270  -13.5022  -18.0665
    44  5727   659  587120.00  2358550.00  21.326814  105.840086   -7.0512  -12.7845
    45  5133   662  581180.00  2358520.00  21.326819  105.782810  -11.0180  -16.6591
    46  5391   671  583760.00  2358430.00  21.325888  105.807683   -8.3581  -11.6496
    47  5757   677  587420.00  2358370.00  21.325173  105.842969   -6.2017  -15.0059
    48  5226   680  582110.00  2358340.00  21.325151  105.791769   -2.9635   -8.9109
    49  5259   689  582440.00  2358250.00  21.324323  105.794946   -6.2789   -9.8774
    50  5373   698  583580.00  2358160.00  21.323457  105.805934  -16.0596  -18.6698
    51  5139   701  581240.00  2358130.00  21.323293  105.783370  -11.5317  -13.5056
    52  5358   701  583430.00  2358130.00  21.323193  105.804486   -5.5211   -9.2392
    53  5472   704  584570.00  2358100.00  21.322869  105.815476  -12.9280  -14.6807
    54  5385   704  583700.00  2358100.00  21.322910  105.807088  -13.8244  -17.9814
    55  5232   716  582170.00  2357980.00  21.321896  105.792330  -10.4455  -12.4343
    56  5190   734  581750.00  2357800.00  21.320289  105.788272  -13.7365  -16.9621
    57  5259   734  582440.00  2357800.00  21.320257  105.794924   -8.6043  -16.0713
    58  5343   737  583280.00  2357770.00  21.319948  105.803022  -13.6198  -24.8006
    59  5142   749  581270.00  2357650.00  21.318955  105.783636   -4.0341  -13.2910
    60  5475   752  584600.00  2357620.00  21.318531  105.815742  -10.6648  -17.6865
    61  5220   758  582050.00  2357560.00  21.318107  105.791153   -5.4948  -11.9559
    62  5013   761  579980.00  2357530.00  21.317928  105.771193  -13.0484  -17.1492
    63  5340   761  583250.00  2357530.00  21.317781  105.802721   -7.3646  -14.1607
    64  5181   770  581660.00  2357440.00  21.317040  105.787387  -14.3225  -19.9303
    65  5364   773  583490.00  2357410.00  21.316686  105.805029   -7.6387  -13.6324
    66  5517   779  585020.00  2357350.00  21.316072  105.819778   -9.3369  -14.2628
    67  5070   779  580550.00  2357350.00  21.316277  105.776680   -5.9306   -9.1428
    68  5136   779  581210.00  2357350.00  21.316247  105.783043   -9.6857  -12.7027
    69  5118   782  581030.00  2357320.00  21.315984  105.781307   -5.3672  -10.1454
    70  5148   806  581330.00  2357080.00  21.313803  105.784188   -8.9301  -13.6896
    71  5310   812  582950.00  2357020.00  21.313187  105.799804   -8.6473  -12.0541
    73  4929   818  579140.00  2356960.00  21.312816  105.763067  -10.2290  -14.1021
    74  5199   839  581840.00  2356750.00  21.310798  105.789089  -14.0664  -17.4300
    76  5325   857  583100.00  2356570.00  21.309115  105.801228   -5.3805   -9.7481
    77  5223   860  582080.00  2356540.00  21.308890  105.791392  -11.7777  -17.7350
    78  5193   869  581780.00  2356450.00  21.308091  105.788496   -6.5577  -12.9641
    79  5340   869  583250.00  2356450.00  21.308024  105.802668  -13.2177  -17.7978
    80  4914   878  578990.00  2356360.00  21.307402  105.761593  -13.0580  -19.8795
    81  5355   881  583400.00  2356330.00  21.306933  105.804108   -9.0754  -14.0752
    82  5691   881  586760.00  2356330.00  21.306775  105.836501   -9.5751  -14.5224
    83  5262   881  582470.00  2356330.00  21.306975  105.795142  -12.6044  -15.4424
    84  5223   884  582080.00  2356300.00  21.306722  105.791381  -14.9198  -18.3141
    85  5133   884  581180.00  2356300.00  21.306763  105.782704   -9.0456  -14.2359
    86  5571   887  585560.00  2356270.00  21.306290  105.824929  -11.1088  -16.2469
    87  5535   896  585200.00  2356180.00  21.305494  105.821454   -7.2334  -13.6707
    88  5412   896  583970.00  2356180.00  21.305551  105.809596   -6.3856  -10.3910
    89  5166   899  581510.00  2356150.00  21.305393  105.785878   -1.3945   -8.9410
    90  5340   899  583250.00  2356150.00  21.305313  105.802653  -15.1375  -18.6874
    91  5682   899  586670.00  2356150.00  21.305153  105.835625   -7.4873   -7.3293
    92  5250   905  582350.00  2356090.00  21.304813  105.793974  -14.4714  -18.8849
    93  5688   908  586730.00  2356060.00  21.304337  105.836198  -13.1043  -19.4489
    94  5007   911  579920.00  2356030.00  21.304379  105.770544  -10.7865  -17.0850
    95  5673   923  586580.00  2355910.00  21.302989  105.834745  -10.5555  -15.7751
    96  5643   926  586280.00  2355880.00  21.302732  105.831851  -11.1849  -13.5380
    97  5235   926  582200.00  2355880.00  21.302922  105.792517  -13.8189  -14.8277
    98  5160   932  581450.00  2355820.00  21.302414  105.785284   -5.2078   -9.4613
    99  5586   935  585710.00  2355790.00  21.301946  105.826351  -13.7893  -15.2554
   100  5118   935  581030.00  2355790.00  21.302162  105.781233   -4.2246  -13.4190
   101  5271   938  582560.00  2355760.00  21.301822  105.795982  -12.6894  -15.5181
   102  5412   941  583970.00  2355730.00  21.301486  105.809574   -5.4333  -14.5273
   103  5178   941  581630.00  2355730.00  21.301593  105.787015   -6.4493   -9.5161
   104  5148   956  581330.00  2355580.00  21.300251  105.784116   -4.2665  -14.1170
   105  5592   959  585770.00  2355550.00  21.299775  105.826918   -5.6580   -7.1707
   106  5136   971  581210.00  2355430.00  21.298901  105.782952   -8.6845  -10.8544
   107  5598   980  585830.00  2355340.00  21.297875  105.827485   -7.0912  -11.3468
   108  5100   986  580850.00  2355280.00  21.297562  105.779474  -14.4594  -18.3753
   109  5691   986  586760.00  2355280.00  21.297289  105.836448  -15.2180  -20.6621
   110  5538   989  585230.00  2355250.00  21.297090  105.821697   -6.7632  -16.7897
   111  5187   995  581720.00  2355190.00  21.296710  105.787857   -6.9159   -9.2379
   112  5049   998  580340.00  2355160.00  21.296501  105.774552   -8.0756  -19.2967
   113  5628  1001  586130.00  2355130.00  21.295964  105.830367  -12.6564  -19.4837
   114  5166  1004  581510.00  2355100.00  21.295906  105.785828   -9.9484  -14.5120
   116  5622  1034  586070.00  2354800.00  21.292985  105.829772  -11.1270  -17.1123
   117  5571  1046  585560.00  2354680.00  21.291925  105.824849  -14.7049  -16.7847
   118  5682  1052  586670.00  2354620.00  21.291330  105.835546   -5.7215  -12.3102
   119  5343  1061  583280.00  2354530.00  21.290676  105.802863  -12.4407  -14.5146
   120  5556  1094  585410.00  2354200.00  21.287596  105.823379  -10.2733  -17.1807
   121  5265  1115  582500.00  2353990.00  21.285833  105.795318   -6.7113  -13.5406
   122  5214  1115  581990.00  2353990.00  21.285856  105.790402   -6.8931  -15.0963
   123  5394  1121  583790.00  2353930.00  21.285232  105.807750  -16.5309  -18.5095
   124  5610  1127  585950.00  2353870.00  21.284589  105.828568   -8.3195  -15.7840
   125  5436  1136  584210.00  2353780.00  21.283857  105.811791   -9.8903  -20.3294
   126  5616  1154  586010.00  2353600.00  21.282147  105.829132  -13.1778  -18.6542
   127  5586  1157  585710.00  2353570.00  21.281890  105.826239   -9.8552  -17.3140
   128  5670  1157  586550.00  2353570.00  21.281850  105.834336  -14.3915  -12.9639
   129  5430  1166  584150.00  2353480.00  21.281150  105.811198  -16.6344  -22.3512
   130  5508  1169  584930.00  2353450.00  21.280842  105.818715  -11.1256  -14.7842
   131  5550  1169  585350.00  2353450.00  21.280823  105.822763   -8.6701  -13.3577
   132  5517  1178  585020.00  2353360.00  21.280025  105.819578   -7.0644  -14.9689
   133  5616  1178  586010.00  2353360.00  21.279978  105.829120  -12.3083  -23.1607
   134  5457  1196  584420.00  2353180.00  21.278427  105.813785  -10.3831  -12.1349
   135  5655  1205  586400.00  2353090.00  21.277521  105.832866  -10.6879  -16.6774
   136  5634  1208  586190.00  2353060.00  21.277260  105.830840  -14.6400  -18.2338
   137  5628  1211  586130.00  2353030.00  21.276991  105.830260   -9.0693  -19.4736
   138  5022  1214  580070.00  2353000.00  21.276998  105.771847  -10.0335  -13.4977
   139  5361  1214  583460.00  2353000.00  21.276845  105.804523   -4.4977  -13.8082
   140  5460  1238  584450.00  2352760.00  21.274631  105.814054  -16.8192  -21.1028
   141  5433  1253  584180.00  2352610.00  21.273289  105.811444  -12.7681  -19.6259
   142  5349  1256  583340.00  2352580.00  21.273056  105.803346  -11.8889   -9.0425
   143  5427  1262  584120.00  2352520.00  21.272478  105.810861  -16.7653  -16.0066
   144  5379  1280  583640.00  2352340.00  21.270874  105.806225   -9.4141  -13.5115
   145  5436  1301  584210.00  2352130.00  21.268951  105.811709  -13.4451  -18.3093
   146  5547  1313  585320.00  2352010.00  21.267815  105.822402  -13.4169  -11.8098
   147  5652  1322  586370.00  2351920.00  21.266952  105.832517  -12.4484  -17.4242
   148  4731  1340  577160.00  2351740.00  21.265741  105.743740   -7.1378  -14.9929
   149  5667  1340  586520.00  2351740.00  21.265318  105.833954  -12.0169  -19.0210
   150  5457  1358  584420.00  2351560.00  21.263791  105.813705  -11.1572  -16.9218
   151  5457  1394  584420.00  2351200.00  21.260539  105.813687  -11.3129  -13.8840
   152  5634  1406  586190.00  2351080.00  21.259371  105.830740  -10.8968  -14.0597
   153  5985  1415  589700.00  2350990.00  21.258388  105.864563  -13.6826  -13.9162
   154  4617  1511  576020.00  2350030.00  21.250340  105.732676   -3.6470  -11.0165
   155  1128  1544  541130.00  2349700.00  21.248484  105.396409   -9.1658  -14.7055
   156  6081  1592  590660.00  2349220.00  21.242350  105.873721   -7.4302  -15.639
   158   744  1721  537290.00  2347930.00  21.232575  105.359361   -8.9142  -13.6868
   159   876  1748  538610.00  2347660.00  21.230107  105.372076   -7.8147  -16.2694
   160  5790  1757  587750.00  2347570.00  21.227586  105.845594   -8.4110  -17.0370
   161   684  1826  536690.00  2346880.00  21.223100  105.353556   -6.0295  -14.0074
   162  4977  1958  579620.00  2345560.00  21.209801  105.767161   -8.7305  -14.9710
   163   984  2003  539690.00  2345110.00  21.207044  105.382424  -10.8796  -18.4098
   164  5397  2021  583820.00  2344930.00  21.203920  105.807596   -8.3762  -14.2674
   165  4341  2069  573260.00  2344450.00  21.200039  105.705837   -7.2181  -15.6169
   166   738  2108  537230.00  2344060.00  21.197609  105.358698  -11.4059  -16.7916
   167   903  2129  538880.00  2343850.00  21.195677  105.374591   -7.5348  -13.2071
   168  1131  2165  541160.00  2343490.00  21.192375  105.396548   -7.7518  -14.1030
   169   825  2165  538100.00  2343490.00  21.192441  105.367068   -8.8281  -13.8241
   170  5700  2189  586850.00  2343250.00  21.188600  105.836702  -10.0373  -12.7037
   171   837  2201  538220.00  2343130.00  21.189186  105.368216   -6.0719  -12.0499
   172  5280  2216  582650.00  2342980.00  21.186356  105.796229   -8.3982  -14.0266
   173  6345  2309  593300.00  2342050.00  21.177440  105.898769  -10.4423  -15.6900
   174  1005  2321  539900.00  2341930.00  21.178308  105.384373   -5.9196  -17.4273
   175  1002  2330  539870.00  2341840.00  21.177495  105.384082   -7.5758  -11.6920
   176   747  2336  537320.00  2341780.00  21.177007  105.359516   -6.9326  -14.2362
   177  5706  2381  586910.00  2341330.00  21.171251  105.837182   -8.9742  -12.3505
   178   573  2399  535580.00  2341150.00  21.171350  105.342741  -11.5350  -17.2923
   179   399  2420  533840.00  2340940.00  21.169485  105.325976   -3.5846  -10.4798
   180   546  2453  535310.00  2340610.00  21.166476  105.340129  -11.4582  -14.7215
   181  1440  2453  544250.00  2340610.00  21.166281  105.426243   -8.9025  -13.7121
   182  3948  2459  569330.00  2340550.00  21.164958  105.667816   -6.0749  -11.4591
   183  1437  2468  544220.00  2340460.00  21.164926  105.425950   -9.3793  -18.1052
   184  1029  2471  540140.00  2340430.00  21.164750  105.386650   -6.7061  -12.9388
   185   555  2486  535400.00  2340280.00  21.163492  105.340989  -10.2091  -11.1429
   186  1143  2522  541280.00  2339920.00  21.160116  105.397618  -10.1964  -13.7904
   187   426  2534  534110.00  2339800.00  21.159180  105.328554   -8.5441  -12.2765
   188   582  2549  535670.00  2339650.00  21.157795  105.343577   -8.3496  -14.9158
   189  1224  2591  542090.00  2339230.00  21.153863  105.405403   -5.0160  -16.1164
   190   747  2612  537320.00  2339020.00  21.152070  105.359456  -10.8184  -13.8667
   191   453  2618  534380.00  2338960.00  21.151585  105.331137   -8.2598  -16.1881
   192  3267  2660  562520.00  2338540.00  21.147043  105.602149   -9.4993  -15.0521
   193  1836  2669  548210.00  2338450.00  21.146664  105.464327   -8.3925  -17.1771
   194  1056  2672  540410.00  2338420.00  21.146583  105.389203   -7.6742  -16.2736
   195   498  2681  534830.00  2338330.00  21.145885  105.335459   -7.7623  -11.0685
   196   525  2684  535100.00  2338300.00  21.145608  105.338059  -10.1853  -12.7738
   197   708  2684  536930.00  2338300.00  21.145572  105.355684  -10.4567  -15.1129
   198  1065  2687  540500.00  2338270.00  21.145225  105.390066   -5.7271  -16.5590
   199   303  2687  532880.00  2338270.00  21.145379  105.316677  -12.0860  -13.7687
   200  1044  2693  540290.00  2338210.00  21.144688  105.388042  -10.9146  -11.4721
   201  2745  2699  557300.00  2338150.00  21.143691  105.551862   -9.0992  -13.2343
   202   525  2699  535100.00  2338150.00  21.144253  105.338056   -9.3823  -17.0430
   203   369  2702  533540.00  2338120.00  21.144011  105.323030   -8.9304  -21.3654
   204   912  2705  538970.00  2338090.00  21.143632  105.375326   -7.7494  -16.0601
   205   894  2705  538790.00  2338090.00  21.143636  105.373593   -5.7256  -15.1879
   206  1275  2711  542600.00  2338030.00  21.143009  105.410285   -9.5596  -16.4152
   207  5931  2717  589160.00  2337970.00  21.140787  105.858679   -7.1600  -11.5038
   208   738  2723  537230.00  2337910.00  21.142042  105.358565   -8.8982  -15.4864
   209   786  2726  537710.00  2337880.00  21.141761  105.363187  -10.5037  -15.6171
   210  1809  2735  547940.00  2337790.00  21.140708  105.461708  -10.2944  -13.8460
   211  1359  2741  543440.00  2337730.00  21.140279  105.418368   -7.1672  -15.6296
   212  3456  2744  564410.00  2337700.00  21.139388  105.620320   -9.8927  -12.3627
   213  1818  2747  548030.00  2337670.00  21.139622  105.462571   -5.0736  -17.7163
   214   681  2753  536660.00  2337610.00  21.139343  105.353069   -8.8201  -13.9988
   215  1038  2753  540230.00  2337610.00  21.139268  105.387450   -7.1078  -10.8649
   216  4764  2753  577490.00  2337610.00  21.138067  105.746279  -10.0977  -16.6309
   217  1944  2759  549290.00  2337550.00  21.138504  105.474702   -7.5201   -9.3444
   218  3639  2762  566240.00  2337520.00  21.137697  105.637936   -9.2282  -14.5750
   219  1002  2768  539870.00  2337460.00  21.137921  105.383980   -8.6243  -17.3099
   220  1050  2786  540350.00  2337280.00  21.136284  105.388598   -8.1381  -14.9306
   221  3414  2792  563990.00  2337220.00  21.135066  105.616257   -5.1705  -10.7524
   222   456  2798  534410.00  2337160.00  21.135321  105.331390   -8.9085  -14.0095
   223  2355  2822  553400.00  2336920.00  21.132696  105.514264   -6.0742  -12.8721
   224  1044  2834  540290.00  2336800.00  21.131948  105.388009  -12.5930  -14.7450
   225   345  2834  533300.00  2336800.00  21.132089  105.320693  -11.4026  -16.6146
   226  1593  2834  545780.00  2336800.00  21.131819  105.440879  -13.3515  -16.7599
   227   648  2837  536330.00  2336770.00  21.131760  105.349873   -6.2056  -10.9541
   228   516  2846  535010.00  2336680.00  21.130973  105.337159   -9.5350  -16.8737
   229   501  2858  534860.00  2336560.00  21.129891  105.335712  -11.4804  -16.2179
   230  3906  2864  568910.00  2336500.00  21.128382  105.663608   -4.3108  -13.0711
   231   309  2870  532940.00  2336440.00  21.128843  105.317220   -4.7844   -8.4654
   232   420  2879  534050.00  2336350.00  21.128009  105.327907  -10.4105  -16.4066
   233  6057  2879  590420.00  2336350.00  21.126089  105.870727   -6.5482  -13.1373
   234  3492  2903  564770.00  2336110.00  21.125010  105.623727   -5.0396  -11.4413
   235  1413  2909  543980.00  2336050.00  21.125087  105.423525   -8.4012  -12.3164
   236  1857  2912  548420.00  2336020.00  21.124703  105.466280   -7.5787  -15.7841
   237   684  2927  536690.00  2335870.00  21.123621  105.353320   -9.9586  -16.3707
   238  3552  2930  565370.00  2335840.00  21.122549  105.629494   -8.7546  -15.5463
   239  1653  2960  546380.00  2335540.00  21.120419  105.446623  -10.4383  -12.5109
   240   570  2963  535550.00  2335510.00  21.120391  105.342335   -5.5133  -14.0689
   241   867  2963  538520.00  2335510.00  21.120331  105.370934  -12.1771  -17.7403
   242   441  2981  534260.00  2335330.00  21.118789  105.329909   -8.9506  -11.0485
   243  1539  3002  545240.00  2335120.00  21.116653  105.435634   -8.9190  -15.2904
   244  5457  3002  584420.00  2335120.00  21.115264  105.812892   -9.3869  -11.5501
   245  1533  3005  545180.00  2335090.00  21.116383  105.435056  -12.9801  -13.4843
   246   441  3008  534260.00  2335060.00  21.116350  105.329904   -2.6156  -10.6959
   247   405  3011  533900.00  2335030.00  21.116085  105.326437  -11.2401  -16.0708
   248   399  3017  533840.00  2334970.00  21.115544  105.325858   -5.8167  -16.7186
   249  4767  3044  577520.00  2334700.00  21.111775  105.746437   -8.0356  -15.3873
   250   438  3050  534230.00  2334640.00  21.112555  105.329606   -7.5457  -13.2697
   251   816  3056  538010.00  2334580.00  21.111939  105.366003   -7.9452  -10.7120
   252   960  3059  539450.00  2334550.00  21.111637  105.379868   -5.6829  -14.6382
   253  2001  3059  549860.00  2334550.00  21.111383  105.480104   -8.1288  -14.8697
   254  1794  3062  547790.00  2334520.00  21.111167  105.460172   -6.4854  -14.6727
   255   972  3071  539570.00  2334430.00  21.110550  105.381021  -11.2164  -15.8304
   256   456  3077  534410.00  2334370.00  21.110112  105.331334   -7.7630  -13.0940
   257   423  3080  534080.00  2334340.00  21.109848  105.328156   -7.6686  -14.0927
   258   435  3083  534200.00  2334310.00  21.109574  105.329311   -8.1779  -16.7957
   259  5472  3098  584570.00  2334160.00  21.106583  105.814289   -5.2062  -13.2303
   260  5628  3104  586130.00  2334100.00  21.105968  105.829306   -5.1234  -16.5137
   261  1830  3107  548150.00  2334070.00  21.107092  105.463626   -8.2854  -13.3477
   262   675  3113  536600.00  2334010.00  21.106817  105.352414   -5.6483   -9.2563
   263   675  3125  536600.00  2333890.00  21.105733  105.352411   -5.9492  -14.3957
   264   768  3137  537530.00  2333770.00  21.104630  105.361363   -4.6230  -13.9293
   265  1011  3155  539960.00  2333590.00  21.102952  105.384756  -10.2262  -17.6406
   266  1518  3161  545030.00  2333530.00  21.102292  105.433570   -9.4394  -14.1633
   267  1833  3164  548180.00  2333500.00  21.101941  105.463898  -11.5544  -17.6365
   268  4062  3167  570470.00  2333470.00  21.100947  105.678506   -4.4421  -13.2549
   269  1026  3173  540110.00  2333410.00  21.101322  105.386196  -13.3780  -14.8690
   270   729  3173  537140.00  2333410.00  21.101385  105.357600  -13.6129  -15.9123
   271   648  3182  536330.00  2333320.00  21.100588  105.349799  -11.2206  -14.6106
   272  4083  3185  570680.00  2333290.00  21.099313  105.680520   -7.8643  -15.4596
   273  3840  3191  568250.00  2333230.00  21.098863  105.657122   -8.4668  -17.4338
   274   645  3191  536300.00  2333230.00  21.099776  105.349509   -5.6140  -10.4141
   275   708  3194  536930.00  2333200.00  21.099492  105.355574   -4.8700  -14.3004
   276  1059  3203  540440.00  2333110.00  21.098605  105.389367   -9.6138  -16.6609
   277  3924  3224  569090.00  2332900.00  21.095850  105.665196   -7.6585  -16.2088
   278   843  3227  538280.00  2332870.00  21.096483  105.368565  -11.2212  -15.7626
   279  1230  3227  542150.00  2332870.00  21.096397  105.405825   -7.6994  -14.6061
   280  1233  3230  542180.00  2332840.00  21.096126  105.406113   -5.9779  -13.1805
   281   393  3236  533780.00  2332780.00  21.095758  105.325237  -11.2300  -16.6552
   282   714  3239  536990.00  2332750.00  21.095425  105.356142  -13.8113  -17.5478
   283   465  3239  534500.00  2332750.00  21.095473  105.332168   -6.6321  -13.5854
   284   474  3245  534590.00  2332690.00  21.094930  105.333034   -7.9333  -15.1677
   285   792  3245  537770.00  2332690.00  21.094867  105.363650   -8.5623  -17.1266
   286  5697  3248  586820.00  2332660.00  21.092926  105.835876   -8.2463  -13.0357
   287   435  3248  534200.00  2332660.00  21.094666  105.329278   -5.0038  -11.0278
   288   819  3251  538040.00  2332630.00  21.094319  105.366248   -5.9761  -16.3898
   289   699  3254  536840.00  2332600.00  21.094073  105.354694    3.1470   -3.3044
   290   654  3254  536390.00  2332600.00  21.094082  105.350362   -2.7150   -8.0007
   291   972  3254  539570.00  2332600.00  21.094016  105.380978  -16.5670  -18.7167
   292  1323  3260  543080.00  2332540.00  21.093394  105.414770   -8.4832  -14.2314
   293   993  3260  539780.00  2332540.00  21.093469  105.382999  -11.6744  -16.5600
   294   699  3260  536840.00  2332540.00  21.093530  105.354693    1.4825   -4.3443
   295  1725  3263  547100.00  2332510.00  21.093024  105.453473  -12.1072  -17.9243
   296   630  3263  536150.00  2332510.00  21.093273  105.348049   -7.0340  -17.1589
   297   651  3275  536360.00  2332390.00  21.092185  105.350069   -7.4341  -14.1251
   298   771  3275  537560.00  2332390.00  21.092160  105.361622   -8.4052  -16.6334
   299  3555  3281  565400.00  2332330.00  21.090835  105.629649   -6.5190  -15.4380
   300  4968  3287  579530.00  2332270.00  21.089734  105.765677   -9.6689  -15.4375
   301   561  3287  535460.00  2332270.00  21.091118  105.341401  -12.9751  -15.3873
   302   867  3287  538520.00  2332270.00  21.091056  105.370862   -1.6177   -6.6901
   303   735  3290  537200.00  2332240.00  21.090813  105.358153  -12.4058  -16.7622
   304   687  3290  536720.00  2332240.00  21.090822  105.353531   -3.7190   -9.4752
   305   588  3296  535730.00  2332180.00  21.090300  105.343999  -10.5613  -18.6557
   306  1551  3299  545360.00  2332150.00  21.089815  105.436711   -2.1767  -14.4640
   307   594  3302  535790.00  2332120.00  21.089756  105.344575   -6.9630  -11.3644
   308  1086  3305  540710.00  2332090.00  21.089383  105.391942   -3.0757  -10.7385
   309  6306  3308  592910.00  2332060.00  21.087206  105.894471   -8.7881  -13.7320
   310   576  3311  535610.00  2332030.00  21.088947  105.342840   -9.4473  -19.8800
   311  1095  3311  540800.00  2332030.00  21.088838  105.392807  -11.7835  -20.6935
   312  1242  3317  542270.00  2331970.00  21.088263  105.406958   -8.1981  -14.6333
   313  6384  3317  593690.00  2331970.00  21.086354  105.901974   -7.2865  -11.2939
   314  1116  3323  541010.00  2331910.00  21.087749  105.394826   -9.7885  -16.8765
   315  4662  3323  576470.00  2331910.00  21.086612  105.736203   -5.4215  -13.9334
   316  6390  3329  593750.00  2331850.00  21.085266  105.902545   -5.4570  -14.7868
   317   834  3329  538190.00  2331850.00  21.087268  105.367675  -12.7219  -15.3133
   318   777  3332  537620.00  2331820.00  21.087009  105.362187  -11.9550  -19.9555
   319   699  3332  536840.00  2331820.00  21.087025  105.354678   -5.5264   -6.6039
   320   564  3341  535490.00  2331730.00  21.086238  105.341679   -7.6290  -10.6970
   321   942  3341  539270.00  2331730.00  21.086161  105.378070  -12.8729  -18.6469
   322  6336  3344  593210.00  2331700.00  21.083939  105.897339   -7.2792  -15.2140
   323   981  3344  539660.00  2331700.00  21.085882  105.381824  -13.1395  -16.7165
   324   903  3344  538880.00  2331700.00  21.085898  105.374315   -5.2526  -11.5589
   325  6759  3347  597440.00  2331670.00  21.083447  105.938056   -6.8186  -13.6068
   326  1644  3350  546290.00  2331640.00  21.085184  105.445651   -8.6984  -17.8130
   327   978  3353  539630.00  2331610.00  21.085069  105.381533  -19.7604  -20.6443
   328   924  3353  539090.00  2331610.00  21.085081  105.376334   -6.9792  -15.4946
   329  1353  3356  543380.00  2331580.00  21.084713  105.417634   -9.4245  -13.3958
   330   507  3356  534920.00  2331580.00  21.084894  105.336188   -7.7892  -12.1645
   331   819  3356  538040.00  2331580.00  21.084832  105.366225  -10.4847  -17.3778
   332  1056  3359  540410.00  2331550.00  21.084510  105.389041   -8.4745  -17.9458
   333   555  3359  535400.00  2331550.00  21.084614  105.340809   -7.4206  -14.5949
   334   957  3362  539420.00  2331520.00  21.084261  105.379509   -7.1145  -10.6695
   335   735  3365  537200.00  2331490.00  21.084036  105.358136  -11.8040  -15.2064
   336   927  3368  539120.00  2331460.00  21.083725  105.376620  -13.6295  -19.5693
   337  1368  3368  543530.00  2331460.00  21.083625  105.419075   -9.3902  -13.3200
   338   786  3371  537710.00  2331430.00  21.083483  105.363045   -7.5256  -15.8204
   339   813  3377  537980.00  2331370.00  21.082936  105.365643  -13.4913  -17.0564
   340   474  3377  534590.00  2331370.00  21.083003  105.333007   -4.3960  -11.1801
   341  1056  3377  540410.00  2331370.00  21.082884  105.389037  -12.6398  -12.9979
   342  1050  3380  540350.00  2331340.00  21.082614  105.388458   -6.8638  -15.7292
   343   855  3383  538400.00  2331310.00  21.082385  105.369685   -8.7026  -17.5527
   344  4491  3386  574760.00  2331280.00  21.080990  105.719713   -9.7755  -14.1643
   345  1896  3389  548810.00  2331250.00  21.081595  105.469900  -10.0999  -13.6242
   346  2190  3389  551750.00  2331250.00  21.081514  105.498203   -7.3082  -16.0804
   347   792  3389  537770.00  2331250.00  21.081856  105.363619   -6.4195  -12.9240
   348   489  3392  534740.00  2331220.00  21.081645  105.334448   -6.7215  -11.3159
   349  4728  3392  577130.00  2331220.00  21.080350  105.742525   -7.7943  -19.7641
   350   927  3395  539120.00  2331190.00  21.081285  105.376614   -6.5732  -13.2513
   351   855  3395  538400.00  2331190.00  21.081301  105.369682   -6.9200  -16.3757
   352   855  3407  538400.00  2331070.00  21.080216  105.369680  -17.4740  -18.9392
   353   492  3410  534770.00  2331040.00  21.080018  105.334733   -5.4588  -13.1746
   354   666  3410  536510.00  2331040.00  21.079984  105.351484   -6.8507  -12.9496
   355   543  3419  535280.00  2330950.00  21.079195  105.339641   -0.9836   -8.9723
   356   630  3422  536150.00  2330920.00  21.078907  105.348016   -9.4616  -15.7962
   357  5091  3422  580760.00  2330920.00  21.077483  105.777454   -8.9675  -16.1926
   358  1011  3422  539960.00  2330920.00  21.078828  105.384694  -12.0592  -15.0059
   359  1185  3431  541700.00  2330830.00  21.077976  105.401443   -6.2651  -12.1697
   360   603  3437  535880.00  2330770.00  21.077557  105.345413   -9.5367  -15.2869
   361   858  3440  538430.00  2330740.00  21.077234  105.369961  -13.7072  -19.6733
   362  1503  3446  544880.00  2330680.00  21.076545  105.432052   -5.9432  -16.4846
   363   636  3452  536210.00  2330620.00  21.076195  105.348587   -5.0218  -10.0951
   364  1500  3452  544850.00  2330620.00  21.076004  105.431761   -6.9446  -12.1937
   365   819  3455  538040.00  2330590.00  21.075887  105.366203   -7.0755  -11.1899
   366  1056  3455  540410.00  2330590.00  21.075836  105.389018  -12.9189  -23.3448
   367  1071  3458  540560.00  2330560.00  21.075562  105.390462   -8.0474  -10.1786
   368   867  3464  538520.00  2330500.00  21.075064  105.370822  -10.5551  -16.9452
   369   648  3464  536330.00  2330500.00  21.075108  105.349740    0.2180  -10.5183
   370   651  3464  536360.00  2330500.00  21.075108  105.350029   -1.6136   -9.2976
   371   702  3467  536870.00  2330470.00  21.074827  105.354938   -8.7333  -15.5726
   372  4860  3473  578450.00  2330410.00  21.072976  105.755195   -6.4293  -15.0267
   373  1077  3476  540620.00  2330380.00  21.073934  105.391035  -14.2387  -18.9735
   374   696  3479  536810.00  2330350.00  21.073744  105.354357    2.0010   -8.5804
   375  4998  3479  579830.00  2330350.00  21.072374  105.768476   -8.4799  -14.0824
   376   522  3482  535070.00  2330320.00  21.073507  105.337607   -5.8948  -12.2056
   377  1077  3482  540620.00  2330320.00  21.073392  105.391034  -11.7058  -18.1581
   378   621  3485  536060.00  2330290.00  21.073216  105.347136   -2.4455  -13.3216
   379   876  3488  538610.00  2330260.00  21.072893  105.371683   -9.5496  -18.1269
   380  4803  3488  577880.00  2330260.00  21.071645  105.749701   -9.9140  -14.2553
   381   867  3491  538520.00  2330230.00  21.072624  105.370816  -10.1678  -15.4904
   382  3765  3494  567500.00  2330200.00  21.071515  105.649783   -4.7998  -11.8495
   383   768  3503  537530.00  2330110.00  21.071560  105.361283  -11.3693  -17.9985
   384  5727  3503  587120.00  2330110.00  21.069874  105.838635   -6.0087  -15.4057
   385  5754  3506  587390.00  2330080.00  21.069590  105.841232   -8.4805  -10.9991
   386  5010  3506  579950.00  2330080.00  21.069929  105.769618   -9.5671  -13.8825
   387   669  3509  536540.00  2330050.00  21.071038  105.351752    3.2026   -1.7576
   388   645  3509  536300.00  2330050.00  21.071043  105.349442    0.2729  -15.0190
   389   534  3515  535190.00  2329990.00  21.070523  105.338755   -5.7232   -9.6807
   390  2004  3515  549890.00  2329990.00  21.070181  105.480261  -14.7564  -19.6465
   391  4836  3518  578210.00  2329960.00  21.068920  105.752864   -7.7688  -17.8545
   392  1155  3524  541400.00  2329900.00  21.069580  105.398532   -9.9327  -12.5372
   393   627  3530  536120.00  2329840.00  21.069149  105.347704   -0.4231   -8.9851
   394  3867  3530  568520.00  2329840.00  21.068224  105.659587   -9.3522  -13.7833
   395   552  3530  535370.00  2329840.00  21.069164  105.340485   -6.8004  -11.9277
   396  2031  3533  550160.00  2329810.00  21.068548  105.482855  -10.7718  -14.6990
   397  3819  3536  568040.00  2329780.00  21.067700  105.654964   -6.9084  -15.0328
   398   669  3542  536540.00  2329720.00  21.068057  105.351745   -2.8862  -14.5599
   399  1101  3545  540860.00  2329690.00  21.067694  105.393329   -8.3227  -14.7539
   400  5928  3545  589130.00  2329690.00  21.065982  105.857960   -9.3449  -15.1009
   401   870  3548  538550.00  2329660.00  21.067473  105.371092   -9.5055  -13.5331
   402   558  3548  535430.00  2329660.00  21.067536  105.341059   -0.9055  -10.7243
   403  1776  3548  547610.00  2329660.00  21.067260  105.458304   -9.3493  -12.1281
   404  2832  3551  558170.00  2329630.00  21.066684  105.559952   -6.4580  -10.5147
   405  1788  3551  547730.00  2329630.00  21.066986  105.459458  -12.3082  -15.2391
   406   315  3551  533000.00  2329630.00  21.067311  105.317666  -12.4677  -13.1849
   407   852  3554  538370.00  2329600.00  21.066935  105.369358   -5.5615  -14.9088
   408  1149  3554  541340.00  2329600.00  21.066870  105.397947   -7.0355  -18.8701
   409   858  3560  538430.00  2329540.00  21.066392  105.369934   -8.3567  -16.3156
   410  1032  3560  540170.00  2329540.00  21.066354  105.386684   -4.0226  -11.9531
   411  5619  3563  586040.00  2329510.00  21.064504  105.828209   -9.8476  -11.2593
   412   753  3572  537380.00  2329420.00  21.065329  105.359824    2.2336   -9.3758
   413   957  3578  539420.00  2329360.00  21.064744  105.379460   -9.4302  -15.3849
   414   867  3578  538520.00  2329360.00  21.064763  105.370797  -10.2036  -15.7214
   415  2559  3584  555440.00  2329300.00  21.063788  105.533663   -9.0206  -12.0116
   416   750  3587  537350.00  2329270.00  21.063974  105.359532    0.5324   -9.2366
   417   936  3590  539210.00  2329240.00  21.063664  105.377436  -11.0826  -21.0555
   418   729  3590  537140.00  2329240.00  21.063708  105.357510   -0.9870  -12.3253
   419   963  3593  539480.00  2329210.00  21.063388  105.380034   -8.6375  -17.8380
   420  3828  3599  568130.00  2329150.00  21.062005  105.655805  -10.5198  -16.1365
   421   603  3599  535880.00  2329150.00  21.062919  105.345380   -0.7665  -11.9167
   422  4839  3599  578240.00  2329150.00  21.061601  105.753116  -13.3129  -15.4198
   423   780  3602  537650.00  2329120.00  21.062613  105.362417  -19.6488  -26.2722
   424   951  3602  539360.00  2329120.00  21.062577  105.378877  -15.0072  -19.1567
   425   873  3605  538580.00  2329090.00  21.062323  105.371368  -13.9103  -18.2989
   426  1506  3605  544910.00  2329090.00  21.062178  105.432299  -12.6941  -17.5371
   427  3159  3605  561440.00  2329090.00  21.061699  105.591409  -10.4973  -15.9693
   428   867  3605  538520.00  2329090.00  21.062324  105.370791  -12.6455  -16.6144
   429   849  3608  538340.00  2329060.00  21.062056  105.369057   -9.3976  -15.7937
   430  1485  3608  544700.00  2329060.00  21.061912  105.430277   -5.4523  -10.9831
   431   639  3611  536240.00  2329030.00  21.061828  105.348842   -0.4692  -10.2420
   432   786  3611  537710.00  2329030.00  21.061798  105.362992  -11.2554  -17.1400
   433   918  3611  539030.00  2329030.00  21.061771  105.375698   -9.9568  -19.2958
   434   798  3614  537830.00  2329000.00  21.061525  105.364147  -12.3768  -16.8095
   435  4761  3617  577460.00  2328970.00  21.060008  105.745601   -6.9777  -13.9385
   436  1746  3623  547310.00  2328910.00  21.060492  105.455396   -5.8113  -13.1496
   437  4770  3623  577550.00  2328910.00  21.059462  105.746464   -6.2484  -12.3927
   438  4851  3629  578360.00  2328850.00  21.058885  105.754258   -7.8318  -12.9123
   439   966  3635  539510.00  2328790.00  21.059592  105.380313  -11.1752  -18.8998
   440   468  3635  534530.00  2328790.00  21.059693  105.332378  -12.8593  -20.3956
   441   648  3635  536330.00  2328790.00  21.059658  105.349704   -1.5678  -10.8615
   442  4833  3638  578180.00  2328760.00  21.058080  105.752521   -7.1185  -16.6412
   443   441  3638  534260.00  2328760.00  21.059427  105.329778    0.4357  -10.6439
   444   537  3641  535220.00  2328730.00  21.059137  105.339018   -8.7840  -15.7006
   445   918  3641  539030.00  2328730.00  21.059060  105.375691  -12.9337  -20.7242
   446   663  3641  536480.00  2328730.00  21.059113  105.351146   -4.1573   -6.3739
   447  1080  3644  540650.00  2328700.00  21.058754  105.391284  -11.2303  -17.1421
   448  5001  3647  579860.00  2328670.00  21.057194  105.768687   -8.7259  -18.2014
   449   414  3650  533990.00  2328640.00  21.058347  105.327177   -2.2949   -6.0835
   450   450  3656  534350.00  2328580.00  21.057799  105.330641    2.1138   -6.1350
   451   264  3656  532490.00  2328580.00  21.057832  105.312737   -7.9021  -16.3634
   452  4842  3656  578270.00  2328580.00  21.056450  105.753379   -5.2758  -10.7880
   453   954  3659  539390.00  2328550.00  21.057426  105.379153  -12.8889  -14.9804
   454   729  3665  537140.00  2328490.00  21.056931  105.357494    0.0775   -5.9385
   455   663  3668  536480.00  2328460.00  21.056673  105.351141   -2.1926  -11.5987
   456  2127  3677  551120.00  2328370.00  21.055510  105.492053   -9.7843  -14.2465
   457  2130  3686  551150.00  2328280.00  21.054696  105.492339   -7.7074  -14.9830
   458   783  3686  537680.00  2328280.00  21.055023  105.362687   -2.9739   -3.6622
   459  1707  3695  546920.00  2328190.00  21.053996  105.451622  -10.5827  -10.7967
   460   210  3695  531950.00  2328190.00  21.054318  105.307532   -5.0109   -9.1741
   461   975  3695  539600.00  2328190.00  21.054169  105.381166   -8.8691  -13.5789
   462   537  3698  535220.00  2328160.00  21.053987  105.339006   -8.2620  -12.8609
   463   693  3698  536780.00  2328160.00  21.053957  105.354022   -3.5448  -12.2311
   464   735  3701  537200.00  2328130.00  21.053677  105.358064   -2.5327   -9.6693
   465   606  3704  535910.00  2328100.00  21.053432  105.345647   -4.1846  -15.6398
   466   747  3707  537320.00  2328070.00  21.053132  105.359217    1.5392   -5.9571
   467   876  3710  538610.00  2328040.00  21.052835  105.371633  -10.2531  -18.5349
   468   741  3716  537260.00  2327980.00  21.052321  105.358638    2.4500  -10.2412
   469   600  3716  535850.00  2327980.00  21.052349  105.345067   -7.5495  -13.1748
   470  1053  3719  540380.00  2327950.00  21.051983  105.388668   -7.2937  -17.3076
   471   918  3722  539030.00  2327920.00  21.051742  105.375673  -16.6842  -25.6157
   472  1050  3722  540350.00  2327920.00  21.051713  105.388378   -9.2372  -16.4432
   473   939  3728  539240.00  2327860.00  21.051195  105.377693  -10.5390  -20.7276
   474  2226  3728  552110.00  2327860.00  21.050874  105.501566   -7.4038  -12.0664
   475   840  3731  538250.00  2327830.00  21.050945  105.368164  -11.2138  -20.7094
   476   627  3731  536120.00  2327830.00  21.050988  105.347662   -9.2068  -19.6279
   477   396  3731  533810.00  2327830.00  21.051032  105.325428   -3.7645  -10.7464
   478   504  3734  534890.00  2327800.00  21.050741  105.335823   -2.9012   -8.2703
   479   945  3734  539300.00  2327800.00  21.050652  105.378269   -9.1085  -20.9846
   480   681  3737  536660.00  2327770.00  21.050435  105.352858   -7.4689  -16.9703
   481  1080  3737  540650.00  2327770.00  21.050351  105.391262  -11.9990  -17.2139
   482  1686  3737  546710.00  2327770.00  21.050207  105.449589   -8.4022  -18.6493
   483  4890  3737  578750.00  2327770.00  21.049111  105.757962   -7.6366  -14.4031
   484  2385  3737  553700.00  2327770.00  21.050015  105.516867   -9.3924  -12.2826
   485  6852  3743  598370.00  2327710.00  21.047622  105.946782   -2.9768  -15.2037
   486  6849  3749  598340.00  2327650.00  21.047081  105.946490   -5.1089  -12.5977
   487  1035  3752  540200.00  2327620.00  21.049006  105.386927   -9.5056  -15.9250
   488   849  3755  538340.00  2327590.00  21.048774  105.369024   -2.3604  -10.2347
   489  1071  3755  540560.00  2327590.00  21.048727  105.390392  -12.5593  -23.8474
   490  4845  3758  578300.00  2327560.00  21.047233  105.753621   -8.5937  -12.5385
   491   717  3758  537020.00  2327560.00  21.048530  105.356319   -1.2203  -10.0286
   492  6858  3761  598430.00  2327530.00  21.045992  105.947349   -7.8634  -12.3416
   493   822  3761  538070.00  2327530.00  21.048238  105.366424   -0.7601  -10.0275
   494  1050  3761  540350.00  2327530.00  21.048189  105.388369  -12.2588  -19.1110
   495   558  3764  535430.00  2327500.00  21.048020  105.341014   -0.8313   -6.7848
   496   717  3770  537020.00  2327440.00  21.047446  105.356316   -5.3869  -10.1549
   497  2472  3773  554570.00  2327410.00  21.046737  105.525229   -8.5898  -13.2864
   498   927  3776  539120.00  2327380.00  21.046861  105.376527   -7.7557  -14.1355
   499  1347  3776  543320.00  2327380.00  21.046766  105.416951   -7.8204  -15.7132
   500   954  3779  539390.00  2327350.00  21.046584  105.379125   -8.7450  -18.9088
   501  1152  3779  541370.00  2327350.00  21.046540  105.398182   -5.6348  -16.2979
   502   906  3782  538910.00  2327320.00  21.046323  105.374505  -12.3305  -20.7073
   503  1689  3785  546740.00  2327290.00  21.045869  105.449865   -6.2353  -16.9107
   504  1206  3788  541910.00  2327260.00  21.045715  105.403377  -10.9182  -16.9941
   505   870  3788  538550.00  2327260.00  21.045788  105.371038  -17.7189  -21.4698
   506   900  3788  538850.00  2327260.00  21.045782  105.373926  -10.7927  -18.6124
   507   903  3791  538880.00  2327230.00  21.045510  105.374214  -10.8927  -18.4966
   508  1206  3791  541910.00  2327230.00  21.045444  105.403377  -11.1951  -16.7931
   509  1197  3791  541820.00  2327230.00  21.045446  105.402510   -8.6176  -13.4316
   510  1281  3794  542660.00  2327200.00  21.045155  105.410594   -6.9421  -12.2367
   511   933  3794  539180.00  2327200.00  21.045233  105.377101  -13.3141  -17.2638
   512  1167  3803  541520.00  2327110.00  21.044368  105.399620   -3.3722  -13.9681
   513   840  3806  538250.00  2327080.00  21.044168  105.368147   -3.2698   -7.5789
   514  1089  3806  540740.00  2327080.00  21.044115  105.392112   -9.0981  -16.5890
   515   567  3806  535520.00  2327080.00  21.044223  105.341872   -6.3815   -8.0743
   516  1041  3809  540260.00  2327050.00  21.043854  105.387492   -9.5652  -11.8233
   517  2382  3809  553670.00  2327050.00  21.043511  105.516556   -7.5274  -14.9546
   518   825  3809  538100.00  2327050.00  21.043900  105.366703   -3.5874   -9.6031
   519   474  3809  534590.00  2327050.00  21.043970  105.332920   -4.1518   -8.9584
   520  1281  3812  542660.00  2327020.00  21.043529  105.410590   -9.2881  -16.9384
   521  6729  3812  597140.00  2327020.00  21.041454  105.934906   -7.9756  -11.7621
   522  2625  3812  556100.00  2327020.00  21.043167  105.539942   -8.7699  -15.3446
   523   537  3815  535220.00  2326990.00  21.043416  105.338982   -9.8118  -12.6621
   524  6861  3815  598460.00  2326990.00  21.041112  105.947607  -11.8251  -16.5222
   525  1179  3818  541640.00  2326960.00  21.043010  105.400771   -6.7614  -10.5041
   526  3825  3818  568100.00  2326960.00  21.042219  105.655430   -4.9908  -14.5259
   527  1647  3821  546320.00  2326930.00  21.042627  105.445813  -11.5106  -16.7119
   528   543  3821  535280.00  2326930.00  21.042872  105.339559   -5.5503   -9.1002
   529   501  3827  534860.00  2326870.00  21.042338  105.335515   -0.7742   -8.6753
   530   636  3830  536210.00  2326840.00  21.042041  105.348508   -6.1960   -9.9763
   531  1266  3830  542510.00  2326840.00  21.041906  105.409142   -2.4572  -12.0180
   532   519  3830  535040.00  2326840.00  21.042064  105.337247   -8.4389   -9.0593
   533   603  3833  535880.00  2326810.00  21.041777  105.345331   -6.1051  -10.6407
   534   579  3836  535640.00  2326780.00  21.041510  105.343020   -9.5995  -17.8575
   535  1083  3836  540680.00  2326780.00  21.041405  105.391528   -3.7967  -12.8510
   536  2148  3842  551330.00  2326720.00  21.040596  105.494025   -9.5819  -16.1020
   537  1302  3845  542870.00  2326690.00  21.040542  105.412603   -8.7638  -16.2239
   538   612  3845  535970.00  2326690.00  21.040691  105.346195   -4.6203  -12.3512
   539  1767  3848  547520.00  2326660.00  21.040157  105.457355   -8.9487  -13.5065
   540  1998  3848  549830.00  2326660.00  21.040095  105.479587   -9.9462  -13.2621
   541  3963  3851  569480.00  2326630.00  21.039186  105.668698   -9.1833  -17.2262
   542   777  3857  537620.00  2326570.00  21.039573  105.362072    0.2177   -9.8162
   543  3945  3860  569300.00  2326540.00  21.038379  105.666962   -9.0502  -14.6514
   544  3993  3869  569780.00  2326450.00  21.037548  105.671578   -7.9188  -11.2931
   545   675  3869  536600.00  2326450.00  21.038510  105.352253  -13.4430  -21.0255
   546  1686  3869  546710.00  2326450.00  21.038280  105.449554  -12.0117  -15.3100
   547  1086  3872  540710.00  2326420.00  21.038152  105.391808   -8.6469  -13.4382
   548  1206  3872  541910.00  2326420.00  21.038125  105.403357   -9.4645  -19.2442
   549   969  3875  539540.00  2326390.00  21.037906  105.380547   -7.6259  -16.9993
   550   261  3875  532460.00  2326390.00  21.038045  105.312407  -10.1928  -16.2470
   551  1182  3875  541670.00  2326390.00  21.037859  105.401046   -8.7130  -15.1162
   552   276  3881  532610.00  2326330.00  21.037501  105.313850   -8.1480  -11.9077
   553  1119  3881  541040.00  2326330.00  21.037331  105.394982  -10.6400  -20.6030
   554   978  3881  539630.00  2326330.00  21.037362  105.381412   -8.8897  -15.7848
   555  1137  3881  541220.00  2326330.00  21.037327  105.396714   -9.8449  -16.5881
   556  1176  3884  541610.00  2326300.00  21.037048  105.400467  -16.3405  -19.0837
   557  2238  3887  552230.00  2326270.00  21.036505  105.502673   -8.5464  -12.1302
   558  1206  3890  541910.00  2326240.00  21.036499  105.403352  -10.0494  -18.8489
   559   147  3893  531320.00  2326210.00  21.036439  105.301432   -7.7245  -15.2897
   560   339  3893  533240.00  2326210.00  21.036405  105.319911  -17.6294  -18.9310
   561  1773  3896  547580.00  2326180.00  21.035818  105.457919   -5.4216  -15.7330
   562  1212  3905  541970.00  2326090.00  21.035142  105.403926   -7.7140  -13.5826
   563   633  3905  536180.00  2326090.00  21.035265  105.348203   -9.2935  -11.5655
   564  2241  3905  552260.00  2326090.00  21.034878  105.502956   -9.6593  -12.2250
   565  1017  3908  540020.00  2326060.00  21.034914  105.385159   -5.1761  -11.7699
   566   729  3914  537140.00  2326000.00  21.034433  105.357440   -3.5752   -7.7373
   567  1944  3914  549290.00  2326000.00  21.034147  105.474371  -13.8856  -17.5826
   568  1218  3914  542030.00  2326000.00  21.034327  105.404501  -12.3738  -18.3495
   569  1149  3917  541340.00  2325970.00  21.034072  105.397860  -10.8893  -17.5163
   570  4014  3920  569990.00  2325940.00  21.032932  105.673578   -8.2345  -15.6470
   571   924  3920  539090.00  2325940.00  21.033850  105.376206   -7.5007  -12.6880
   572   240  3920  532250.00  2325940.00  21.033983  105.310378  -11.3463  -14.1777
   573  3969  3920  569540.00  2325940.00  21.032949  105.669247   -9.1537  -17.4030
   574  4044  3923  570290.00  2325910.00  21.032650  105.676464  -10.9264  -13.7286
   575   963  3929  539480.00  2325850.00  21.033029  105.379957  -13.5201  -21.3292
   576  2865  3929  558500.00  2325850.00  21.032521  105.563001  -10.6790  -16.4762
   577   498  3932  534830.00  2325820.00  21.032852  105.335205  -11.1441  -17.5719
   578   804  3932  537890.00  2325820.00  21.032791  105.364654   -7.4761  -15.4761
   579   738  3932  537230.00  2325820.00  21.032805  105.358303   -9.8780  -18.8053
   580  1176  3935  541610.00  2325790.00  21.032439  105.400454   -9.0066  -17.1037
   581  4104  3938  570890.00  2325760.00  21.031271  105.682232   -9.1402  -15.4589
   582   822  3944  538070.00  2325700.00  21.031703  105.366384   -7.1807   -9.5668
   583   897  3944  538820.00  2325700.00  21.031687  105.373602   -1.1633  -11.0856
   584   960  3947  539450.00  2325670.00  21.031403  105.379664   -8.5469  -14.8245
   585  1149  3947  541340.00  2325670.00  21.031361  105.397853  -10.4260  -15.3429
   586   735  3953  537200.00  2325610.00  21.030908  105.358009  -16.1158  -25.3553
   587   522  3959  535070.00  2325550.00  21.030408  105.337509  -13.9875  -14.9570
   588  1323  3959  543080.00  2325550.00  21.030237  105.414595   -9.0444  -12.2196
   589   714  3959  536990.00  2325550.00  21.030370  105.355987   -0.5791  -12.0906
   590   738  3962  537230.00  2325520.00  21.030094  105.358296  -14.8590  -19.9360
   591  4086  3962  570710.00  2325520.00  21.029110  105.680490  -10.2871  -16.4710
   592   789  3965  537740.00  2325490.00  21.029812  105.363204   -8.0873  -11.9498
   593  4008  3968  569930.00  2325460.00  21.028598  105.672981   -9.2249  -15.6326
   594   939  3968  539240.00  2325460.00  21.029510  105.377638   -3.6954  -10.3103
   595   972  3968  539570.00  2325460.00  21.029503  105.380814   -7.4306   -8.4074
   596  4020  3968  570050.00  2325460.00  21.028593  105.674136   -9.9937  -17.2006
   597   912  3977  538970.00  2325370.00  21.028703  105.375038   -6.4841  -10.7901
   598   996  3983  539810.00  2325310.00  21.028142  105.383120   -3.6258  -10.8500
   599  1035  3983  540200.00  2325310.00  21.028134  105.386874   -6.7812  -15.8274
   600   780  3989  537650.00  2325250.00  21.027646  105.362332   -7.2140  -13.0010
   601  2214  3989  551990.00  2325250.00  21.027296  105.500333   -9.5222  -16.5411
   602  1038  3992  540230.00  2325220.00  21.027320  105.387160   -7.0903  -11.5493
   603  1182  3995  541670.00  2325190.00  21.027017  105.401017  -12.6516  -16.8154
   604  1050  3998  540350.00  2325160.00  21.026775  105.388314   -5.5919  -12.9414
   605   804  4001  537890.00  2325130.00  21.026557  105.364639   -8.9854  -16.2699
   606  2160  4001  551450.00  2325130.00  21.026227  105.495132  -10.3069  -17.8283
   607   861  4004  538460.00  2325100.00  21.026274  105.370124   -7.8154  -11.4249
   608   888  4004  538730.00  2325100.00  21.026268  105.372722    0.0400  -10.2753
   609  1053  4004  540380.00  2325100.00  21.026233  105.388601   -6.2852  -12.3735
   610  3015  4007  560000.00  2325070.00  21.025425  105.577409   -3.1893   -7.8641
   611  3084  4013  560690.00  2325010.00  21.024860  105.584047  -11.4659  -15.3397
   612  1131  4019  541160.00  2324950.00  21.024860  105.396104   -9.3084  -13.7945
   613   912  4019  538970.00  2324950.00  21.024908  105.375028   -2.0273   -8.4348
   614  1326  4019  543110.00  2324950.00  21.024815  105.414869   -1.9860  -12.8604
   615   795  4019  537800.00  2324950.00  21.024932  105.363769  -12.3108  -18.7578
   616   867  4022  538520.00  2324920.00  21.024646  105.370697   -5.2151   -9.1122
   617  1515  4025  545000.00  2324890.00  21.024228  105.433056   -4.2026  -11.3644
   618   801  4028  537860.00  2324860.00  21.024118  105.364345   -2.8339  -16.8957
   619   726  4028  537110.00  2324860.00  21.024133  105.357127   -4.7952   -4.7788
   620  1512  4031  544970.00  2324830.00  21.023686  105.432765  -13.3901  -19.0058
   621  1476  4034  544610.00  2324800.00  21.023424  105.429300   -5.4331  -10.7266
   622   933  4034  539180.00  2324800.00  21.023548  105.377046   -4.7527  -12.2123
   623  1185  4034  541700.00  2324800.00  21.023492  105.401297   -9.6076  -16.7931
   624  1083  4037  540680.00  2324770.00  21.023244  105.391480  -11.5818  -12.0977
   625  1125  4040  541100.00  2324740.00  21.022964  105.395521  -10.8620  -15.9854
   626   687  4043  536720.00  2324710.00  21.022786  105.353371   -9.8268  -13.4852
   627  1326  4046  543110.00  2324680.00  21.022376  105.414862   -4.1095  -15.2389
   628   903  4046  538880.00  2324680.00  21.022470  105.374156   -4.7577   -9.8398
   629  2832  4049  558170.00  2324650.00  21.021689  105.559784  -10.5811  -15.4808
   630   936  4058  539210.00  2324560.00  21.021379  105.377329   -4.1014  -11.2270
   631  1446  4058  544310.00  2324560.00  21.021263  105.426407   -6.3640  -11.5423
   632   903  4061  538880.00  2324530.00  21.021115  105.374153   -3.3008   -8.6036
   633   729  4061  537140.00  2324530.00  21.021151  105.357409  -11.7050  -14.7533
   634   861  4067  538460.00  2324470.00  21.020581  105.370110   -3.7228   -9.2775
   635  1074  4070  540590.00  2324440.00  21.020265  105.390606   -7.0893  -10.8519
   636  1425  4073  544100.00  2324410.00  21.019913  105.424382  -10.9802   -8.9253
   637  6291  4073  592760.00  2324410.00  21.018100  105.892615   -8.0240  -15.5956
   638  1332  4073  543170.00  2324410.00  21.019935  105.415433   -9.0799  -15.6619
   639  1302  4076  542870.00  2324380.00  21.019671  105.412545   -9.4687  -16.8815
   640  6360  4079  593450.00  2324350.00  21.017523  105.899251  -10.0199  -15.2430
   641  1287  4082  542720.00  2324320.00  21.019132  105.411100  -13.1351  -17.6977
   642  1587  4082  545720.00  2324320.00  21.019060  105.439969  -11.9866  -11.0926
   643   717  4085  537020.00  2324290.00  21.018985  105.356249  -12.5841  -17.2898
   644  5799  4085  587840.00  2324290.00  21.017258  105.845268   -5.8294  -13.0338
   645  1581  4088  545660.00  2324260.00  21.018519  105.439390  -14.2772  -22.6842
   646  1674  4088  546590.00  2324260.00  21.018496  105.448339   -5.7557  -11.4499
   647  1152  4088  541370.00  2324260.00  21.018621  105.398108  -14.1456  -19.5554
   648   708  4094  536930.00  2324200.00  21.018173  105.355381  -12.3744  -17.8248
   649  3825  4094  568100.00  2324200.00  21.017282  105.655321   -5.5433  -15.4834
   650  1137  4097  541220.00  2324170.00  21.017811  105.396662   -8.9858  -19.1036
   651  2136  4097  551210.00  2324170.00  21.017560  105.492794   -8.4953  -14.2062
   652   726  4100  537110.00  2324140.00  21.017627  105.357112  -12.8009  -17.7655
   653  1275  4103  542600.00  2324110.00  21.017237  105.409940   -8.8743  -15.4830
   654  1320  4103  543050.00  2324110.00  21.017227  105.414271  -13.2954  -20.3301
   655  3840  4109  568250.00  2324050.00  21.015921  105.656758   -5.8508  -14.6973
   656  1635  4109  546200.00  2324050.00  21.016608  105.444581  -11.7852  -15.9796
   657  1476  4112  544610.00  2324020.00  21.016376  105.429280   -6.3558  -11.1663
   658   888  4115  538730.00  2323990.00  21.016239  105.372697   -5.2417  -13.5529
   659  1593  4115  545780.00  2323990.00  21.016077  105.440538  -11.1726  -13.5892
   660  1608  4118  545930.00  2323960.00  21.015802  105.441980  -15.6039  -21.3649
   661  1989  4121  549740.00  2323930.00  21.015432  105.478642   -6.4902  -11.1549
   662  1110  4124  540950.00  2323900.00  21.015377  105.394058  -12.6085  -14.3720
   663  6336  4127  593210.00  2323870.00  21.013199  105.896915   -5.4674  -14.3122
   664   762  4130  537470.00  2323840.00  21.014910  105.360569   -8.8125  -13.2671
   665  1857  4133  548420.00  2323810.00  21.014383  105.465937   -9.7153  -12.1364
   666   768  4154  537530.00  2323600.00  21.012740  105.361141  -11.3110  -21.0854
   667  4023  4154  570080.00  2323600.00  21.011787  105.674349   -8.3263  -16.0886
   668  6564  4169  595490.00  2323450.00  21.009287  105.918829   -8.4016  -12.0871
   669  6309  4178  592940.00  2323360.00  21.008605  105.894290   -6.2097  -14.5248
   670  6573  4181  595580.00  2323330.00  21.008198  105.919689   -9.8602  -14.7719
   671  6549  4181  595340.00  2323330.00  21.008211  105.917380   -6.9341  -16.0085
   672   702  4187  536870.00  2323270.00  21.009771  105.354783  -13.1767  -14.2834
   673  2238  4193  552230.00  2323210.00  21.008857  105.502580   -7.7610  -13.7099
   674  2193  4196  551780.00  2323180.00  21.008599  105.498249   -8.7654  -18.0931
   675  2769  4211  557540.00  2323030.00  21.007072  105.553668   -4.2420  -17.0670
   676  2865  4220  558500.00  2322940.00  21.006229  105.562902   -8.2417  -11.0290
   677  6348  4226  593330.00  2322880.00  21.004248  105.898016  -10.0718  -13.5725
   678  6342  4268  593270.00  2322460.00  21.000457  105.897416   -9.9714  -12.9985
   679  6333  4271  593180.00  2322430.00  21.000191  105.896549   -5.5431  -15.5099
   680  2445  4274  554300.00  2322400.00  21.001479  105.522473   -7.5152  -13.9837
   681  6447  4298  594320.00  2322160.00  20.997693  105.907502   -5.2166  -13.1700
   682  4200  4337  571850.00  2321770.00  20.995184  105.691304   -8.1489  -14.3874
   683  6471  4343  594560.00  2321710.00  20.993615  105.909786  -11.0201  -14.0343
   684  4596  4349  575810.00  2321650.00  20.993941  105.729397   -9.7408  -13.7300
   685  5052  4352  580370.00  2321620.00  20.993477  105.773267   -8.5996  -10.4227
   686  6843  4358  598280.00  2321560.00  20.992065  105.945565  -12.7778  -19.1679
   687  4902  4427  578870.00  2320870.00  20.986766  105.758801   -7.0869  -14.0349
   688  3753  4442  567380.00  2320720.00  20.985867  105.648257   -8.5590  -15.2925
   689  6870  4463  598550.00  2320510.00  20.982565  105.948103   -7.5415  -19.3678
   690  4077  4472  570620.00  2320420.00  20.983035  105.679415   -4.5030  -13.2725
   691  4269  4514  572540.00  2320000.00  20.979165  105.697868  -10.5470  -17.4717
   692  4314  4517  572990.00  2319970.00  20.978877  105.702196  -12.8105  -12.8582
   693  4020  4532  570050.00  2319820.00  20.977636  105.673907  -10.4135  -11.8109
   694  2340  4535  553250.00  2319790.00  20.977927  105.512290  -13.2470  -16.2564
   695  5613  4544  585980.00  2319700.00  20.975876  105.827143   -7.6076  -13.8683
   696  6672  4547  596570.00  2319670.00  20.975080  105.929009   -6.9588  -14.1393
   697  4389  4559  573740.00  2319550.00  20.975052  105.709393   -6.1990  -16.5823
   698  4422  4607  574070.00  2319070.00  20.970702  105.712547   -6.5711  -10.1658
   699  6303  4631  592880.00  2318830.00  20.967681  105.893469   -6.5787  -11.3901
   700  4518  4631  575030.00  2318830.00  20.968495  105.721771   -6.9833  -11.0072
   701  6294  4670  592790.00  2318440.00  20.964162  105.892583   -8.9184  -13.8421
   702  2604  4679  555890.00  2318350.00  20.964838  105.537640  -10.5941  -20.0267
   703  2976  4685  559610.00  2318290.00  20.964179  105.573422   -9.9200  -14.7050
   704  4521  4721  575060.00  2317930.00  20.960362  105.722020   -9.1537  -16.1971
   705  2730  4745  557150.00  2317690.00  20.958836  105.549739   -4.8484  -14.0161
   706  2856  4748  558410.00  2317660.00  20.958526  105.561858   -9.6026  -10.0634
   707  5877  4748  588620.00  2317660.00  20.957321  105.852433   -8.5786  -18.0107
   708  4455  4766  574400.00  2317480.00  20.956323  105.715653   -5.3732  -15.1750
   709  4533  4769  575180.00  2317450.00  20.956020  105.723154   -7.4780  -14.2909
   710  2652  4793  556370.00  2317210.00  20.954523  105.542220   -9.3031  -16.7605
   711  2745  4793  557300.00  2317210.00  20.954495  105.551166   -5.0244  -12.4799
   712  6165  4814  591500.00  2317000.00  20.951217  105.880099   -8.0552  -14.0971
   713  2766  4820  557510.00  2316940.00  20.952048  105.553177   -6.9701  -15.5274
   714  4359  4856  573440.00  2316580.00  20.948230  105.706381   -7.9531  -14.6658
   715  2802  4865  557870.00  2316490.00  20.947971  105.556624   -4.9992  -15.3382
   716  2841  4877  558260.00  2316370.00  20.946875  105.560371   -8.1500  -15.1451
   717  2703  4883  556880.00  2316310.00  20.946376  105.547096   -4.9278  -14.3334
   718  2739  4889  557240.00  2316250.00  20.945823  105.550557   -7.9795  -11.6842
   719  3024  4928  560090.00  2315860.00  20.942208  105.577955  -10.6876  -14.0046
   720  3195  4961  561800.00  2315530.00  20.939170  105.594389   -5.0193  -12.4735
   721  3303  4961  562880.00  2315530.00  20.939133  105.604776  -13.0267  -16.1106
   722  2940  5030  559250.00  2314840.00  20.933019  105.569841   -7.0934  -14.3140
   723  2868  5036  558530.00  2314780.00  20.932500  105.562914   -6.1918  -18.3562
   724  2640  5057  556250.00  2314570.00  20.930674  105.540980   -9.0019  -16.7789
   725  2667  5069  556520.00  2314450.00  20.929581  105.543573   -8.2605  -15.0484
   726  2571  5075  555560.00  2314390.00  20.929068  105.534339   -3.1698   -8.9838
   727  2262  5087  552470.00  2314270.00  20.928074  105.504619  -12.3862  -17.2788
   728  2427  5096  554120.00  2314180.00  20.927214  105.520484  -13.8713  -18.5997
   729  2670  5099  556550.00  2314150.00  20.926870  105.543852  -11.0151  -18.7443
   730  5838  5102  588230.00  2314120.00  20.925356  105.848502   -8.1500  -15.4943
   731  2691  5114  556760.00  2314000.00  20.925508  105.545866  -13.3663  -17.1448
   732  2358  5129  553430.00  2313850.00  20.924252  105.513838   -7.2620  -14.4104
   733  2451  5141  554360.00  2313730.00  20.923141  105.522778  -10.9367  -18.0769
   734  2460  5153  554450.00  2313610.00  20.922054  105.523639  -11.0763  -18.7046
   735  2448  5159  554330.00  2313550.00  20.921515  105.522484   -3.8339  -10.4736
   736  2466  5165  554510.00  2313490.00  20.920968  105.524213  -12.2029  -16.9218

   738  4560  5333  575450.00  2311810.00  20.905052  105.725505   -5.4883  -10.9718
   739  2943  5342  559280.00  2311720.00  20.904828  105.570023  -12.2114  -13.6704
   740  2943  5378  559280.00  2311360.00  20.901576  105.570011   -7.4736  -13.1958
   741  3150  5447  561350.00  2310670.00  20.895274  105.589890  -10.8919  -19.3507
   742  3051  5465  560360.00  2310490.00  20.893680  105.580365   -9.8905  -14.0145
   743  4128  5486  571130.00  2310280.00  20.891400  105.683905   -8.9737  -14.3680
   744  4614  5495  575990.00  2310190.00  20.890393  105.730627   -5.8125  -11.6953
   745  5709  5513  586940.00  2310010.00  20.888285  105.835891   -6.7022  -14.6340
   746  2895  5519  558800.00  2309950.00  20.888851  105.565348   -3.4350  -11.0234
   747  4620  5519  576050.00  2309950.00  20.888222  105.731193   -9.5986  -13.5455
   748  6021  5552  590060.00  2309620.00  20.884612  105.865866   -5.8299  -13.8646
   749  3393  5663  563780.00  2308510.00  20.875675  105.613174  -12.5069  -11.7188
   750  3159  5720  561440.00  2307940.00  20.870604  105.590658   -9.6669  -15.8204
   751  3153  5738  561380.00  2307760.00  20.868980  105.590075   -2.7401   -9.6292
   752  3150  5738  561350.00  2307760.00  20.868981  105.589787   -7.5179  -13.0081
   753  4656  5744  576410.00  2307700.00  20.867879  105.734555  -10.0708  -12.6185
   754  2991  5747  559760.00  2307670.00  20.868220  105.574499   -9.0665  -10.2822
   755  3210  5765  561950.00  2307490.00  20.866521  105.595545   -8.0652  -11.1591
   756  4677  5777  576620.00  2307370.00  20.864888  105.736559   -7.5679  -10.4980
   757  4686  5786  576710.00  2307280.00  20.864072  105.737421   -7.8597  -19.0159
   758  3240  5786  562250.00  2307280.00  20.864614  105.598422   -9.3292  -14.2942
   759  3219  5786  562040.00  2307280.00  20.864621  105.596403   -8.0146  -14.1860
   760  3525  5813  565100.00  2307010.00  20.862076  105.625808   -5.0133  -13.0029
   761  3729  5888  567140.00  2306260.00  20.855227  105.645389   -7.6977  -14.5246
   762  6666  5888  596510.00  2306260.00  20.853930  105.927686   -4.6012  -14.8550
   763  3438  5975  564230.00  2305390.00  20.847470  105.617385   -8.5133  -12.4388
   764  4656  5981  576410.00  2305330.00  20.846466  105.734451   -7.9296  -18.2827
   765  3297  6026  562820.00  2304880.00  20.842910  105.603814  -10.0082  -16.0176
   766  4674  6026  576590.00  2304880.00  20.842392  105.736161   -9.6161  -16.2661
   767  3153  6041  561380.00  2304730.00  20.841603  105.589969   -8.8433  -20.0197
   768  3831  6182  568160.00  2303320.00  20.828626  105.655078  -14.9422  -20.0665
   769  3123  6188  561080.00  2303260.00  20.828331  105.587034   -6.8086  -13.9263
   770  3675  6242  566600.00  2302720.00  20.823262  105.640063   -8.4286  -14.9833
   771  3090  6260  560750.00  2302540.00  20.821836  105.583837   -9.6806  -15.2805
   772  3084  6269  560690.00  2302450.00  20.821025  105.583257   -4.7480  -11.2896
   773  2943  6275  559280.00  2302390.00  20.820528  105.569705   -8.1575  -13.8492
   774  2916  6284  559010.00  2302300.00  20.819724  105.567107  -10.9972  -14.4595
   775  2970  6284  559550.00  2302300.00  20.819707  105.572297  -14.2549  -15.3934
   776  2940  6293  559250.00  2302210.00  20.818903  105.569411  -11.3373  -22.1505
   777  3045  6293  560300.00  2302210.00  20.818869  105.579501   -3.7610   -9.1741
   778  2886  6311  558710.00  2302030.00  20.817294  105.564215  -10.6625  -16.5065
   779  2892  6320  558770.00  2301940.00  20.816479  105.564789   -8.4670   -9.9368
   780  2901  6320  558860.00  2301940.00  20.816476  105.565654   -2.8685  -10.8816
   781  2892  6323  558770.00  2301910.00  20.816208  105.564788   -4.6145  -13.1418
   782  2877  6332  558620.00  2301820.00  20.815399  105.563343   -5.3471  -11.8921
   783  3027  6332  560120.00  2301820.00  20.815351  105.577758   -8.4652  -14.1361
   784  3648  6332  566330.00  2301820.00  20.815140  105.637434   -7.6956  -14.3464
   785  5967  6335  589520.00  2301790.00  20.813896  105.860273   -8.4125  -14.3557
   786  2898  6350  558830.00  2301640.00  20.813766  105.565355   -7.9867  -14.1943
   787  3048  6362  560330.00  2301520.00  20.812634  105.579766   -8.4807  -12.9378
   788  3012  6392  559970.00  2301220.00  20.809935  105.576296  -10.3319  -16.9018
   789  2862  6401  558470.00  2301130.00  20.809170  105.561879   -8.9083  -14.8553
   790  5172  6458  581570.00  2300560.00  20.803149  105.783823  -12.5094  -15.2873
   792  3810  6662  567950.00  2298520.00  20.785265  105.652873   -3.9619   -4.2447
   794  3798  6827  567830.00  2296870.00  20.770361  105.651656   -9.4682  -13.3689
   795  3852  6845  568370.00  2296690.00  20.768715  105.656837  -10.0559  -16.5832
   797  3795  6860  567800.00  2296540.00  20.767380  105.651355  -14.8265  -18.8515
   798  4470  6866  574550.00  2296480.00  20.766580  105.716196   -9.6422  -13.1349
   799  3825  6896  568100.00  2296180.00  20.764117  105.654223  -10.9066  -18.1559
   801  3801  6929  567860.00  2295850.00  20.761144  105.651905  -13.8026  -19.0668
   802  3855  6947  568400.00  2295670.00  20.759498  105.657085   -8.5508  -17.9286
   803  3834  6956  568190.00  2295580.00  20.758692  105.655064   -5.2436  -10.8932
   804  3822  6965  568070.00  2295490.00  20.757884  105.653908   -1.7775  -10.3960
   806  3837  6974  568220.00  2295400.00  20.757065  105.655346  -12.9094  -17.3723
   807  3861  7001  568460.00  2295130.00  20.754617  105.657640  -10.4837  -15.5454
   810  3945  7037  569300.00  2294770.00  20.751333  105.665695   -4.0810  -13.3921
   811  3921  7040  569060.00  2294740.00  20.751071  105.663388  -20.9758  -23.4769
   813  3909  7046  568940.00  2294680.00  20.750533  105.662233  -13.3845  -20.2046
   816  3897  7064  568820.00  2294500.00  20.748911  105.661074  -15.3350  -18.5193
   817  3894  7079  568790.00  2294350.00  20.747557  105.660780  -12.1168  -17.6955
   820  3849  7103  568340.00  2294110.00  20.745405  105.656448   -0.0395   -9.6237
   822  3870  7109  568550.00  2294050.00  20.744855  105.658463   -1.7511   -7.1151
   823  6078  7133  590630.00  2293810.00  20.741744  105.870525   -5.4139  -11.5536
   825  4578  7190  575630.00  2293240.00  20.737263  105.726431   -5.1810  -13.7239
   829  3984  7253  569690.00  2292610.00  20.731802  105.669355  -10.4653  -14.8711
   830  3942  7319  569270.00  2291950.00  20.725854  105.665295   -8.2829  -11.7786
   831  4635  7349  576200.00  2291650.00  20.722874  105.731837   -7.8661  -17.1747
   832  3915  7361  569000.00  2291530.00  20.722069  105.662686   -8.0672  -14.9544
   833  3996  7361  569810.00  2291530.00  20.722039  105.670465  -17.0923  -22.3418
   834  4014  7400  569990.00  2291140.00  20.718509  105.672178   -7.8211  -20.1519
   835  4038  7400  570230.00  2291140.00  20.718500  105.674483  -20.1799  -24.0000
   836  4014  7424  569990.00  2290900.00  20.716340  105.672168   -8.8029  -13.8763
   837  3999  7439  569840.00  2290750.00  20.714991  105.670722  -12.4462  -17.1760
   838  4056  7448  570410.00  2290660.00  20.714156  105.676192  -11.1692  -13.3186
   839  4077  7448  570620.00  2290660.00  20.714148  105.678209   -5.7442  -14.1675
   840  4047  7451  570320.00  2290630.00  20.713888  105.675327  -10.4649  -20.2370
   841  4104  7499  570890.00  2290150.00  20.709530  105.680781  -12.4418  -16.3487
   842  4125  7520  571100.00  2289940.00  20.707625  105.682789  -12.3389  -16.4726
   843  4188  7541  571730.00  2289730.00  20.705703  105.688830  -13.2666  -18.0800
   844  4200  7547  571850.00  2289670.00  20.705156  105.689980  -17.9798  -22.9959
   845  4191  7547  571760.00  2289670.00  20.705160  105.689116  -13.3611  -17.9881
   846  4059  7550  570440.00  2289640.00  20.704939  105.676439   -1.4869   -7.4524
   847  4125  7559  571100.00  2289550.00  20.704101  105.682773   -2.8392  -10.4713
   848  4089  7562  570740.00  2289520.00  20.703843  105.679315   -2.2399   -8.6669
   849  4119  7583  571040.00  2289310.00  20.701935  105.682187  -14.8251  -20.0944
   850  4185  7592  571700.00  2289220.00  20.701096  105.688521   -3.9633  -14.8870
   851  4125  7613  571100.00  2289010.00  20.699222  105.682751   -8.6593  -12.7085
   852  4140  7649  571250.00  2288650.00  20.695963  105.684177   -2.2227   -6.1597
   853  4770  7667  577550.00  2288470.00  20.694086  105.744661   -1.2782  -12.2081
   855  4188  7703  571730.00  2288110.00  20.691066  105.688764   -7.6603  -13.6517
   856  4095  8057  570800.00  2284570.00  20.659116  105.679692   -5.1428  -10.1724
   857  4107  8078  570920.00  2284360.00  20.657214  105.680836   -9.7653  -13.9823
   858  4200  8096  571850.00  2284180.00  20.655552  105.689756   -4.6591  -13.3994
   859  4203  8096  571880.00  2284180.00  20.655551  105.690044   -8.0016  -16.4622
   860  4194  8096  571790.00  2284180.00  20.655555  105.689180   -9.0483  -17.8296
   861  4179  8102  571640.00  2284120.00  20.655018  105.687738  -16.7579  -18.0747
   862  4134  8102  571190.00  2284120.00  20.655035  105.683418   -8.5120  -15.2049
   863  4563  8147  575480.00  2283670.00  20.650802  105.724580   -6.6098  -12.2316
   864  4476  8150  574610.00  2283640.00  20.650565  105.716227  -12.3215  -15.1722
   865  4554  8153  575390.00  2283610.00  20.650263  105.723713  -13.2209  -18.5432
   866  4647  8183  576320.00  2283310.00  20.647515  105.732627   -6.8984  -16.6362
   867  4569  8183  575540.00  2283310.00  20.647546  105.725140   -4.4021   -8.8205
   868  4509  8198  574940.00  2283160.00  20.646215  105.719375   -2.6716   -9.1374
   869  4623  8201  576080.00  2283130.00  20.645898  105.730316   -4.4995  -11.0502
   870  4536  8210  575210.00  2283040.00  20.645120  105.721961   -5.4333  -14.3668
   871  4389  8210  573740.00  2283040.00  20.645179  105.707851   -3.4933  -10.4107
   872  4548  8216  575330.00  2282980.00  20.644573  105.723111   -0.4337   -5.5376
   873  4629  8225  576140.00  2282890.00  20.643727  105.730882   -9.3998  -23.8455
   874  4572  8234  575570.00  2282800.00  20.642937  105.725406  -15.2359  -23.8998
   875  4653  8243  576380.00  2282710.00  20.642091  105.733177   -2.8563  -10.9173
   876  4677  8252  576620.00  2282620.00  20.641268  105.735477  -14.6922  -18.9210
   877  4584  8273  575690.00  2282410.00  20.639409  105.726542   -8.3910  -13.7049
   878  4563  8276  575480.00  2282380.00  20.639146  105.724525  -17.5517  -21.2190
   879  4542  8291  575270.00  2282230.00  20.637799  105.722503   -3.2981   -9.0597
   880  4497  8297  574820.00  2282170.00  20.637275  105.718181  -22.3787  -30.9534
   881  4455  8303  574400.00  2282110.00  20.636750  105.714147   -7.8210  -18.5249
   882  4512  8315  574970.00  2281990.00  20.635643  105.719613  -25.6076  -47.3452
   883  4695  8318  576800.00  2281960.00  20.635298  105.737176    1.8436   -5.0267
   884  4695  8321  576800.00  2281930.00  20.635026  105.737175   -1.2415   -9.0857
   885  4545  8324  575300.00  2281900.00  20.634816  105.722776   -1.9205   -6.8130
   886  4497  8327  574820.00  2281870.00  20.634564  105.718168  -13.6262  -13.5468
   887  4650  8345  576350.00  2281690.00  20.632876  105.732845   -2.6077  -13.9852
   888  4629  8348  576140.00  2281660.00  20.632614  105.730828   -8.3951  -18.4668
   889  4608  8351  575930.00  2281630.00  20.632351  105.728812   -4.2525  -11.7097
   890  4653  8351  576380.00  2281630.00  20.632333  105.733131  -12.2636  -18.2721
   891  4512  8357  574970.00  2281570.00  20.631848  105.719595  -14.8505  -18.0991
   892  4509  8363  574940.00  2281510.00  20.631307  105.719305  -18.4887  -22.5177
   893  4686  8366  576710.00  2281480.00  20.630964  105.736291  -15.6147  -17.7786
   894  4713  8369  576980.00  2281450.00  20.630682  105.738882  -13.1617  -25.9702
   895  4662  8372  576470.00  2281420.00  20.630432  105.733985   -9.0628  -17.1919
   896  4512  8384  574970.00  2281300.00  20.629408  105.719584    1.9785   -7.1770
   897  4446  8384  574310.00  2281300.00  20.629435  105.713249   -4.4189  -13.0709
   898  4779  8390  577640.00  2281240.00  20.628758  105.745207   -6.9336   -6.9509
   899  4803  8393  577880.00  2281210.00  20.628477  105.747509   -4.5273   -9.0718
   900  4590  8402  575750.00  2281120.00  20.627751  105.727062   -1.3266   -6.9502
   901  4584  8405  575690.00  2281090.00  20.627482  105.726485    3.8805   -9.8913
   902  3987  8411  569720.00  2281030.00  20.627171  105.669185  -12.9062  -18.2919
   903  4521  8414  575060.00  2281000.00  20.626694  105.720435   -7.4666  -14.3773
   904  4824  8420  578090.00  2280940.00  20.626028  105.749512    4.9260   -4.2567
   905  4530  8423  575150.00  2280910.00  20.625877  105.721295   -1.5706   -9.0559
   906  4548  8423  575330.00  2280910.00  20.625870  105.723022    0.5455   -7.1841
   907  4380  8426  573650.00  2280880.00  20.625666  105.706897   -6.1155  -10.5693
   908  5307  8426  582920.00  2280880.00  20.625279  105.795865   -8.9662  -14.1839
   909  4557  8435  575420.00  2280790.00  20.624782  105.723881   -3.2541   -5.1103
   910  4638  8438  576230.00  2280760.00  20.624478  105.731653   -3.7692   -4.6837
   911  4560  8438  575450.00  2280760.00  20.624510  105.724167   -1.8836   -5.9314
   912  4497  8444  574820.00  2280700.00  20.623993  105.718119   -8.7346  -17.1480
   913  4497  8447  574820.00  2280670.00  20.623722  105.718117   -6.4999   -9.6680
   914  4608  8450  575930.00  2280640.00  20.623406  105.728769   -9.3356  -12.9794
   915  4533  8456  575180.00  2280580.00  20.622894  105.721568   -6.9658  -17.8418
   916  4845  8459  578300.00  2280550.00  20.622496  105.751511   -5.9611  -11.2804
   917  4629  8462  576140.00  2280520.00  20.622314  105.730779   -4.9001   -7.4564
   918  4689  8480  576740.00  2280340.00  20.620663  105.736530   -7.2298  -14.2378
   919  4461  8480  574460.00  2280340.00  20.620755  105.714648  -13.0479  -23.7088
   920  4569  8480  575540.00  2280340.00  20.620712  105.725013  -13.6521  -18.5083
   921  4776  8492  577610.00  2280220.00  20.619543  105.744874    1.3014   -4.7547
   922  4419  8492  574040.00  2280220.00  20.619687  105.710612  -12.9026  -18.3870
   923  4548  8498  575330.00  2280160.00  20.619094  105.722990  -18.3440  -27.9666
   924  4677  8510  576620.00  2280040.00  20.617957  105.735365  -11.9166  -18.6302
   925  4923  8510  579080.00  2280040.00  20.617855  105.758974  -15.0508  -21.6395
   926  4602  8522  575870.00  2279920.00  20.616903  105.728162   -7.1885  -15.5409
   927  4635  8528  576200.00  2279860.00  20.616348  105.731327   -1.1823  -12.4721
   928  4536  8534  575210.00  2279800.00  20.615846  105.721823  -15.1444  -20.9472
   929  4590  8546  575750.00  2279680.00  20.614740  105.727000  -12.3994  -17.7650
   930  4764  8546  577490.00  2279680.00  20.614669  105.743699  -10.9976  -15.2398
   931  4794  8549  577790.00  2279650.00  20.614385  105.746576   -6.5332  -11.5708
   932  4677  8558  576620.00  2279560.00  20.613620  105.735344  -14.9323  -14.9934
   933  4752  8561  577370.00  2279530.00  20.613318  105.742541   -4.6930  -12.2554
   934  4518  8564  575030.00  2279500.00  20.613142  105.720083   -6.1601   -9.6338
   935  4845  8576  578300.00  2279380.00  20.611925  105.751459  -16.6173  -19.4819
   936  4755  8591  577400.00  2279230.00  20.610607  105.742815  -13.3881  -25.8687
   937  4761  8603  577460.00  2279110.00  20.609520  105.743386   -6.5441  -14.0200
   938  4551  8606  575360.00  2279080.00  20.609334  105.723232   -6.2427  -10.9570
   939  4596  8609  575810.00  2279050.00  20.609045  105.727549   -4.1851  -10.7128
   940  4869  8612  578540.00  2279020.00  20.608662  105.753746   -4.4559   -6.7571
   941  4497  8612  574820.00  2279020.00  20.608814  105.718047   -5.8847  -10.1923
   942  4740  8615  577250.00  2278990.00  20.608444  105.741365   -9.0831  -17.7193
   943  4581  8618  575660.00  2278960.00  20.608238  105.726106   -8.3075  -10.1097
   944  4632  8618  576170.00  2278960.00  20.608217  105.731000  -10.8495  -15.6093
   945  4578  8621  575630.00  2278930.00  20.607968  105.725817   -6.5803  -12.4372
   946  5034  8654  580190.00  2278600.00  20.604797  105.769561  -24.0412  -26.5246
   947  4803  8660  577880.00  2278540.00  20.604352  105.747391  -19.5867  -25.1089
   948  4905  8672  578900.00  2278420.00  20.603226  105.757174  -28.7460  -23.8053
   949  4893  8681  578780.00  2278330.00  20.602417  105.756018  -12.5262  -17.4624
   950  4893  8687  578780.00  2278270.00  20.601875  105.756016   -9.4993  -10.6906
   951  4701  8699  576860.00  2278150.00  20.600871  105.737586  -13.1026  -19.4945
   952  4878  8711  578630.00  2278030.00  20.599713  105.754566  -11.2109  -10.4883
   953  5100  8714  580850.00  2278000.00  20.599348  105.775867   -6.3006  -12.9155
   954  5142  8717  581270.00  2277970.00  20.599059  105.779896  -18.1101  -23.0087
   955  4953  8717  579380.00  2277970.00  20.599139  105.761760  -11.8827  -13.8636
   956  4851  8720  578360.00  2277940.00  20.598911  105.751971  -11.4834  -16.6626
   957  4497  8735  574820.00  2277790.00  20.597700  105.717995   -4.4472   -8.0935
   958  4881  8741  578660.00  2277730.00  20.597001  105.754840   -2.7412   -9.5846
   959  4896  8744  578810.00  2277700.00  20.596724  105.756278    2.6950   -7.5088
   961  4851  8768  578360.00  2277460.00  20.594574  105.751949  -13.4877  -18.2735
   962  4845  8777  578300.00  2277370.00  20.593764  105.751370  -11.3577  -14.1313
   963  4926  8780  579110.00  2277340.00  20.593459  105.759141  -21.6789  -25.7569
   964  5325  8810  583100.00  2277040.00  20.590576  105.797412   -4.5220  -10.2394
   965  5109  8825  580940.00  2276890.00  20.589315  105.776680  -10.5042  -19.8612
   966  5301  8825  582860.00  2276890.00  20.589231  105.795102  -12.6447  -14.2444
   967  4935  8834  579200.00  2276800.00  20.588576  105.759980   -4.7187  -10.3761
   968  5319  8837  583040.00  2276770.00  20.588139  105.796824   -9.9260  -11.6820
   970  5325  8846  583100.00  2276680.00  20.587323  105.797395   -6.9007  -15.2806
   971  5346  8846  583310.00  2276680.00  20.587314  105.799410  -10.0329  -19.9215
   972  5208  8873  581930.00  2276410.00  20.584935  105.786157   -8.9178  -18.7249
   973  5325  8894  583100.00  2276200.00  20.582986  105.797373  -12.7710  -18.6512
   974  4983  8897  579680.00  2276170.00  20.582863  105.764557  -14.9956  -21.1249
   975  4956  8912  579410.00  2276020.00  20.581519  105.761960    0.8723   -5.8772
   976  5160  8912  581450.00  2276020.00  20.581432  105.781533   -4.9940   -9.6584
   977  5025  8915  580100.00  2275990.00  20.581219  105.768579  -17.5027  -21.6589
   978  5208  8924  581930.00  2275900.00  20.580327  105.786133   -9.1324  -16.7133
   979  5226  8927  582110.00  2275870.00  20.580048  105.787859  -10.3465  -14.1773
   980  5013  8936  579980.00  2275780.00  20.579327  105.767418   -8.6333  -15.6254
   981  5142  8942  581270.00  2275720.00  20.578729  105.779792   -6.5391  -11.1939
   982  4977  8948  579620.00  2275660.00  20.578258  105.763959  -11.8516  -19.7586
   983  5238  8963  582230.00  2275510.00  20.576790  105.788993   -9.7647  -17.0630
   984  5061  8981  580460.00  2275330.00  20.575240  105.772003  -12.9124  -20.3325
   985  5250  8987  582350.00  2275270.00  20.574616  105.790133  -10.7599  -13.3644
   986  5100  8990  580850.00  2275240.00  20.574410  105.775741   -4.6936   -8.6161
   987  5184  8993  581690.00  2275210.00  20.574103  105.783798   -5.4227  -14.6567
   988  5121  9002  581060.00  2275120.00  20.573317  105.777750   -7.6245  -13.9835
   989  5196  9014  581810.00  2275000.00  20.572201  105.784940   -7.6393  -17.5086
   990  5160  9023  581450.00  2274910.00  20.571403  105.781482  -14.7897  -19.4235
   991  5205  9032  581900.00  2274820.00  20.570570  105.785795   -1.7860  -10.2469
   992  5280  9035  582650.00  2274790.00  20.570266  105.792989  -12.8823  -12.7334
   993  5226  9044  582110.00  2274700.00  20.569477  105.787804   -8.1446  -16.1498
   994  5127  9050  581120.00  2274640.00  20.568978  105.778304  -11.2836  -17.3999
   996  5046  9059  580310.00  2274550.00  20.568199  105.770529   -7.9100  -14.8053
   997  5049  9083  580340.00  2274310.00  20.566030  105.770805  -11.5547  -15.8868
