; ENVI Output of ROIs (5.2) [Mon Nov 25 12:54:17 2019]
; Number of ROIs: 1
; File Dimension: 7647 x 9116
;
; ROI name: EVF: Layer: forest.shp (Record=1)
; ROI rgb value: {255, 255, 255}
; ROI npts: 986
;   ID     X     Y      Map X       Map Y        Lat         Lon        B1        B2
     1  5310   224  582950.00  2362900.00  21.366309  105.800092  -13.6322  -14.2859
     2  5184   272  581690.00  2362420.00  21.362030  105.787916  -11.7672  -20.8660
     3  5217   308  582020.00  2362060.00  21.358763  105.791081  -15.7336  -17.7481
     4  5340   317  583250.00  2361970.00  21.357894  105.802939   -3.8206  -17.6935
     5  5232   353  582170.00  2361610.00  21.354691  105.792506  -16.8301  -18.8461
     7  5169   359  581540.00  2361550.00  21.354177  105.786427  -10.9339  -17.0452
     8  5151   371  581360.00  2361430.00  21.353101  105.784686   -6.0060  -12.7535
    10  5157   404  581420.00  2361100.00  21.350117  105.785248   -7.2007   -9.8760
    11  5322   419  583070.00  2360950.00  21.348687  105.801153   -9.5792  -19.0844
    12  5238   422  582230.00  2360920.00  21.348454  105.793051  -12.7066  -19.5243
    13  5166   425  581510.00  2360890.00  21.348216  105.786106   -6.5869  -13.4731
    14  5253   443  582380.00  2360710.00  21.346550  105.794487  -11.9451  -18.0937
    15  5175   443  581600.00  2360710.00  21.346586  105.786966   -8.1404  -11.5376
    16  5205   446  581900.00  2360680.00  21.346301  105.789857   -5.8970  -13.8525
    17  5319   452  583040.00  2360620.00  21.345707  105.800848  -15.7796  -22.5710
    18  5169   464  581540.00  2360500.00  21.344691  105.786377  -10.3691  -16.3777
    19  5334   464  583190.00  2360500.00  21.344616  105.802288   -8.9912  -15.3320
    20  5274   467  582590.00  2360470.00  21.344372  105.796501   -7.4418  -11.9323
    21  5211   473  581960.00  2360410.00  21.343859  105.790423   -7.3720  -14.4535
    22  5262   488  582470.00  2360260.00  21.342481  105.795333   -5.4215   -7.4577
    23  5295   491  582800.00  2360230.00  21.342195  105.798514  -15.9591  -19.4276
    24  5190   503  581750.00  2360110.00  21.341158  105.788383  -12.6520  -16.9012
    25  5208   506  581930.00  2360080.00  21.340879  105.790117   -7.1835  -15.9127
    26  5121   506  581060.00  2360080.00  21.340918  105.781728  -10.0174  -15.6246
    27  5712   506  586970.00  2360080.00  21.340643  105.838718   -8.4491  -13.5906
    28  5895   521  588800.00  2359930.00  21.339199  105.856357   -7.7437  -13.3116
    29  5274   521  582590.00  2359930.00  21.339494  105.796475  -11.6765  -10.9475
    31  5856   551  588410.00  2359630.00  21.336508  105.852581  -10.4650  -18.7610
    32  5229   578  582140.00  2359360.00  21.334365  105.792108  -12.9081  -16.8626
    33  5298   581  582830.00  2359330.00  21.334062  105.798760  -16.3441  -16.2620
    35  5088   587  580730.00  2359270.00  21.333615  105.778507   -9.9065  -12.3640
    36  5157   587  581420.00  2359270.00  21.333584  105.785160   -5.6417  -10.5677
    37  5859   593  588440.00  2359210.00  21.332712  105.852848   -9.9043  -16.0316
    38  5214   611  581990.00  2359030.00  21.331390  105.790645   -7.7228   -9.1074
    39  5049   632  580340.00  2358820.00  21.329567  105.774725   -7.6558  -14.5372
    41  5310   644  582950.00  2358700.00  21.328365  105.799886  -13.4690  -15.8649
    42  5289   650  582740.00  2358640.00  21.327833  105.797858   -8.0446  -10.9485
    43  5034   650  580190.00  2358640.00  21.327947  105.773270  -11.8520  -16.4784
    44  5727   659  587120.00  2358550.00  21.326814  105.840086   -5.5766  -12.4583
    45  5133   662  581180.00  2358520.00  21.326819  105.782810  -13.6865  -15.7439
    46  5391   671  583760.00  2358430.00  21.325888  105.807683   -6.6374   -8.4687
    47  5757   677  587420.00  2358370.00  21.325173  105.842969   -6.5124  -13.5986
    48  5226   680  582110.00  2358340.00  21.325151  105.791769   -3.3356   -6.8405
    49  5259   689  582440.00  2358250.00  21.324323  105.794946   -8.0076   -9.8671
    50  5373   698  583580.00  2358160.00  21.323457  105.805934  -14.0019  -12.6510
    51  5358   701  583430.00  2358130.00  21.323193  105.804486   -8.0555   -9.6942
    52  5139   701  581240.00  2358130.00  21.323293  105.783370   -8.3397  -15.0267
    53  5472   704  584570.00  2358100.00  21.322869  105.815476  -10.4502  -19.9167
    54  5385   704  583700.00  2358100.00  21.322910  105.807088  -11.5683  -17.0751
    55  5232   716  582170.00  2357980.00  21.321896  105.792330   -6.6106  -10.8120
    56  5259   734  582440.00  2357800.00  21.320257  105.794924  -11.2169  -18.8627
    57  5190   734  581750.00  2357800.00  21.320289  105.788272  -13.3262  -18.4963
    58  5343   737  583280.00  2357770.00  21.319948  105.803022  -13.2887  -21.8948
    59  5142   749  581270.00  2357650.00  21.318955  105.783636   -8.2092   -9.1141
    60  5475   752  584600.00  2357620.00  21.318531  105.815742  -14.2885  -17.6243
    61  5220   758  582050.00  2357560.00  21.318107  105.791153   -7.8513  -14.2926
    62  5340   761  583250.00  2357530.00  21.317781  105.802721   -9.7345  -14.7435
    63  5013   761  579980.00  2357530.00  21.317928  105.771193  -12.8876  -24.2471
    64  5181   770  581660.00  2357440.00  21.317040  105.787387  -10.9040  -13.5244
    65  5364   773  583490.00  2357410.00  21.316686  105.805029   -7.6400  -18.9510
    66  5070   779  580550.00  2357350.00  21.316277  105.776680   -6.8754  -11.3148
    67  5136   779  581210.00  2357350.00  21.316247  105.783043   -7.0148  -14.9733
    68  5517   779  585020.00  2357350.00  21.316072  105.819778   -8.0020  -16.2080
    69  5118   782  581030.00  2357320.00  21.315984  105.781307   -8.0908  -10.5657
    70  5148   806  581330.00  2357080.00  21.313803  105.784188  -10.1520  -15.8533
    71  5310   812  582950.00  2357020.00  21.313187  105.799804   -4.0590   -9.6326
    73  4929   818  579140.00  2356960.00  21.312816  105.763067  -13.1071  -16.9700
    74  5199   839  581840.00  2356750.00  21.310798  105.789089  -12.2303  -19.6979
    76  5325   857  583100.00  2356570.00  21.309115  105.801228   -6.8289  -10.2861
    77  5223   860  582080.00  2356540.00  21.308890  105.791392  -14.4324  -16.4438
    78  5340   869  583250.00  2356450.00  21.308024  105.802668  -18.4661  -25.5012
    79  5193   869  581780.00  2356450.00  21.308091  105.788496   -7.5198  -16.3103
    80  4914   878  578990.00  2356360.00  21.307402  105.761593  -14.1974  -17.9457
    81  5262   881  582470.00  2356330.00  21.306975  105.795142   -8.0498  -14.8096
    82  5355   881  583400.00  2356330.00  21.306933  105.804108  -10.7685  -11.4251
    83  5691   881  586760.00  2356330.00  21.306775  105.836501  -10.5643  -17.3382
    84  5133   884  581180.00  2356300.00  21.306763  105.782704   -6.3782  -11.6019
    85  5223   884  582080.00  2356300.00  21.306722  105.791381  -13.4851  -19.0400
    86  5571   887  585560.00  2356270.00  21.306290  105.824929   -8.3598  -17.2098
    87  5412   896  583970.00  2356180.00  21.305551  105.809596   -8.1582  -16.4051
    88  5535   896  585200.00  2356180.00  21.305494  105.821454   -7.9268  -14.0162
    89  5340   899  583250.00  2356150.00  21.305313  105.802653  -17.7310  -18.3498
    90  5166   899  581510.00  2356150.00  21.305393  105.785878   -5.5733   -7.3240
    91  5682   899  586670.00  2356150.00  21.305153  105.835625   -6.7877  -10.8613
    92  5250   905  582350.00  2356090.00  21.304813  105.793974  -11.7729  -14.8493
    93  5688   908  586730.00  2356060.00  21.304337  105.836198   -9.3264  -15.5287
    94  5007   911  579920.00  2356030.00  21.304379  105.770544   -9.8586  -14.4383
    95  5673   923  586580.00  2355910.00  21.302989  105.834745  -10.6786  -13.7470
    96  5643   926  586280.00  2355880.00  21.302732  105.831851  -14.3905  -14.4976
    97  5235   926  582200.00  2355880.00  21.302922  105.792517  -14.9730  -18.0326
    98  5160   932  581450.00  2355820.00  21.302414  105.785284   -1.8552   -6.0647
    99  5118   935  581030.00  2355790.00  21.302162  105.781233   -4.4203  -10.0847
   100  5586   935  585710.00  2355790.00  21.301946  105.826351  -12.4120  -15.6662
   101  5271   938  582560.00  2355760.00  21.301822  105.795982  -11.2397  -23.4471
   102  5412   941  583970.00  2355730.00  21.301486  105.809574   -9.4226  -15.6911
   103  5178   941  581630.00  2355730.00  21.301593  105.787015   -4.3539   -9.6834
   104  5148   956  581330.00  2355580.00  21.300251  105.784116   -5.5522   -9.0463
   105  5592   959  585770.00  2355550.00  21.299775  105.826918   -4.6480  -10.1630
   106  5136   971  581210.00  2355430.00  21.298901  105.782952   -5.1064  -12.2731
   107  5598   980  585830.00  2355340.00  21.297875  105.827485   -7.9944  -13.8182
   108  5100   986  580850.00  2355280.00  21.297562  105.779474  -12.0330  -16.1115
   109  5691   986  586760.00  2355280.00  21.297289  105.836448  -16.8141  -18.5226
   110  5538   989  585230.00  2355250.00  21.297090  105.821697   -9.0833  -12.6649
   111  5187   995  581720.00  2355190.00  21.296710  105.787857   -6.6727   -9.9430
   112  5049   998  580340.00  2355160.00  21.296501  105.774552  -10.0367  -13.3079
   113  5628  1001  586130.00  2355130.00  21.295964  105.830367  -12.6594  -18.1934
   114  5166  1004  581510.00  2355100.00  21.295906  105.785828   -8.9908  -12.0801
   116  5622  1034  586070.00  2354800.00  21.292985  105.829772   -6.2299  -13.1544
   117  5571  1046  585560.00  2354680.00  21.291925  105.824849  -18.1704  -12.7148
   118  5682  1052  586670.00  2354620.00  21.291330  105.835546   -8.0732  -12.8305
   119  5343  1061  583280.00  2354530.00  21.290676  105.802863   -8.7390  -15.6510
   120  5556  1094  585410.00  2354200.00  21.287596  105.823379  -12.2559  -15.1665
   121  5214  1115  581990.00  2353990.00  21.285856  105.790402   -8.2324  -20.4529
   122  5265  1115  582500.00  2353990.00  21.285833  105.795318   -6.0538  -12.5010
   123  5394  1121  583790.00  2353930.00  21.285232  105.807750  -15.4579  -21.1284
   124  5610  1127  585950.00  2353870.00  21.284589  105.828568   -4.5528  -12.9497
   125  5436  1136  584210.00  2353780.00  21.283857  105.811791  -13.1431  -20.3212
   126  5616  1154  586010.00  2353600.00  21.282147  105.829132  -12.3150  -15.9071
   127  5670  1157  586550.00  2353570.00  21.281850  105.834336   -9.2790  -11.9104
   128  5586  1157  585710.00  2353570.00  21.281890  105.826239   -7.8644  -15.1838
   129  5430  1166  584150.00  2353480.00  21.281150  105.811198  -14.8948  -20.4009
   130  5508  1169  584930.00  2353450.00  21.280842  105.818715  -12.4666  -18.1759
   131  5550  1169  585350.00  2353450.00  21.280823  105.822763   -9.7693  -12.7748
   132  5517  1178  585020.00  2353360.00  21.280025  105.819578   -8.8632  -12.2294
   133  5616  1178  586010.00  2353360.00  21.279978  105.829120  -14.4868  -20.6049
   134  5457  1196  584420.00  2353180.00  21.278427  105.813785   -7.1863  -15.2588
   135  5655  1205  586400.00  2353090.00  21.277521  105.832866  -12.6523  -17.5892
   136  5634  1208  586190.00  2353060.00  21.277260  105.830840  -12.8357  -15.4492
   137  5628  1211  586130.00  2353030.00  21.276991  105.830260   -9.6775  -15.4814
   138  5022  1214  580070.00  2353000.00  21.276998  105.771847  -12.0435  -13.9684
   139  5361  1214  583460.00  2353000.00  21.276845  105.804523   -8.8395  -13.1045
   140  5460  1238  584450.00  2352760.00  21.274631  105.814054  -14.0193  -14.1399
   141  5433  1253  584180.00  2352610.00  21.273289  105.811444  -10.5232  -18.2404
   142  5349  1256  583340.00  2352580.00  21.273056  105.803346   -9.3129  -16.9976
   143  5427  1262  584120.00  2352520.00  21.272478  105.810861  -11.6114  -16.6725
   144  5379  1280  583640.00  2352340.00  21.270874  105.806225   -7.2362  -13.4800
   145  5436  1301  584210.00  2352130.00  21.268951  105.811709  -11.7311  -17.1388
   146  5547  1313  585320.00  2352010.00  21.267815  105.822402   -9.8402  -15.2136
   147  5652  1322  586370.00  2351920.00  21.266952  105.832517   -9.1589  -16.1027
   148  5667  1340  586520.00  2351740.00  21.265318  105.833954  -16.0849  -17.9908
   149  4731  1340  577160.00  2351740.00  21.265741  105.743740   -9.0877  -10.6158
   150  5457  1358  584420.00  2351560.00  21.263791  105.813705   -9.9915  -16.5272
   151  5457  1394  584420.00  2351200.00  21.260539  105.813687   -7.1345  -15.2674
   152  5634  1406  586190.00  2351080.00  21.259371  105.830740  -11.8221  -12.6350
   153  5985  1415  589700.00  2350990.00  21.258388  105.864563  -11.2590  -16.2857
   154  4617  1511  576020.00  2350030.00  21.250340  105.732676   -8.6277  -12.6894
   155  1128  1544  541130.00  2349700.00  21.248484  105.396409   -5.0469  -12.0021
   156  6081  1592  590660.00  2349220.00  21.242350  105.873721   -9.5661  -16.7616
   158   744  1721  537290.00  2347930.00  21.232575  105.359361  -10.1904  -16.2516
   159   876  1748  538610.00  2347660.00  21.230107  105.372076   -5.4693  -12.9459
   160  5790  1757  587750.00  2347570.00  21.227586  105.845594  -10.6792  -12.9865
   161   684  1826  536690.00  2346880.00  21.223100  105.353556   -3.6786  -10.5844
   162  4977  1958  579620.00  2345560.00  21.209801  105.767161   -9.9167  -11.0851
   163   984  2003  539690.00  2345110.00  21.207044  105.382424  -10.5693  -18.5866
   164  5397  2021  583820.00  2344930.00  21.203920  105.807596   -7.3912  -12.0919
   165  4341  2069  573260.00  2344450.00  21.200039  105.705837  -10.5417  -14.4251
   166   738  2108  537230.00  2344060.00  21.197609  105.358698   -9.9199  -14.7150
   167   903  2129  538880.00  2343850.00  21.195677  105.374591   -7.1638  -16.0263
   168   825  2165  538100.00  2343490.00  21.192441  105.367068   -9.3475  -15.9123
   169  1131  2165  541160.00  2343490.00  21.192375  105.396548  -12.4534  -16.9993
   170  5700  2189  586850.00  2343250.00  21.188600  105.836702  -13.8077  -14.9678
   171   837  2201  538220.00  2343130.00  21.189186  105.368216  -12.8135  -19.5048
   172  5280  2216  582650.00  2342980.00  21.186356  105.796229   -9.1076  -13.6959
   173  6345  2309  593300.00  2342050.00  21.177440  105.898769   -6.6886  -12.6941
   174  1005  2321  539900.00  2341930.00  21.178308  105.384373  -11.4268  -15.1840
   175  1002  2330  539870.00  2341840.00  21.177495  105.384082   -3.4733  -13.2689
   176   747  2336  537320.00  2341780.00  21.177007  105.359516   -7.0082   -9.9223
   177  5706  2381  586910.00  2341330.00  21.171251  105.837182  -10.1898  -15.5438
   178   573  2399  535580.00  2341150.00  21.171350  105.342741   -8.7757  -16.4249
   179   399  2420  533840.00  2340940.00  21.169485  105.325976   -8.7112  -12.8105
   180   546  2453  535310.00  2340610.00  21.166476  105.340129   -9.0686  -14.8615
   181  1440  2453  544250.00  2340610.00  21.166281  105.426243   -9.4097  -15.8512
   182  1437  2468  544220.00  2340460.00  21.164926  105.425950   -7.4961  -14.2200
   183  1029  2471  540140.00  2340430.00  21.164750  105.386650   -6.0063  -12.2256
   184   555  2486  535400.00  2340280.00  21.163492  105.340989   -8.2963  -13.5134
   185  1143  2522  541280.00  2339920.00  21.160116  105.397618  -11.7343  -15.1888
   186   426  2534  534110.00  2339800.00  21.159180  105.328554   -9.6461  -14.0555
   187   582  2549  535670.00  2339650.00  21.157795  105.343577   -8.3287  -17.9409
   188  1224  2591  542090.00  2339230.00  21.153863  105.405403   -5.9177  -12.5580
   189   747  2612  537320.00  2339020.00  21.152070  105.359456   -7.2302  -15.6508
   190   453  2618  534380.00  2338960.00  21.151585  105.331137   -6.4115  -13.1308
   191  3267  2660  562520.00  2338540.00  21.147043  105.602149   -9.4427  -11.4718
   192  1836  2669  548210.00  2338450.00  21.146664  105.464327  -11.3511  -14.6113
   193  1056  2672  540410.00  2338420.00  21.146583  105.389203   -6.6677  -13.8078
   194   498  2681  534830.00  2338330.00  21.145885  105.335459  -11.4853  -16.0654
   195   525  2684  535100.00  2338300.00  21.145608  105.338059  -11.9799  -14.7602
   196   708  2684  536930.00  2338300.00  21.145572  105.355684  -13.8001  -18.8206
   197   303  2687  532880.00  2338270.00  21.145379  105.316677   -9.2381  -17.6703
   198  1065  2687  540500.00  2338270.00  21.145225  105.390066   -7.3128   -9.7955
   199  1044  2693  540290.00  2338210.00  21.144688  105.388042  -10.0576  -17.6583
   200  2745  2699  557300.00  2338150.00  21.143691  105.551862   -8.9866  -13.4567
   201   525  2699  535100.00  2338150.00  21.144253  105.338056   -6.7102  -14.0841
   202   369  2702  533540.00  2338120.00  21.144011  105.323030   -7.8956  -13.2330
   203   894  2705  538790.00  2338090.00  21.143636  105.373593   -7.7540  -13.6737
   204   912  2705  538970.00  2338090.00  21.143632  105.375326   -9.0624  -14.1938
   205  1275  2711  542600.00  2338030.00  21.143009  105.410285   -5.0248  -13.4669
   206  5931  2717  589160.00  2337970.00  21.140787  105.858679   -8.0687  -15.8834
   207   738  2723  537230.00  2337910.00  21.142042  105.358565   -8.7732  -14.0276
   208   786  2726  537710.00  2337880.00  21.141761  105.363187   -9.7723  -15.4593
   209  1809  2735  547940.00  2337790.00  21.140708  105.461708  -10.0525  -16.1102
   210  1359  2741  543440.00  2337730.00  21.140279  105.418368  -10.0283  -13.1742
   211  3456  2744  564410.00  2337700.00  21.139388  105.620320   -7.6376  -19.0164
   212  1818  2747  548030.00  2337670.00  21.139622  105.462571   -6.8200  -14.0562
   213  1038  2753  540230.00  2337610.00  21.139268  105.387450   -7.2960  -13.1949
   214   681  2753  536660.00  2337610.00  21.139343  105.353069   -9.9064  -14.5689
   215  4764  2753  577490.00  2337610.00  21.138067  105.746279   -8.4421  -13.0875
   216  1944  2759  549290.00  2337550.00  21.138504  105.474702   -5.6890  -12.9058
   217  3639  2762  566240.00  2337520.00  21.137697  105.637936   -5.9251  -14.6364
   218  1002  2768  539870.00  2337460.00  21.137921  105.383980   -8.2786  -14.7685
   219  1050  2786  540350.00  2337280.00  21.136284  105.388598   -3.3906  -17.4103
   220  3414  2792  563990.00  2337220.00  21.135066  105.616257   -7.6536  -14.3186
   221   456  2798  534410.00  2337160.00  21.135321  105.331390   -7.9949  -11.6552
   222  2355  2822  553400.00  2336920.00  21.132696  105.514264   -7.8030  -14.2460
   223  1044  2834  540290.00  2336800.00  21.131948  105.388009   -8.5252  -16.8293
   224   345  2834  533300.00  2336800.00  21.132089  105.320693  -14.4504  -17.6292
   225  1593  2834  545780.00  2336800.00  21.131819  105.440879  -14.3273  -13.7944
   226   648  2837  536330.00  2336770.00  21.131760  105.349873   -7.9587  -15.0170
   227   516  2846  535010.00  2336680.00  21.130973  105.337159  -10.2669  -15.3773
   228   501  2858  534860.00  2336560.00  21.129891  105.335712  -11.5375  -13.0685
   229  3906  2864  568910.00  2336500.00  21.128382  105.663608   -5.8677  -15.2074
   230   309  2870  532940.00  2336440.00  21.128843  105.317220   -5.1211   -7.9815
   231  6057  2879  590420.00  2336350.00  21.126089  105.870727   -4.0448  -16.0065
   232   420  2879  534050.00  2336350.00  21.128009  105.327907  -11.5029  -16.4877
   233  3492  2903  564770.00  2336110.00  21.125010  105.623727   -6.8359  -13.9615
   234  1413  2909  543980.00  2336050.00  21.125087  105.423525   -5.4676  -12.9568
   235  1857  2912  548420.00  2336020.00  21.124703  105.466280   -8.8636  -15.3967
   236   684  2927  536690.00  2335870.00  21.123621  105.353320   -8.6531  -17.3179
   237  3552  2930  565370.00  2335840.00  21.122549  105.629494   -7.7031  -14.4312
   238  1653  2960  546380.00  2335540.00  21.120419  105.446623   -8.3533  -16.9949
   239   570  2963  535550.00  2335510.00  21.120391  105.342335  -10.7122  -15.4366
   240   867  2963  538520.00  2335510.00  21.120331  105.370934  -13.1444  -16.0878
   241   441  2981  534260.00  2335330.00  21.118789  105.329909  -10.3827  -11.6102
   242  1539  3002  545240.00  2335120.00  21.116653  105.435634   -7.5227  -13.2275
   243  5457  3002  584420.00  2335120.00  21.115264  105.812892   -7.5645  -15.0086
   244  1533  3005  545180.00  2335090.00  21.116383  105.435056  -10.1314  -16.1995
   245   441  3008  534260.00  2335060.00  21.116350  105.329904   -7.7181   -7.6076
   246   405  3011  533900.00  2335030.00  21.116085  105.326437  -12.7178  -14.6148
   247   399  3017  533840.00  2334970.00  21.115544  105.325858   -9.4095  -14.8922
   248  4767  3044  577520.00  2334700.00  21.111775  105.746437  -10.0215  -14.5306
   249   438  3050  534230.00  2334640.00  21.112555  105.329606   -6.8886  -15.3463
   250   816  3056  538010.00  2334580.00  21.111939  105.366003   -5.2652  -11.3326
   251  2001  3059  549860.00  2334550.00  21.111383  105.480104   -4.8731  -12.9034
   252   960  3059  539450.00  2334550.00  21.111637  105.379868   -8.2600  -10.2498
   253  1794  3062  547790.00  2334520.00  21.111167  105.460172  -10.6961  -14.2894
   254   972  3071  539570.00  2334430.00  21.110550  105.381021   -5.4173  -14.7459
   255   456  3077  534410.00  2334370.00  21.110112  105.331334   -8.8406  -12.3329
   256   423  3080  534080.00  2334340.00  21.109848  105.328156   -5.0573  -10.8712
   257   435  3083  534200.00  2334310.00  21.109574  105.329311   -8.7192  -12.3933
   258  5472  3098  584570.00  2334160.00  21.106583  105.814289   -5.0398  -13.1970
   259  5628  3104  586130.00  2334100.00  21.105968  105.829306   -7.6036  -14.4169
   260  1830  3107  548150.00  2334070.00  21.107092  105.463626   -8.5995  -14.7464
   261   675  3113  536600.00  2334010.00  21.106817  105.352414   -3.3015  -10.7271
   262   675  3125  536600.00  2333890.00  21.105733  105.352411   -6.0881  -11.4038
   263   768  3137  537530.00  2333770.00  21.104630  105.361363   -5.4083  -12.4269
   264  1011  3155  539960.00  2333590.00  21.102952  105.384756   -5.8021  -10.8850
   265  1518  3161  545030.00  2333530.00  21.102292  105.433570  -10.5413  -14.4379
   266  1833  3164  548180.00  2333500.00  21.101941  105.463898  -14.0566  -16.2254
   267  4062  3167  570470.00  2333470.00  21.100947  105.678506   -7.8963  -17.4478
   268   729  3173  537140.00  2333410.00  21.101385  105.357600   -9.6339  -18.0372
   269  1026  3173  540110.00  2333410.00  21.101322  105.386196  -11.8264  -19.8088
   270   648  3182  536330.00  2333320.00  21.100588  105.349799   -7.8230  -13.8462
   271  4083  3185  570680.00  2333290.00  21.099313  105.680520  -10.7898  -13.3501
   272   645  3191  536300.00  2333230.00  21.099776  105.349509   -4.4632   -7.7632
   273  3840  3191  568250.00  2333230.00  21.098863  105.657122   -8.5226  -17.4234
   274   708  3194  536930.00  2333200.00  21.099492  105.355574   -8.5838  -12.6652
   275  1059  3203  540440.00  2333110.00  21.098605  105.389367   -9.5540  -21.3538
   276  3924  3224  569090.00  2332900.00  21.095850  105.665196   -9.0788  -17.1417
   277   843  3227  538280.00  2332870.00  21.096483  105.368565   -8.1396  -15.6892
   278  1230  3227  542150.00  2332870.00  21.096397  105.405825  -10.4260  -14.6383
   279  1233  3230  542180.00  2332840.00  21.096126  105.406113   -6.8747  -14.4047
   280   393  3236  533780.00  2332780.00  21.095758  105.325237  -12.9692  -14.4399
   281   465  3239  534500.00  2332750.00  21.095473  105.332168   -7.6561  -15.0733
   282   714  3239  536990.00  2332750.00  21.095425  105.356142  -13.7187  -18.0757
   283   474  3245  534590.00  2332690.00  21.094930  105.333034   -7.3524  -17.2579
   284   792  3245  537770.00  2332690.00  21.094867  105.363650   -8.2248  -18.7296
   285  5697  3248  586820.00  2332660.00  21.092926  105.835876   -5.6815  -10.7129
   286   435  3248  534200.00  2332660.00  21.094666  105.329278   -2.3564  -12.5010
   287   819  3251  538040.00  2332630.00  21.094319  105.366248   -8.2534  -15.5334
   288   654  3254  536390.00  2332600.00  21.094082  105.350362   -1.9053   -7.7274
   289   699  3254  536840.00  2332600.00  21.094073  105.354694    6.1040   -6.3997
   290   972  3254  539570.00  2332600.00  21.094016  105.380978  -11.8700  -19.3295
   291   699  3260  536840.00  2332540.00  21.093530  105.354693   -0.7919   -2.0328
   292   993  3260  539780.00  2332540.00  21.093469  105.382999   -9.4613  -16.2808
   293  1323  3260  543080.00  2332540.00  21.093394  105.414770  -12.0946  -15.3053
   294  1725  3263  547100.00  2332510.00  21.093024  105.453473  -12.3164  -21.1495
   295   630  3263  536150.00  2332510.00  21.093273  105.348049  -10.3270  -16.9887
   296   771  3275  537560.00  2332390.00  21.092160  105.361622  -13.0093  -17.0721
   297   651  3275  536360.00  2332390.00  21.092185  105.350069   -5.4090  -13.5356
   298   561  3287  535460.00  2332270.00  21.091118  105.341401  -18.0809  -18.6617
   299   867  3287  538520.00  2332270.00  21.091056  105.370862   -3.3027   -6.8771
   300   687  3290  536720.00  2332240.00  21.090822  105.353531   -2.5402  -14.8487
   301   735  3290  537200.00  2332240.00  21.090813  105.358153  -12.6127  -17.9411
   302   588  3296  535730.00  2332180.00  21.090300  105.343999   -9.6185  -16.5868
   303  1551  3299  545360.00  2332150.00  21.089815  105.436711   -5.0056  -15.5062
   304   594  3302  535790.00  2332120.00  21.089756  105.344575   -9.6284  -14.6956
   305  1086  3305  540710.00  2332090.00  21.089383  105.391942   -1.7631   -8.1836
   306  6306  3308  592910.00  2332060.00  21.087206  105.894471   -6.3458  -14.0774
   307   576  3311  535610.00  2332030.00  21.088947  105.342840   -9.1562  -15.6970
   308  1095  3311  540800.00  2332030.00  21.088838  105.392807  -13.3965  -14.8320
   309  1242  3317  542270.00  2331970.00  21.088263  105.406958   -7.0139  -12.8345
   310  6384  3317  593690.00  2331970.00  21.086354  105.901974   -6.9000  -11.5675
   311  1116  3323  541010.00  2331910.00  21.087749  105.394826   -9.4879  -11.4806
   312  4662  3323  576470.00  2331910.00  21.086612  105.736203  -10.4833  -11.7850
   313   834  3329  538190.00  2331850.00  21.087268  105.367675  -10.1255  -17.0943
   314  6390  3329  593750.00  2331850.00  21.085266  105.902545   -3.7158   -8.6874
   315   699  3332  536840.00  2331820.00  21.087025  105.354678   -2.9566   -7.4294
   316   777  3332  537620.00  2331820.00  21.087009  105.362187  -11.9898  -20.3682
   317   942  3341  539270.00  2331730.00  21.086161  105.378070  -15.0479  -23.6288
   318   564  3341  535490.00  2331730.00  21.086238  105.341679   -4.9906  -16.3655
   319   903  3344  538880.00  2331700.00  21.085898  105.374315   -8.4681  -13.5619
   320  6336  3344  593210.00  2331700.00  21.083939  105.897339   -3.8198  -12.3529
   321   981  3344  539660.00  2331700.00  21.085882  105.381824  -15.8607  -14.4728
   322  6759  3347  597440.00  2331670.00  21.083447  105.938056  -10.5339  -17.7252
   323  1644  3350  546290.00  2331640.00  21.085184  105.445651   -8.5462  -11.6044
   324   924  3353  539090.00  2331610.00  21.085081  105.376334   -7.5051  -15.6036
   325   978  3353  539630.00  2331610.00  21.085069  105.381533  -11.3533  -17.9219
   326   819  3356  538040.00  2331580.00  21.084832  105.366225   -7.4229  -16.9503
   327  1353  3356  543380.00  2331580.00  21.084713  105.417634   -9.0791  -17.6046
   328   507  3356  534920.00  2331580.00  21.084894  105.336188   -3.0878  -11.9073
   329  1056  3359  540410.00  2331550.00  21.084510  105.389041   -7.3748  -15.4312
   330   555  3359  535400.00  2331550.00  21.084614  105.340809  -10.6165  -11.7997
   331   957  3362  539420.00  2331520.00  21.084261  105.379509   -7.2398  -14.7678
   332   735  3365  537200.00  2331490.00  21.084036  105.358136   -6.9290  -15.4858
   333  1368  3368  543530.00  2331460.00  21.083625  105.419075  -16.8566  -20.9245
   334   927  3368  539120.00  2331460.00  21.083725  105.376620  -10.9130  -15.4559
   335   786  3371  537710.00  2331430.00  21.083483  105.363045  -11.3648  -17.1225
   336   813  3377  537980.00  2331370.00  21.082936  105.365643   -9.9142  -13.8138
   337  1056  3377  540410.00  2331370.00  21.082884  105.389037   -8.4239  -14.3050
   338   474  3377  534590.00  2331370.00  21.083003  105.333007   -7.4722  -15.4963
   339  1050  3380  540350.00  2331340.00  21.082614  105.388458   -6.3308  -17.8930
   340   855  3383  538400.00  2331310.00  21.082385  105.369685   -5.5624  -12.7542
   341  4491  3386  574760.00  2331280.00  21.080990  105.719713   -9.3428  -15.2239
   342   792  3389  537770.00  2331250.00  21.081856  105.363619   -6.9801  -13.0037
   343  1896  3389  548810.00  2331250.00  21.081595  105.469900  -11.3952  -14.5439
   344  2190  3389  551750.00  2331250.00  21.081514  105.498203   -6.7396  -14.5982
   345  4728  3392  577130.00  2331220.00  21.080350  105.742525   -7.0610  -12.6241
   346   489  3392  534740.00  2331220.00  21.081645  105.334448   -6.0197  -10.5726
   347   927  3395  539120.00  2331190.00  21.081285  105.376614   -6.2448  -10.2860
   348   855  3395  538400.00  2331190.00  21.081301  105.369682   -8.6838  -11.7654
   349   855  3407  538400.00  2331070.00  21.080216  105.369680  -13.6214  -21.4392
   350   492  3410  534770.00  2331040.00  21.080018  105.334733   -9.1940  -12.4956
   351   666  3410  536510.00  2331040.00  21.079984  105.351484   -7.9264  -15.4921
   352   543  3419  535280.00  2330950.00  21.079195  105.339641   -6.2500   -9.1184
   353  1011  3422  539960.00  2330920.00  21.078828  105.384694  -14.3792  -18.8388
   354   630  3422  536150.00  2330920.00  21.078907  105.348016   -4.6980  -14.0953
   355  5091  3422  580760.00  2330920.00  21.077483  105.777454  -11.2310  -12.1121
   356  1185  3431  541700.00  2330830.00  21.077976  105.401443   -5.9649  -11.9108
   357   603  3437  535880.00  2330770.00  21.077557  105.345413   -6.3044  -12.8507
   358   858  3440  538430.00  2330740.00  21.077234  105.369961  -10.2049  -17.3837
   359  1503  3446  544880.00  2330680.00  21.076545  105.432052  -11.0904  -16.4978
   360  1500  3452  544850.00  2330620.00  21.076004  105.431761  -10.5540  -16.3588
   361   636  3452  536210.00  2330620.00  21.076195  105.348587   -8.8452  -10.5666
   362  1056  3455  540410.00  2330590.00  21.075836  105.389018  -19.7752  -24.6951
   363   819  3455  538040.00  2330590.00  21.075887  105.366203   -6.5331  -15.1976
   364  1071  3458  540560.00  2330560.00  21.075562  105.390462   -7.2512  -11.3150
   365   648  3464  536330.00  2330500.00  21.075108  105.349740   -3.9914  -13.0554
   366   867  3464  538520.00  2330500.00  21.075064  105.370822   -9.9038  -16.1396
   367   651  3464  536360.00  2330500.00  21.075108  105.350029   -3.2689  -10.7972
   368   702  3467  536870.00  2330470.00  21.074827  105.354938   -7.8369  -15.1681
   369  4860  3473  578450.00  2330410.00  21.072976  105.755195   -5.5355  -15.8129
   370  1077  3476  540620.00  2330380.00  21.073934  105.391035  -14.5268  -21.4534
   371   696  3479  536810.00  2330350.00  21.073744  105.354357    4.4417   -8.3997
   372  4998  3479  579830.00  2330350.00  21.072374  105.768476   -7.3902  -14.8070
   373   522  3482  535070.00  2330320.00  21.073507  105.337607   -2.5668  -12.0745
   374  1077  3482  540620.00  2330320.00  21.073392  105.391034  -11.5728  -12.5453
   375   621  3485  536060.00  2330290.00  21.073216  105.347136   -7.2335  -12.7919
   376   876  3488  538610.00  2330260.00  21.072893  105.371683  -14.2316  -16.3986
   377  4803  3488  577880.00  2330260.00  21.071645  105.749701  -11.1888  -12.3092
   378   867  3491  538520.00  2330230.00  21.072624  105.370816  -12.5182  -14.3422
   379  3765  3494  567500.00  2330200.00  21.071515  105.649783   -9.6664  -14.0822
   380   768  3503  537530.00  2330110.00  21.071560  105.361283   -9.5514  -18.4884
   381  5727  3503  587120.00  2330110.00  21.069874  105.838635   -7.0718  -12.6610
   382  5010  3506  579950.00  2330080.00  21.069929  105.769618   -6.8376   -9.7567
   383  5754  3506  587390.00  2330080.00  21.069590  105.841232   -7.0287  -14.0903
   384   669  3509  536540.00  2330050.00  21.071038  105.351752    6.6120   -1.7247
   385   645  3509  536300.00  2330050.00  21.071043  105.349442   -3.2168  -12.1198
   386  2004  3515  549890.00  2329990.00  21.070181  105.480261  -15.0920  -25.0058
   387   534  3515  535190.00  2329990.00  21.070523  105.338755  -10.5056  -14.2724
   388  4836  3518  578210.00  2329960.00  21.068920  105.752864   -7.1037  -20.0404
   389  1155  3524  541400.00  2329900.00  21.069580  105.398532   -8.9055  -15.1389
   390   552  3530  535370.00  2329840.00  21.069164  105.340485   -8.0592  -12.3201
   391  3867  3530  568520.00  2329840.00  21.068224  105.659587   -9.6342  -18.7091
   392   627  3530  536120.00  2329840.00  21.069149  105.347704   -2.5091   -6.0766
   393  2031  3533  550160.00  2329810.00  21.068548  105.482855   -8.5974  -15.8045
   394  3819  3536  568040.00  2329780.00  21.067700  105.654964   -5.4396  -10.1270
   395   669  3542  536540.00  2329720.00  21.068057  105.351745  -11.5315  -12.3745
   396  1101  3545  540860.00  2329690.00  21.067694  105.393329   -7.0856  -18.9069
   397   558  3548  535430.00  2329660.00  21.067536  105.341059   -2.7596  -11.7194
   398  1776  3548  547610.00  2329660.00  21.067260  105.458304  -12.8945  -16.1503
   399   870  3548  538550.00  2329660.00  21.067473  105.371092   -9.4125  -14.6578
   400  1788  3551  547730.00  2329630.00  21.066986  105.459458  -10.4314  -15.3604
   401  2832  3551  558170.00  2329630.00  21.066684  105.559952   -6.8317  -17.6797
   402   315  3551  533000.00  2329630.00  21.067311  105.317666  -11.6962  -14.9618
   403   852  3554  538370.00  2329600.00  21.066935  105.369358   -5.4029  -13.7166
   404  1149  3554  541340.00  2329600.00  21.066870  105.397947  -11.6055  -17.3706
   405  1032  3560  540170.00  2329540.00  21.066354  105.386684   -7.5853  -12.5203
   406   858  3560  538430.00  2329540.00  21.066392  105.369934  -10.1622  -17.2001
   407   753  3572  537380.00  2329420.00  21.065329  105.359824   -1.7186   -6.3997
   408   867  3578  538520.00  2329360.00  21.064763  105.370797   -8.2081  -17.6759
   409   957  3578  539420.00  2329360.00  21.064744  105.379460   -7.3545  -13.5270
   410  2559  3584  555440.00  2329300.00  21.063788  105.533663   -6.2266  -12.9350
   411   750  3587  537350.00  2329270.00  21.063974  105.359532   -5.6651   -6.8594
   412   936  3590  539210.00  2329240.00  21.063664  105.377436  -10.8232  -17.5000
   413   729  3590  537140.00  2329240.00  21.063708  105.357510    0.0722   -8.0062
   414   963  3593  539480.00  2329210.00  21.063388  105.380034   -7.6406  -11.8141
   415   603  3599  535880.00  2329150.00  21.062919  105.345380   -4.4353  -10.2980
   416  4839  3599  578240.00  2329150.00  21.061601  105.753116   -7.3825  -14.7335
   417  3828  3599  568130.00  2329150.00  21.062005  105.655805  -11.0040  -14.1888
   418   951  3602  539360.00  2329120.00  21.062577  105.378877  -16.2215  -16.8836
   419   780  3602  537650.00  2329120.00  21.062613  105.362417  -13.3931  -19.6302
   420  1506  3605  544910.00  2329090.00  21.062178  105.432299   -9.4153  -14.1423
   421   867  3605  538520.00  2329090.00  21.062324  105.370791  -11.0927  -15.9544
   422   873  3605  538580.00  2329090.00  21.062323  105.371368  -11.9692  -21.2652
   423   849  3608  538340.00  2329060.00  21.062056  105.369057  -11.2725  -17.5013
   424  1485  3608  544700.00  2329060.00  21.061912  105.430277   -6.1770  -13.4562
   425   918  3611  539030.00  2329030.00  21.061771  105.375698   -9.8120  -16.8925
   426   639  3611  536240.00  2329030.00  21.061828  105.348842   -2.8071   -9.7260
   427   786  3611  537710.00  2329030.00  21.061798  105.362992  -12.5279  -17.9612
   428   798  3614  537830.00  2329000.00  21.061525  105.364147  -15.3313  -24.0858
   429  4761  3617  577460.00  2328970.00  21.060008  105.745601   -4.4794  -13.5584
   430  4770  3623  577550.00  2328910.00  21.059462  105.746464   -7.4270  -14.1878
   431  1746  3623  547310.00  2328910.00  21.060492  105.455396   -7.9129  -12.2984
   432  4851  3629  578360.00  2328850.00  21.058885  105.754258  -12.3283  -12.6620
   433   966  3635  539510.00  2328790.00  21.059592  105.380313   -7.7415  -14.5066
   434   468  3635  534530.00  2328790.00  21.059693  105.332378  -10.3239  -20.2886
   435   648  3635  536330.00  2328790.00  21.059658  105.349704   -1.4551   -4.6006
   436   441  3638  534260.00  2328760.00  21.059427  105.329778   -6.6287  -12.1910
   437  4833  3638  578180.00  2328760.00  21.058080  105.752521   -9.6122  -13.5730
   438   663  3641  536480.00  2328730.00  21.059113  105.351146    0.6441   -6.9863
   439   537  3641  535220.00  2328730.00  21.059137  105.339018   -8.3596  -13.7668
   440   918  3641  539030.00  2328730.00  21.059060  105.375691  -11.0436  -19.7420
   441  1080  3644  540650.00  2328700.00  21.058754  105.391284   -6.7519  -10.1081
   442  5001  3647  579860.00  2328670.00  21.057194  105.768687   -7.6917  -15.1898
   443   414  3650  533990.00  2328640.00  21.058347  105.327177   -0.6389   -7.3807
   444  4842  3656  578270.00  2328580.00  21.056450  105.753379  -11.0008  -15.4135
   445   450  3656  534350.00  2328580.00  21.057799  105.330641   -2.3582   -7.7695
   446   264  3656  532490.00  2328580.00  21.057832  105.312737   -7.0263  -14.0604
   447   954  3659  539390.00  2328550.00  21.057426  105.379153   -8.6105  -14.4239
   448   729  3665  537140.00  2328490.00  21.056931  105.357494    0.9372   -7.7790
   449   663  3668  536480.00  2328460.00  21.056673  105.351141   -6.2759   -8.4638
   450  2127  3677  551120.00  2328370.00  21.055510  105.492053   -6.7275  -15.1192
   451   783  3686  537680.00  2328280.00  21.055023  105.362687    1.6974   -6.2028
   452  2130  3686  551150.00  2328280.00  21.054696  105.492339   -7.2514  -11.0130
   453   210  3695  531950.00  2328190.00  21.054318  105.307532   -6.5503  -14.0284
   454   975  3695  539600.00  2328190.00  21.054169  105.381166   -9.5172  -14.1668
   455  1707  3695  546920.00  2328190.00  21.053996  105.451622   -9.2592  -13.2975
   456   537  3698  535220.00  2328160.00  21.053987  105.339006  -10.0134  -11.3183
   457   693  3698  536780.00  2328160.00  21.053957  105.354022   -6.3680  -11.0820
   458   735  3701  537200.00  2328130.00  21.053677  105.358064   -0.4739   -6.2055
   459   606  3704  535910.00  2328100.00  21.053432  105.345647   -1.5588  -12.7253
   460   747  3707  537320.00  2328070.00  21.053132  105.359217    0.7156   -7.4594
   461   876  3710  538610.00  2328040.00  21.052835  105.371633  -11.7307  -19.6897
   462   600  3716  535850.00  2327980.00  21.052349  105.345067   -9.2544  -16.9613
   463   741  3716  537260.00  2327980.00  21.052321  105.358638   -0.3074   -5.3474
   464  1053  3719  540380.00  2327950.00  21.051983  105.388668   -7.3175  -18.4868
   465  1050  3722  540350.00  2327920.00  21.051713  105.388378   -8.5032  -12.4841
   466   918  3722  539030.00  2327920.00  21.051742  105.375673  -15.0239  -24.9523
   467  2226  3728  552110.00  2327860.00  21.050874  105.501566   -9.2696  -16.9972
   468   939  3728  539240.00  2327860.00  21.051195  105.377693  -11.1113  -19.1435
   469   396  3731  533810.00  2327830.00  21.051032  105.325428  -11.9237  -13.2550
   470   840  3731  538250.00  2327830.00  21.050945  105.368164  -14.9454  -16.7575
   471   627  3731  536120.00  2327830.00  21.050988  105.347662  -12.9945  -18.1207
   472   504  3734  534890.00  2327800.00  21.050741  105.335823   -2.7075   -9.7557
   473   945  3734  539300.00  2327800.00  21.050652  105.378269   -8.9780  -16.6183
   474  4890  3737  578750.00  2327770.00  21.049111  105.757962   -9.5249  -14.2244
   475   681  3737  536660.00  2327770.00  21.050435  105.352858   -9.5496  -14.8785
   476  1080  3737  540650.00  2327770.00  21.050351  105.391262  -12.4637  -17.8153
   477  2385  3737  553700.00  2327770.00  21.050015  105.516867   -6.0999  -12.7777
   478  1686  3737  546710.00  2327770.00  21.050207  105.449589   -7.5184  -19.1023
   479  6852  3743  598370.00  2327710.00  21.047622  105.946782   -5.1346  -14.4687
   480  6849  3749  598340.00  2327650.00  21.047081  105.946490   -5.3847  -12.2677
   481  1035  3752  540200.00  2327620.00  21.049006  105.386927  -10.9934  -16.3878
   482   849  3755  538340.00  2327590.00  21.048774  105.369024   -6.4981  -12.2973
   483  1071  3755  540560.00  2327590.00  21.048727  105.390392  -18.1097  -30.8068
   484   717  3758  537020.00  2327560.00  21.048530  105.356319   -0.1491   -6.2809
   485  4845  3758  578300.00  2327560.00  21.047233  105.753621   -7.1614  -15.7633
   486  6858  3761  598430.00  2327530.00  21.045992  105.947349   -7.1001  -13.3632
   487  1050  3761  540350.00  2327530.00  21.048189  105.388369  -10.2784  -16.0425
   488   822  3761  538070.00  2327530.00  21.048238  105.366424    0.4282  -10.8531
   489   558  3764  535430.00  2327500.00  21.048020  105.341014   -3.6674   -5.3925
   490   717  3770  537020.00  2327440.00  21.047446  105.356316   -2.7226   -9.5729
   491  2472  3773  554570.00  2327410.00  21.046737  105.525229   -7.9143  -13.9143
   492   927  3776  539120.00  2327380.00  21.046861  105.376527  -10.1387  -17.5831
   493  1347  3776  543320.00  2327380.00  21.046766  105.416951  -11.6164  -15.4923
   494  1152  3779  541370.00  2327350.00  21.046540  105.398182  -10.4788  -16.1763
   495   954  3779  539390.00  2327350.00  21.046584  105.379125  -11.0995  -14.7167
   496   906  3782  538910.00  2327320.00  21.046323  105.374505  -11.1205  -20.1624
   497  1689  3785  546740.00  2327290.00  21.045869  105.449865   -9.0881  -18.4294
   498  1206  3788  541910.00  2327260.00  21.045715  105.403377  -12.5330  -15.7134
   499   900  3788  538850.00  2327260.00  21.045782  105.373926  -14.6668  -17.2210
   500   870  3788  538550.00  2327260.00  21.045788  105.371038  -15.7694  -22.1725
   501  1197  3791  541820.00  2327230.00  21.045446  105.402510  -11.1555  -16.4803
   502   903  3791  538880.00  2327230.00  21.045510  105.374214  -12.4798  -18.5677
   503  1206  3791  541910.00  2327230.00  21.045444  105.403377  -12.3355  -13.9128
   504  1281  3794  542660.00  2327200.00  21.045155  105.410594   -7.8877  -13.8792
   505   933  3794  539180.00  2327200.00  21.045233  105.377101  -12.2409  -16.2968
   506  1167  3803  541520.00  2327110.00  21.044368  105.399620   -1.4038   -9.3594
   507   840  3806  538250.00  2327080.00  21.044168  105.368147   -1.1013   -5.4016
   508  1089  3806  540740.00  2327080.00  21.044115  105.392112   -7.1650  -19.9624
   509   567  3806  535520.00  2327080.00  21.044223  105.341872   -1.8092   -7.1711
   510  2382  3809  553670.00  2327050.00  21.043511  105.516556   -7.7903  -17.7384
   511   474  3809  534590.00  2327050.00  21.043970  105.332920   -4.3153   -7.8757
   512  1041  3809  540260.00  2327050.00  21.043854  105.387492   -6.2572  -16.0885
   513   825  3809  538100.00  2327050.00  21.043900  105.366703   -0.6702   -6.4664
   514  1281  3812  542660.00  2327020.00  21.043529  105.410590  -12.2571  -15.8290
   515  2625  3812  556100.00  2327020.00  21.043167  105.539942   -9.0022  -15.9647
   516  6729  3812  597140.00  2327020.00  21.041454  105.934906   -9.1128  -15.7808
   517  6861  3815  598460.00  2326990.00  21.041112  105.947607   -7.3281  -13.1908
   518   537  3815  535220.00  2326990.00  21.043416  105.338982   -2.4773  -12.3873
   519  3825  3818  568100.00  2326960.00  21.042219  105.655430  -10.7597  -12.7606
   520  1179  3818  541640.00  2326960.00  21.043010  105.400771  -10.9401   -7.1051
   521   543  3821  535280.00  2326930.00  21.042872  105.339559   -3.9823  -12.4666
   522  1647  3821  546320.00  2326930.00  21.042627  105.445813  -11.1702  -17.1580
   523   501  3827  534860.00  2326870.00  21.042338  105.335515   -3.7292   -7.0368
   524   519  3830  535040.00  2326840.00  21.042064  105.337247   -4.7068  -12.8211
   525   636  3830  536210.00  2326840.00  21.042041  105.348508   -5.3648  -10.7584
   526  1266  3830  542510.00  2326840.00  21.041906  105.409142   -6.3662  -10.8990
   527   603  3833  535880.00  2326810.00  21.041777  105.345331   -4.6789  -12.8952
   528  1083  3836  540680.00  2326780.00  21.041405  105.391528   -2.1261  -12.2836
   529   579  3836  535640.00  2326780.00  21.041510  105.343020  -11.6849  -13.8869
   530  2148  3842  551330.00  2326720.00  21.040596  105.494025   -8.4915  -14.5872
   531  1302  3845  542870.00  2326690.00  21.040542  105.412603  -10.9485  -13.8640
   532   612  3845  535970.00  2326690.00  21.040691  105.346195   -6.5422  -13.4116
   533  1998  3848  549830.00  2326660.00  21.040095  105.479587   -6.6725  -14.7583
   534  1767  3848  547520.00  2326660.00  21.040157  105.457355   -9.2930  -10.7514
   535  3963  3851  569480.00  2326630.00  21.039186  105.668698  -11.7021  -19.6981
   536   777  3857  537620.00  2326570.00  21.039573  105.362072   -3.2126   -7.9659
   537  3945  3860  569300.00  2326540.00  21.038379  105.666962   -6.2943   -8.9783
   538   675  3869  536600.00  2326450.00  21.038510  105.352253  -15.2295  -20.2039
   539  1686  3869  546710.00  2326450.00  21.038280  105.449554   -8.4882  -14.8086
   540  3993  3869  569780.00  2326450.00  21.037548  105.671578   -7.9801  -10.2495
   541  1206  3872  541910.00  2326420.00  21.038125  105.403357   -9.2329  -17.3479
   542  1086  3872  540710.00  2326420.00  21.038152  105.391808   -8.0292  -19.0905
   543   969  3875  539540.00  2326390.00  21.037906  105.380547   -9.8569  -15.4927
   544   261  3875  532460.00  2326390.00  21.038045  105.312407  -11.9386  -14.9295
   545  1182  3875  541670.00  2326390.00  21.037859  105.401046   -6.7832  -14.3290
   546   276  3881  532610.00  2326330.00  21.037501  105.313850  -10.0145  -15.6633
   547  1137  3881  541220.00  2326330.00  21.037327  105.396714   -9.5607  -16.2857
   548   978  3881  539630.00  2326330.00  21.037362  105.381412  -11.3247  -14.0977
   549  1119  3881  541040.00  2326330.00  21.037331  105.394982  -11.3389  -19.7392
   550  1176  3884  541610.00  2326300.00  21.037048  105.400467   -9.5266  -13.8479
   551  2238  3887  552230.00  2326270.00  21.036505  105.502673   -8.5633  -14.6085
   552  1206  3890  541910.00  2326240.00  21.036499  105.403352   -9.1365  -16.1870
   553   339  3893  533240.00  2326210.00  21.036405  105.319911  -14.6408  -17.1735
   554   147  3893  531320.00  2326210.00  21.036439  105.301432   -6.6565  -12.5108
   555  1773  3896  547580.00  2326180.00  21.035818  105.457919   -9.3083  -10.1577
   556   633  3905  536180.00  2326090.00  21.035265  105.348203   -5.6989  -10.6450
   557  1212  3905  541970.00  2326090.00  21.035142  105.403926   -9.9250  -13.2281
   558  2241  3905  552260.00  2326090.00  21.034878  105.502956   -8.0763  -14.7185
   559  1017  3908  540020.00  2326060.00  21.034914  105.385159   -6.5974  -13.5658
   560   729  3914  537140.00  2326000.00  21.034433  105.357440   -2.3770   -9.5496
   561  1218  3914  542030.00  2326000.00  21.034327  105.404501  -10.8205  -13.8505
   562  1944  3914  549290.00  2326000.00  21.034147  105.474371   -8.0683  -15.3257
   563  1149  3917  541340.00  2325970.00  21.034072  105.397860  -12.8081  -16.2292
   564  3969  3920  569540.00  2325940.00  21.032949  105.669247  -11.1702  -13.4855
   565   924  3920  539090.00  2325940.00  21.033850  105.376206   -5.7113  -17.8969
   566   240  3920  532250.00  2325940.00  21.033983  105.310378  -14.9189  -17.9261
   567  4014  3920  569990.00  2325940.00  21.032932  105.673578   -9.7442  -19.5323
   568  4044  3923  570290.00  2325910.00  21.032650  105.676464   -6.7449  -12.1813
   569  2865  3929  558500.00  2325850.00  21.032521  105.563001   -7.6581  -14.2821
   570   963  3929  539480.00  2325850.00  21.033029  105.379957  -11.0974  -18.4647
   571   738  3932  537230.00  2325820.00  21.032805  105.358303   -9.6182  -15.2708
   572   498  3932  534830.00  2325820.00  21.032852  105.335205  -10.3970  -13.8525
   573   804  3932  537890.00  2325820.00  21.032791  105.364654  -13.5891  -14.6938
   574  1176  3935  541610.00  2325790.00  21.032439  105.400454   -6.7119  -14.0509
   575  4104  3938  570890.00  2325760.00  21.031271  105.682232   -9.7965  -13.7705
   576   822  3944  538070.00  2325700.00  21.031703  105.366384   -4.4473  -12.6679
   577   897  3944  538820.00  2325700.00  21.031687  105.373602   -3.6934  -10.2376
   578  1149  3947  541340.00  2325670.00  21.031361  105.397853   -8.9961  -13.7397
   579   960  3947  539450.00  2325670.00  21.031403  105.379664  -11.5561   -9.7768
   580   735  3953  537200.00  2325610.00  21.030908  105.358009  -14.1606  -21.4614
   581   522  3959  535070.00  2325550.00  21.030408  105.337509  -13.8458  -13.7982
   582  1323  3959  543080.00  2325550.00  21.030237  105.414595  -10.8386  -11.4935
   583   714  3959  536990.00  2325550.00  21.030370  105.355987   -7.7401  -10.6108
   584   738  3962  537230.00  2325520.00  21.030094  105.358296  -17.1421  -21.3942
   585  4086  3962  570710.00  2325520.00  21.029110  105.680490  -10.4346  -14.8021
   586   789  3965  537740.00  2325490.00  21.029812  105.363204   -5.9716  -12.9931
   587   939  3968  539240.00  2325460.00  21.029510  105.377638   -1.8262   -7.1504
   588  4008  3968  569930.00  2325460.00  21.028598  105.672981   -7.8941  -12.5007
   589  4020  3968  570050.00  2325460.00  21.028593  105.674136  -10.7730  -17.7063
   590   972  3968  539570.00  2325460.00  21.029503  105.380814   -4.0973   -8.2911
   591   912  3977  538970.00  2325370.00  21.028703  105.375038   -2.9606   -9.0763
   592  1035  3983  540200.00  2325310.00  21.028134  105.386874   -6.6360  -14.6511
   593   996  3983  539810.00  2325310.00  21.028142  105.383120   -7.6748  -10.2912
   594   780  3989  537650.00  2325250.00  21.027646  105.362332  -10.2052  -15.7145
   595  2214  3989  551990.00  2325250.00  21.027296  105.500333  -14.8041  -15.3503
   596  1038  3992  540230.00  2325220.00  21.027320  105.387160   -6.8455  -15.0073
   597  1182  3995  541670.00  2325190.00  21.027017  105.401017  -13.5801  -21.3466
   598  1050  3998  540350.00  2325160.00  21.026775  105.388314   -8.6373  -15.5678
   599   804  4001  537890.00  2325130.00  21.026557  105.364639  -10.1394  -17.2042
   600  2160  4001  551450.00  2325130.00  21.026227  105.495132  -10.4250  -19.5699
   601   861  4004  538460.00  2325100.00  21.026274  105.370124   -3.1903  -15.7768
   602   888  4004  538730.00  2325100.00  21.026268  105.372722   -3.0217   -8.6505
   603  1053  4004  540380.00  2325100.00  21.026233  105.388601  -10.2447  -13.2507
   604  3015  4007  560000.00  2325070.00  21.025425  105.577409   -8.5655  -11.9538
   605  3084  4013  560690.00  2325010.00  21.024860  105.584047  -12.1937  -14.2225
   606   912  4019  538970.00  2324950.00  21.024908  105.375028   -4.2641   -5.2882
   607   795  4019  537800.00  2324950.00  21.024932  105.363769  -15.9316  -23.8578
   608  1131  4019  541160.00  2324950.00  21.024860  105.396104  -10.8766  -15.4869
   609  1326  4019  543110.00  2324950.00  21.024815  105.414869   -1.5250   -8.2883
   610   867  4022  538520.00  2324920.00  21.024646  105.370697   -7.1703  -12.4110
   611  1515  4025  545000.00  2324890.00  21.024228  105.433056   -7.6647  -14.6453
   612   726  4028  537110.00  2324860.00  21.024133  105.357127   -4.8414   -8.9926
   613   801  4028  537860.00  2324860.00  21.024118  105.364345   -7.3291  -13.7181
   614  1512  4031  544970.00  2324830.00  21.023686  105.432765  -12.7537  -15.2161
   615   933  4034  539180.00  2324800.00  21.023548  105.377046   -5.8165  -14.7802
   616  1476  4034  544610.00  2324800.00  21.023424  105.429300   -7.6718  -12.8366
   617  1185  4034  541700.00  2324800.00  21.023492  105.401297  -11.4947  -18.6906
   618  1083  4037  540680.00  2324770.00  21.023244  105.391480  -10.5111  -18.1897
   619  1125  4040  541100.00  2324740.00  21.022964  105.395521  -10.8445  -14.5406
   620   687  4043  536720.00  2324710.00  21.022786  105.353371  -10.7105  -11.5579
   621  1326  4046  543110.00  2324680.00  21.022376  105.414862   -3.3163  -11.2720
   622   903  4046  538880.00  2324680.00  21.022470  105.374156   -2.2635   -8.9768
   623  2832  4049  558170.00  2324650.00  21.021689  105.559784  -10.2891  -16.7933
   624   936  4058  539210.00  2324560.00  21.021379  105.377329   -3.5152   -8.3320
   625  1446  4058  544310.00  2324560.00  21.021263  105.426407   -6.5235   -9.4071
   626   729  4061  537140.00  2324530.00  21.021151  105.357409   -9.4665  -12.3423
   627   903  4061  538880.00  2324530.00  21.021115  105.374153   -0.3627   -7.0078
   628   861  4067  538460.00  2324470.00  21.020581  105.370110   -3.6502   -9.2796
   629  1074  4070  540590.00  2324440.00  21.020265  105.390606  -11.3129  -18.9936
   630  6291  4073  592760.00  2324410.00  21.018100  105.892615  -10.3391  -13.6579
   631  1425  4073  544100.00  2324410.00  21.019913  105.424382   -7.3829  -12.2120
   632  1332  4073  543170.00  2324410.00  21.019935  105.415433   -9.1912  -11.8676
   633  1302  4076  542870.00  2324380.00  21.019671  105.412545  -11.3955  -13.1761
   634  6360  4079  593450.00  2324350.00  21.017523  105.899251   -7.9982  -12.0051
   635  1287  4082  542720.00  2324320.00  21.019132  105.411100   -9.4840  -13.0622
   636  1587  4082  545720.00  2324320.00  21.019060  105.439969   -7.2245  -16.4676
   637   717  4085  537020.00  2324290.00  21.018985  105.356249  -11.7466  -14.2646
   638  5799  4085  587840.00  2324290.00  21.017258  105.845268   -8.9389  -16.5584
   639  1152  4088  541370.00  2324260.00  21.018621  105.398108  -16.5336  -20.6371
   640  1581  4088  545660.00  2324260.00  21.018519  105.439390  -10.9825  -11.7295
   641  1674  4088  546590.00  2324260.00  21.018496  105.448339   -4.6915  -10.2024
   642   708  4094  536930.00  2324200.00  21.018173  105.355381   -8.4982  -16.8573
   643  3825  4094  568100.00  2324200.00  21.017282  105.655321   -2.6424  -12.5236
   644  1137  4097  541220.00  2324170.00  21.017811  105.396662  -10.0056  -14.6294
   645  2136  4097  551210.00  2324170.00  21.017560  105.492794   -8.8253  -16.4755
   646   726  4100  537110.00  2324140.00  21.017627  105.357112  -10.7064  -16.2663
   647  1275  4103  542600.00  2324110.00  21.017237  105.409940   -6.8940  -13.0857
   648  1320  4103  543050.00  2324110.00  21.017227  105.414271  -13.6186  -23.6256
   649  3840  4109  568250.00  2324050.00  21.015921  105.656758   -9.2257  -17.0953
   650  1635  4109  546200.00  2324050.00  21.016608  105.444581  -16.3337  -19.4652
   651  1476  4112  544610.00  2324020.00  21.016376  105.429280   -6.4836  -13.5782
   652   888  4115  538730.00  2323990.00  21.016239  105.372697   -5.7720  -11.8914
   653  1593  4115  545780.00  2323990.00  21.016077  105.440538   -8.7741  -13.8192
   654  1608  4118  545930.00  2323960.00  21.015802  105.441980  -12.1034  -21.0351
   655  1989  4121  549740.00  2323930.00  21.015432  105.478642   -8.4919  -17.0017
   656  1110  4124  540950.00  2323900.00  21.015377  105.394058   -9.6354  -17.7729
   657  6336  4127  593210.00  2323870.00  21.013199  105.896915   -5.8313  -13.9757
   658   762  4130  537470.00  2323840.00  21.014910  105.360569   -9.1031  -15.6000
   659  1857  4133  548420.00  2323810.00  21.014383  105.465937   -8.5392  -12.2100
   660   768  4154  537530.00  2323600.00  21.012740  105.361141  -12.8101  -13.7759
   661  4023  4154  570080.00  2323600.00  21.011787  105.674349   -7.4067  -15.1579
   662  6564  4169  595490.00  2323450.00  21.009287  105.918829   -8.0786  -12.6894
   663  6309  4178  592940.00  2323360.00  21.008605  105.894290  -10.5272  -11.3731
   664  6573  4181  595580.00  2323330.00  21.008198  105.919689   -7.8967  -15.4306
   665  6549  4181  595340.00  2323330.00  21.008211  105.917380   -9.1335  -11.8758
   666   702  4187  536870.00  2323270.00  21.009771  105.354783  -11.3224  -16.3222
   667  2238  4193  552230.00  2323210.00  21.008857  105.502580   -7.3428  -12.8065
   668  2193  4196  551780.00  2323180.00  21.008599  105.498249   -9.4898  -14.8133
   669  2769  4211  557540.00  2323030.00  21.007072  105.553668   -7.3148  -15.4923
   670  2865  4220  558500.00  2322940.00  21.006229  105.562902   -5.9376  -18.2200
   671  6348  4226  593330.00  2322880.00  21.004248  105.898016  -13.1650  -14.0238
   672  6342  4268  593270.00  2322460.00  21.000457  105.897416   -9.8917  -14.6066
   673  6333  4271  593180.00  2322430.00  21.000191  105.896549   -9.9720  -15.8528
   674  2445  4274  554300.00  2322400.00  21.001479  105.522473   -8.9156  -14.4173
   675  6447  4298  594320.00  2322160.00  20.997693  105.907502   -6.0305  -14.1810
   676  4200  4337  571850.00  2321770.00  20.995184  105.691304   -7.4150  -14.2376
   677  6471  4343  594560.00  2321710.00  20.993615  105.909786   -6.7193  -15.8025
   678  5052  4352  580370.00  2321620.00  20.993477  105.773267   -6.1569  -15.4404
   679  6843  4358  598280.00  2321560.00  20.992065  105.945565  -11.2672  -18.7998
   680  3753  4442  567380.00  2320720.00  20.985867  105.648257  -10.6142  -17.6338
   681  6870  4463  598550.00  2320510.00  20.982565  105.948103  -12.5840  -11.2318
   682  4077  4472  570620.00  2320420.00  20.983035  105.679415   -4.0500  -14.4949
   683  4269  4514  572540.00  2320000.00  20.979165  105.697868   -8.3318  -12.7437
   684  4314  4517  572990.00  2319970.00  20.978877  105.702196   -9.4380  -10.8874
   685  4020  4532  570050.00  2319820.00  20.977636  105.673907   -8.0978  -14.8185
   686  2340  4535  553250.00  2319790.00  20.977927  105.512290  -12.2989  -16.7284
   687  6672  4547  596570.00  2319670.00  20.975080  105.929009   -7.8849  -16.8075
   688  4389  4559  573740.00  2319550.00  20.975052  105.709393  -11.3767  -13.1879
   689  4422  4607  574070.00  2319070.00  20.970702  105.712547   -9.1891  -13.3476
   690  6303  4631  592880.00  2318830.00  20.967681  105.893469   -6.7529  -13.1765
   691  4518  4631  575030.00  2318830.00  20.968495  105.721771   -4.4293  -13.7552
   692  6294  4670  592790.00  2318440.00  20.964162  105.892583   -7.6796  -14.5285
   693  2604  4679  555890.00  2318350.00  20.964838  105.537640  -10.4406  -18.4550
   694  2976  4685  559610.00  2318290.00  20.964179  105.573422   -9.5720  -17.3645
   695  4521  4721  575060.00  2317930.00  20.960362  105.722020   -7.9578  -16.6982
   696  2730  4745  557150.00  2317690.00  20.958836  105.549739   -6.6436  -13.7734
   697  5877  4748  588620.00  2317660.00  20.957321  105.852433   -9.6767  -16.3039
   698  2856  4748  558410.00  2317660.00  20.958526  105.561858   -9.2812  -11.0147
   699  4455  4766  574400.00  2317480.00  20.956323  105.715653   -9.2198  -16.8728
   700  4533  4769  575180.00  2317450.00  20.956020  105.723154  -12.8624  -15.1320
   701  2652  4793  556370.00  2317210.00  20.954523  105.542220   -9.6211  -21.6964
   702  2745  4793  557300.00  2317210.00  20.954495  105.551166   -9.0196  -12.4050
   703  6165  4814  591500.00  2317000.00  20.951217  105.880099   -9.4819  -13.5177
   704  2766  4820  557510.00  2316940.00  20.952048  105.553177   -7.0121  -13.3791
   705  4359  4856  573440.00  2316580.00  20.948230  105.706381   -7.4730  -15.4237
   706  2802  4865  557870.00  2316490.00  20.947971  105.556624  -12.7291  -14.8607
   707  2841  4877  558260.00  2316370.00  20.946875  105.560371   -8.3976  -17.8258
   708  2703  4883  556880.00  2316310.00  20.946376  105.547096   -4.3234   -9.8591
   709  2739  4889  557240.00  2316250.00  20.945823  105.550557   -6.5588  -12.3682
   710  3024  4928  560090.00  2315860.00  20.942208  105.577955   -8.0500  -14.1064
   711  3195  4961  561800.00  2315530.00  20.939170  105.594389   -6.8490  -15.9575
   712  3303  4961  562880.00  2315530.00  20.939133  105.604776  -10.5358  -13.2984
   713  2940  5030  559250.00  2314840.00  20.933019  105.569841   -7.3395  -14.3966
   714  2868  5036  558530.00  2314780.00  20.932500  105.562914  -11.3926  -15.1874
   715  2640  5057  556250.00  2314570.00  20.930674  105.540980   -8.2781  -18.8881
   716  2667  5069  556520.00  2314450.00  20.929581  105.543573   -8.5311  -17.6770
   717  2571  5075  555560.00  2314390.00  20.929068  105.534339   -5.8763  -14.9209
   718  2262  5087  552470.00  2314270.00  20.928074  105.504619  -13.9964  -13.6763
   719  2427  5096  554120.00  2314180.00  20.927214  105.520484  -12.8657  -17.8114
   720  2670  5099  556550.00  2314150.00  20.926870  105.543852   -9.4049  -14.8408
   721  5838  5102  588230.00  2314120.00  20.925356  105.848502   -6.5445  -14.6577
   722  2691  5114  556760.00  2314000.00  20.925508  105.545866  -12.7518  -18.1541
   723  2358  5129  553430.00  2313850.00  20.924252  105.513838   -7.3832  -17.1506
   724  2451  5141  554360.00  2313730.00  20.923141  105.522778  -12.6146  -23.9722
   725  2460  5153  554450.00  2313610.00  20.922054  105.523639  -16.9155  -16.8277
   726  2448  5159  554330.00  2313550.00  20.921515  105.522484   -4.9171   -9.2988
   727  2466  5165  554510.00  2313490.00  20.920968  105.524213  -12.9852  -18.5640
   728  2976  5237  559610.00  2312770.00  20.914305  105.573232       NaN       NaN
   729  4560  5333  575450.00  2311810.00  20.905052  105.725505   -5.0293  -12.8827
   730  2943  5342  559280.00  2311720.00  20.904828  105.570023   -9.8271  -13.7140
   731  2943  5378  559280.00  2311360.00  20.901576  105.570011   -9.8426  -14.7219
   732  3150  5447  561350.00  2310670.00  20.895274  105.589890   -9.2567  -21.2588
   733  3051  5465  560360.00  2310490.00  20.893680  105.580365   -7.3768  -17.4867
   734  4128  5486  571130.00  2310280.00  20.891400  105.683905   -5.4412  -16.9066
   735  4614  5495  575990.00  2310190.00  20.890393  105.730627  -10.3458  -14.6349
   736  4620  5519  576050.00  2309950.00  20.888222  105.731193   -6.6464  -11.1275
   737  2895  5519  558800.00  2309950.00  20.888851  105.565348   -8.7361  -17.0467
   738  6021  5552  590060.00  2309620.00  20.884612  105.865866   -4.0231  -11.6390
   739  3393  5663  563780.00  2308510.00  20.875675  105.613174   -7.4743  -17.1076
   740  3159  5720  561440.00  2307940.00  20.870604  105.590658  -10.7826  -19.8368
   741  3153  5738  561380.00  2307760.00  20.868980  105.590075   -5.1713   -9.3487
   742  3150  5738  561350.00  2307760.00  20.868981  105.589787   -7.8938  -12.5571
   743  4656  5744  576410.00  2307700.00  20.867879  105.734555   -6.0423  -11.0810
   744  2991  5747  559760.00  2307670.00  20.868220  105.574499   -8.0481  -12.2869
   745  3210  5765  561950.00  2307490.00  20.866521  105.595545   -9.3902  -12.9595
   746  4677  5777  576620.00  2307370.00  20.864888  105.736559   -9.0780  -12.9945
   747  3240  5786  562250.00  2307280.00  20.864614  105.598422  -13.1335  -19.6737
   748  4686  5786  576710.00  2307280.00  20.864072  105.737421  -10.6808  -13.5510
   749  3219  5786  562040.00  2307280.00  20.864621  105.596403   -7.6380  -17.2416
   750  3525  5813  565100.00  2307010.00  20.862076  105.625808   -9.1023  -13.0465
   751  3729  5888  567140.00  2306260.00  20.855227  105.645389  -12.2887  -15.2481
   752  6666  5888  596510.00  2306260.00  20.853930  105.927686   -6.1274  -17.6138
   753  3438  5975  564230.00  2305390.00  20.847470  105.617385   -9.4539  -15.9253
   754  4656  5981  576410.00  2305330.00  20.846466  105.734451   -9.4028  -15.0972
   755  3297  6026  562820.00  2304880.00  20.842910  105.603814   -7.9153  -16.8753
   756  4674  6026  576590.00  2304880.00  20.842392  105.736161   -8.8656  -14.1083
   757  3153  6041  561380.00  2304730.00  20.841603  105.589969   -5.0208  -14.9776
   758  3831  6182  568160.00  2303320.00  20.828626  105.655078  -12.0907  -22.4672
   759  3123  6188  561080.00  2303260.00  20.828331  105.587034  -10.9334  -10.7718
   760  3675  6242  566600.00  2302720.00  20.823262  105.640063  -12.9358  -14.5260
   761  3090  6260  560750.00  2302540.00  20.821836  105.583837   -7.8492  -14.5614
   762  3084  6269  560690.00  2302450.00  20.821025  105.583257   -6.5111  -12.0463
   763  2943  6275  559280.00  2302390.00  20.820528  105.569705   -7.7397  -17.0929
   764  2916  6284  559010.00  2302300.00  20.819724  105.567107  -11.0185  -20.2659
   765  2970  6284  559550.00  2302300.00  20.819707  105.572297  -10.6369  -15.5276
   766  2940  6293  559250.00  2302210.00  20.818903  105.569411  -14.3063  -20.0646
   767  3045  6293  560300.00  2302210.00  20.818869  105.579501   -2.9538   -9.1789
   768  2886  6311  558710.00  2302030.00  20.817294  105.564215   -9.2278  -15.9504
   769  2892  6320  558770.00  2301940.00  20.816479  105.564789   -8.1906  -15.4956
   770  2901  6320  558860.00  2301940.00  20.816476  105.565654   -1.4017   -9.8456
   771  2892  6323  558770.00  2301910.00  20.816208  105.564788   -5.3693  -19.0162
   772  2877  6332  558620.00  2301820.00  20.815399  105.563343   -6.4720  -12.4796
   773  3027  6332  560120.00  2301820.00  20.815351  105.577758  -10.3352  -15.1403
   774  3648  6332  566330.00  2301820.00  20.815140  105.637434   -8.5072  -11.8783
   775  5967  6335  589520.00  2301790.00  20.813896  105.860273  -12.4818  -13.9112
   776  2898  6350  558830.00  2301640.00  20.813766  105.565355  -12.2604  -16.3762
   777  3048  6362  560330.00  2301520.00  20.812634  105.579766   -7.6495  -16.8013
   778  3012  6392  559970.00  2301220.00  20.809935  105.576296  -11.9907  -16.8895
   779  2862  6401  558470.00  2301130.00  20.809170  105.561879  -11.3247  -16.3341
   780  5172  6458  581570.00  2300560.00  20.803149  105.783823  -11.9002  -12.9067
   782  3810  6662  567950.00  2298520.00  20.785265  105.652873    1.8280  -10.5957
   784  3798  6827  567830.00  2296870.00  20.770361  105.651656   -9.0913  -14.1952
   785  3852  6845  568370.00  2296690.00  20.768715  105.656837  -12.0076  -14.9065
   787  3795  6860  567800.00  2296540.00  20.767380  105.651355  -12.9617  -20.5748
   788  4470  6866  574550.00  2296480.00  20.766580  105.716196  -10.7302  -15.7987
   789  3825  6896  568100.00  2296180.00  20.764117  105.654223  -10.5228  -13.7022
   791  3801  6929  567860.00  2295850.00  20.761144  105.651905  -16.1794  -21.6211
   792  3855  6947  568400.00  2295670.00  20.759498  105.657085  -10.4099  -17.4544
   793  3834  6956  568190.00  2295580.00  20.758692  105.655064   -3.2495  -10.6444
   794  3822  6965  568070.00  2295490.00  20.757884  105.653908   -2.4662   -7.9025
   796  3837  6974  568220.00  2295400.00  20.757065  105.655346  -10.0611  -19.4017
   797  3861  7001  568460.00  2295130.00  20.754617  105.657640  -10.2370  -12.5897
   800  3945  7037  569300.00  2294770.00  20.751333  105.665695   -4.2192  -15.6270
   801  3921  7040  569060.00  2294740.00  20.751071  105.663388  -20.4417  -38.1040
   802  3909  7046  568940.00  2294680.00  20.750533  105.662233  -14.9177  -17.1130
   806  3897  7064  568820.00  2294500.00  20.748911  105.661074  -16.2416  -20.1710
   808  3894  7079  568790.00  2294350.00  20.747557  105.660780  -13.3346  -19.4653
   810  3849  7103  568340.00  2294110.00  20.745405  105.656448   -5.6158  -10.5892
   812  3870  7109  568550.00  2294050.00  20.744855  105.658463   -4.4391   -8.4941
   814  4578  7190  575630.00  2293240.00  20.737263  105.726431   -9.0783  -13.9559
   818  3984  7253  569690.00  2292610.00  20.731802  105.669355   -6.3989   -7.1650
   819  3942  7319  569270.00  2291950.00  20.725854  105.665295   -5.8762  -17.0873
   820  4635  7349  576200.00  2291650.00  20.722874  105.731837   -8.2029  -13.4775
   821  3996  7361  569810.00  2291530.00  20.722039  105.670465  -19.5126  -20.1163
   822  3915  7361  569000.00  2291530.00  20.722069  105.662686   -6.8342  -12.8307
   823  4038  7400  570230.00  2291140.00  20.718500  105.674483  -19.3829  -20.2338
   824  4014  7400  569990.00  2291140.00  20.718509  105.672178   -8.4762  -17.9544
   825  4014  7424  569990.00  2290900.00  20.716340  105.672168   -9.3392  -12.1068
   826  3999  7439  569840.00  2290750.00  20.714991  105.670722   -8.3583  -23.0573
   827  4056  7448  570410.00  2290660.00  20.714156  105.676192   -9.4613  -14.0698
   828  4077  7448  570620.00  2290660.00  20.714148  105.678209   -8.3522  -10.0216
   829  4047  7451  570320.00  2290630.00  20.713888  105.675327  -11.1414  -15.0128
   830  4104  7499  570890.00  2290150.00  20.709530  105.680781   -8.7071  -17.1873
   831  4125  7520  571100.00  2289940.00  20.707625  105.682789  -11.5136  -19.7433
   832  4188  7541  571730.00  2289730.00  20.705703  105.688830   -9.4759  -15.3507
   833  4200  7547  571850.00  2289670.00  20.705156  105.689980  -22.3555  -27.4612
   834  4191  7547  571760.00  2289670.00  20.705160  105.689116  -13.9539  -18.6480
   835  4059  7550  570440.00  2289640.00  20.704939  105.676439   -2.5113   -6.1441
   836  4125  7559  571100.00  2289550.00  20.704101  105.682773   -8.5376  -12.0595
   837  4089  7562  570740.00  2289520.00  20.703843  105.679315    0.1675   -6.9774
   838  4119  7583  571040.00  2289310.00  20.701935  105.682187  -12.9111  -20.0148
   839  4185  7592  571700.00  2289220.00  20.701096  105.688521  -12.0274  -14.2021
   840  4125  7613  571100.00  2289010.00  20.699222  105.682751   -7.8712  -14.6979
   841  4140  7649  571250.00  2288650.00  20.695963  105.684177   -0.1833   -7.2344
   842  4770  7667  577550.00  2288470.00  20.694086  105.744661   -7.3799  -13.4402
   844  4188  7703  571730.00  2288110.00  20.691066  105.688764   -7.9488  -11.7645
   845  4095  8057  570800.00  2284570.00  20.659116  105.679692   -6.5976  -11.4912
   846  4107  8078  570920.00  2284360.00  20.657214  105.680836   -9.8875  -15.0377
   847  4203  8096  571880.00  2284180.00  20.655551  105.690044   -4.4346  -12.9010
   848  4194  8096  571790.00  2284180.00  20.655555  105.689180   -7.2254  -14.0112
   849  4200  8096  571850.00  2284180.00  20.655552  105.689756   -2.6100  -10.9043
   850  4179  8102  571640.00  2284120.00  20.655018  105.687738  -12.5543  -18.0907
   851  4134  8102  571190.00  2284120.00  20.655035  105.683418   -9.8268  -15.0583
   852  4563  8147  575480.00  2283670.00  20.650802  105.724580   -7.8118  -15.0934
   853  4476  8150  574610.00  2283640.00  20.650565  105.716227  -12.1808  -18.2902
   854  4554  8153  575390.00  2283610.00  20.650263  105.723713  -14.8956  -21.0465
   855  4647  8183  576320.00  2283310.00  20.647515  105.732627  -11.5725  -14.2436
   856  4569  8183  575540.00  2283310.00  20.647546  105.725140   -4.1296   -8.3767
   857  4509  8198  574940.00  2283160.00  20.646215  105.719375   -1.1861  -10.0434
   858  4623  8201  576080.00  2283130.00  20.645898  105.730316   -3.5693  -14.3972
   859  4536  8210  575210.00  2283040.00  20.645120  105.721961   -5.4170  -14.0935
   860  4389  8210  573740.00  2283040.00  20.645179  105.707851   -2.5063   -7.9750
   861  4548  8216  575330.00  2282980.00  20.644573  105.723111    0.8690   -4.1200
   862  4629  8225  576140.00  2282890.00  20.643727  105.730882  -13.3252  -18.3726
   863  4572  8234  575570.00  2282800.00  20.642937  105.725406  -18.0678  -19.0453
   864  4653  8243  576380.00  2282710.00  20.642091  105.733177   -9.9224  -14.3884
   865  4677  8252  576620.00  2282620.00  20.641268  105.735477  -12.6499  -21.6228
   866  4584  8273  575690.00  2282410.00  20.639409  105.726542   -8.2552  -12.6812
   867  4563  8276  575480.00  2282380.00  20.639146  105.724525  -14.9680  -21.7250
   868  4542  8291  575270.00  2282230.00  20.637799  105.722503   -4.7817   -9.4520
   869  4497  8297  574820.00  2282170.00  20.637275  105.718181  -26.0043  -42.3977
   870  4455  8303  574400.00  2282110.00  20.636750  105.714147  -12.0614  -16.8826
   871  4512  8315  574970.00  2281990.00  20.635643  105.719613  -23.6717  -27.3379
   872  4695  8318  576800.00  2281960.00  20.635298  105.737176   -0.3303   -6.4537
   873  4695  8321  576800.00  2281930.00  20.635026  105.737175   -4.7065   -7.0934
   874  4545  8324  575300.00  2281900.00  20.634816  105.722776    2.1528   -7.8529
   875  4497  8327  574820.00  2281870.00  20.634564  105.718168   -5.0014  -16.1883
   876  4650  8345  576350.00  2281690.00  20.632876  105.732845   -6.8163  -16.3392
   877  4629  8348  576140.00  2281660.00  20.632614  105.730828   -9.0384  -15.7382
   878  4608  8351  575930.00  2281630.00  20.632351  105.728812   -6.5213  -13.7031
   879  4653  8351  576380.00  2281630.00  20.632333  105.733131  -11.2138  -15.4379
   880  4512  8357  574970.00  2281570.00  20.631848  105.719595  -20.1716  -20.9215
   881  4509  8363  574940.00  2281510.00  20.631307  105.719305  -19.2904  -20.5475
   882  4686  8366  576710.00  2281480.00  20.630964  105.736291  -14.2576  -21.2461
   883  4713  8369  576980.00  2281450.00  20.630682  105.738882  -14.0062  -19.0542
   884  4662  8372  576470.00  2281420.00  20.630432  105.733985  -12.4601  -15.7101
   885  4446  8384  574310.00  2281300.00  20.629435  105.713249   -5.6521   -9.4292
   886  4512  8384  574970.00  2281300.00  20.629408  105.719584   -0.8268   -6.7355
   887  4779  8390  577640.00  2281240.00  20.628758  105.745207   -6.3505  -11.8249
   888  4803  8393  577880.00  2281210.00  20.628477  105.747509   -5.7891  -13.1479
   889  4590  8402  575750.00  2281120.00  20.627751  105.727062   -1.0242  -10.8705
   890  4584  8405  575690.00  2281090.00  20.627482  105.726485   -2.6821  -12.8005
   891  3987  8411  569720.00  2281030.00  20.627171  105.669185  -10.1128  -16.2164
   892  4521  8414  575060.00  2281000.00  20.626694  105.720435   -9.0645  -11.7034
   893  4824  8420  578090.00  2280940.00  20.626028  105.749512    2.7600   -1.6914
   894  4548  8423  575330.00  2280910.00  20.625870  105.723022   -1.5999   -7.8738
   895  4530  8423  575150.00  2280910.00  20.625877  105.721295   -1.6984   -4.9020
   896  5307  8426  582920.00  2280880.00  20.625279  105.795865   -9.7460  -13.9890
   897  4380  8426  573650.00  2280880.00  20.625666  105.706897   -2.8806  -12.5710
   898  4557  8435  575420.00  2280790.00  20.624782  105.723881   -3.6760   -8.1923
   899  4638  8438  576230.00  2280760.00  20.624478  105.731653   -1.0548   -7.7174
   900  4560  8438  575450.00  2280760.00  20.624510  105.724167   -2.8986   -6.4042
   901  4497  8444  574820.00  2280700.00  20.623993  105.718119  -13.5000  -18.1108
   902  4497  8447  574820.00  2280670.00  20.623722  105.718117   -7.2380  -12.4562
   903  4608  8450  575930.00  2280640.00  20.623406  105.728769   -9.8253  -12.8165
   904  4533  8456  575180.00  2280580.00  20.622894  105.721568   -9.1230  -14.7790
   905  4845  8459  578300.00  2280550.00  20.622496  105.751511   -4.8666  -12.4795
   906  4629  8462  576140.00  2280520.00  20.622314  105.730779   -2.5015   -9.7443
   907  4689  8480  576740.00  2280340.00  20.620663  105.736530  -10.6881  -14.5409
   908  4461  8480  574460.00  2280340.00  20.620755  105.714648  -13.2340  -25.5985
   909  4569  8480  575540.00  2280340.00  20.620712  105.725013  -12.9859  -18.2611
   910  4419  8492  574040.00  2280220.00  20.619687  105.710612  -10.9165  -21.6307
   911  4776  8492  577610.00  2280220.00  20.619543  105.744874   -2.6987   -8.2675
   912  4548  8498  575330.00  2280160.00  20.619094  105.722990  -15.1085  -21.5381
   913  4923  8510  579080.00  2280040.00  20.617855  105.758974  -16.1343  -24.5051
   914  4677  8510  576620.00  2280040.00  20.617957  105.735365   -7.6803  -13.7926
   915  4602  8522  575870.00  2279920.00  20.616903  105.728162   -6.5519  -15.1008
   916  4635  8528  576200.00  2279860.00  20.616348  105.731327   -4.0078  -13.7966
   917  4536  8534  575210.00  2279800.00  20.615846  105.721823  -10.6884  -17.3478
   918  4764  8546  577490.00  2279680.00  20.614669  105.743699   -9.8660  -13.0097
   919  4590  8546  575750.00  2279680.00  20.614740  105.727000   -8.3696  -18.3362
   920  4794  8549  577790.00  2279650.00  20.614385  105.746576   -3.4860  -11.8573
   921  4677  8558  576620.00  2279560.00  20.613620  105.735344   -9.7956  -14.9767
   922  4752  8561  577370.00  2279530.00  20.613318  105.742541  -13.1172  -14.5324
   923  4518  8564  575030.00  2279500.00  20.613142  105.720083   -5.9152  -10.9015
   924  4845  8576  578300.00  2279380.00  20.611925  105.751459  -12.3103  -20.9733
   925  4755  8591  577400.00  2279230.00  20.610607  105.742815  -12.4040  -22.7174
   926  4761  8603  577460.00  2279110.00  20.609520  105.743386   -7.5853  -13.7977
   927  4551  8606  575360.00  2279080.00  20.609334  105.723232   -9.2242  -16.9032
   928  4596  8609  575810.00  2279050.00  20.609045  105.727549   -2.6289  -13.5257
   929  4869  8612  578540.00  2279020.00  20.608662  105.753746   -0.3868   -3.4354
   930  4497  8612  574820.00  2279020.00  20.608814  105.718047   -7.5638  -12.4720
   931  4740  8615  577250.00  2278990.00  20.608444  105.741365   -8.2784  -18.5752
   932  4632  8618  576170.00  2278960.00  20.608217  105.731000  -10.8963  -17.4301
   933  4581  8618  575660.00  2278960.00  20.608238  105.726106   -8.1209  -10.1544
   934  4578  8621  575630.00  2278930.00  20.607968  105.725817   -7.0958  -11.5889
   935  5034  8654  580190.00  2278600.00  20.604797  105.769561  -18.5543  -31.7633
   936  4803  8660  577880.00  2278540.00  20.604352  105.747391  -23.5209  -30.5698
   937  4905  8672  578900.00  2278420.00  20.603226  105.757174  -31.2969  -26.2561
   938  4893  8681  578780.00  2278330.00  20.602417  105.756018   -6.1039   -9.9825
   939  4893  8687  578780.00  2278270.00  20.601875  105.756016   -2.3357   -8.0120
   940  4701  8699  576860.00  2278150.00  20.600871  105.737586  -14.6382  -23.8146
   941  4878  8711  578630.00  2278030.00  20.599713  105.754566   -3.4001   -8.6649
   942  5100  8714  580850.00  2278000.00  20.599348  105.775867   -2.4993  -15.5328
   943  4953  8717  579380.00  2277970.00  20.599139  105.761760  -10.9060  -15.7384
   944  5142  8717  581270.00  2277970.00  20.599059  105.779896  -16.5068  -31.1463
   945  4851  8720  578360.00  2277940.00  20.598911  105.751971  -12.0102  -13.2804
   946  4497  8735  574820.00  2277790.00  20.597700  105.717995   -3.2249   -6.5315
   947  4881  8741  578660.00  2277730.00  20.597001  105.754840   -4.1681  -10.4424
   948  4896  8744  578810.00  2277700.00  20.596724  105.756278    4.9888   -3.9295
   950  4851  8768  578360.00  2277460.00  20.594574  105.751949  -15.4797  -19.9536
   951  4845  8777  578300.00  2277370.00  20.593764  105.751370  -13.8600  -18.4218
   952  4926  8780  579110.00  2277340.00  20.593459  105.759141  -16.1183  -29.5603
   953  5325  8810  583100.00  2277040.00  20.590576  105.797412   -2.2700  -10.6248
   954  5109  8825  580940.00  2276890.00  20.589315  105.776680  -13.4886  -17.8596
   955  5301  8825  582860.00  2276890.00  20.589231  105.795102  -10.3881  -12.4052
   956  4935  8834  579200.00  2276800.00  20.588576  105.759980   -7.8205   -8.2217
   957  5319  8837  583040.00  2276770.00  20.588139  105.796824   -3.6014  -13.1093
   959  5346  8846  583310.00  2276680.00  20.587314  105.799410  -13.0095  -22.4998
   960  5325  8846  583100.00  2276680.00  20.587323  105.797395   -7.9626  -14.8370
   961  5208  8873  581930.00  2276410.00  20.584935  105.786157  -10.7891  -14.2906
   962  5325  8894  583100.00  2276200.00  20.582986  105.797373  -14.1497  -16.0170
   963  4983  8897  579680.00  2276170.00  20.582863  105.764557  -14.2413  -21.9368
   964  5160  8912  581450.00  2276020.00  20.581432  105.781533   -5.1598  -13.9905
   965  4956  8912  579410.00  2276020.00  20.581519  105.761960   -1.7433   -8.0825
   966  5025  8915  580100.00  2275990.00  20.581219  105.768579  -16.9080  -22.0098
   967  5208  8924  581930.00  2275900.00  20.580327  105.786133  -12.6585  -14.3417
   968  5226  8927  582110.00  2275870.00  20.580048  105.787859   -6.4160  -16.4100
   969  5013  8936  579980.00  2275780.00  20.579327  105.767418  -15.7192  -20.8316
   970  5142  8942  581270.00  2275720.00  20.578729  105.779792   -4.2060  -16.1542
   971  4977  8948  579620.00  2275660.00  20.578258  105.763959  -11.4170  -16.9265
   972  5238  8963  582230.00  2275510.00  20.576790  105.788993   -7.1551  -16.2175
   973  5061  8981  580460.00  2275330.00  20.575240  105.772003  -10.2859  -18.8759
   974  5250  8987  582350.00  2275270.00  20.574616  105.790133   -8.1148  -15.9987
   975  5100  8990  580850.00  2275240.00  20.574410  105.775741   -2.3289  -10.9423
   976  5184  8993  581690.00  2275210.00  20.574103  105.783798   -4.5554  -13.6400
   977  5121  9002  581060.00  2275120.00  20.573317  105.777750   -6.5948  -17.2734
   978  5196  9014  581810.00  2275000.00  20.572201  105.784940   -9.7155  -18.7735
   979  5160  9023  581450.00  2274910.00  20.571403  105.781482  -13.4084  -18.5527
   980  5205  9032  581900.00  2274820.00  20.570570  105.785795   -3.8437   -9.6994
   981  5280  9035  582650.00  2274790.00  20.570266  105.792989   -9.2302  -11.6181
   982  5226  9044  582110.00  2274700.00  20.569477  105.787804  -10.1564  -16.6625
   984  5127  9050  581120.00  2274640.00  20.568978  105.778304  -11.3591  -20.4514
   985  5046  9059  580310.00  2274550.00  20.568199  105.770529   -7.9167  -15.2894
   986  5049  9083  580340.00  2274310.00  20.566030  105.770805  -10.7007  -19.5296
