; ENVI Output of ROIs (5.2) [Tue Nov 26 22:44:12 2019]
; Number of ROIs: 1
; File Dimension: 7647 x 9116
;
; ROI name: EVF: Layer: forest.shp
; ROI rgb value: {255, 0, 0}
; ROI npts: 996
;   ID     X     Y      Map X       Map Y        Lat         Lon        B1        B2
     1  5310   224  582950.00  2362900.00  21.366309  105.800092  -10.0641  -12.0896
     2  5184   272  581690.00  2362420.00  21.362030  105.787916  -10.6610  -16.2350
     3  5217   308  582020.00  2362060.00  21.358763  105.791081  -13.1819  -17.2378
     4  5340   317  583250.00  2361970.00  21.357894  105.802939   -6.6382  -11.0781
     5  5232   353  582170.00  2361610.00  21.354691  105.792506  -13.7477  -19.2311
     7  5169   359  581540.00  2361550.00  21.354177  105.786427  -12.0338  -11.4254
     8  5151   371  581360.00  2361430.00  21.353101  105.784686   -7.5862  -18.5401
    10  5157   404  581420.00  2361100.00  21.350117  105.785248   -2.6555   -8.4260
    11  5322   419  583070.00  2360950.00  21.348687  105.801153  -11.9330  -16.6098
    12  5238   422  582230.00  2360920.00  21.348454  105.793051  -12.7659  -13.9474
    13  5166   425  581510.00  2360890.00  21.348216  105.786106   -6.8490  -12.2724
    14  5253   443  582380.00  2360710.00  21.346550  105.794487  -12.1404  -17.6052
    15  5175   443  581600.00  2360710.00  21.346586  105.786966  -12.7718  -14.0226
    16  5205   446  581900.00  2360680.00  21.346301  105.789857   -4.6423  -11.7964
    17  5319   452  583040.00  2360620.00  21.345707  105.800848  -12.1615  -18.7060
    18  5334   464  583190.00  2360500.00  21.344616  105.802288   -7.1053  -14.5828
    19  5169   464  581540.00  2360500.00  21.344691  105.786377  -12.1773  -13.7157
    20  5274   467  582590.00  2360470.00  21.344372  105.796501   -9.9269  -11.3248
    21  5211   473  581960.00  2360410.00  21.343859  105.790423   -6.9134  -15.5652
    22  5262   488  582470.00  2360260.00  21.342481  105.795333   -4.7182  -10.7231
    23  5295   491  582800.00  2360230.00  21.342195  105.798514  -13.7838  -17.4326
    24  5190   503  581750.00  2360110.00  21.341158  105.788383  -11.0257  -16.3027
    25  5712   506  586970.00  2360080.00  21.340643  105.838718  -10.2937  -14.7357
    26  5121   506  581060.00  2360080.00  21.340918  105.781728  -12.3629  -17.0914
    27  5208   506  581930.00  2360080.00  21.340879  105.790117   -8.1283  -10.0279
    28  5274   521  582590.00  2359930.00  21.339494  105.796475   -6.8559  -10.2172
    29  5895   521  588800.00  2359930.00  21.339199  105.856357   -9.8883  -11.9399
    31  5856   551  588410.00  2359630.00  21.336508  105.852581  -14.7074  -22.1354
    32  5229   578  582140.00  2359360.00  21.334365  105.792108   -6.2987  -13.1148
    34  5298   581  582830.00  2359330.00  21.334062  105.798760  -15.6669  -18.9115
    35  5088   587  580730.00  2359270.00  21.333615  105.778507   -6.2943  -14.2858
    36  5157   587  581420.00  2359270.00  21.333584  105.785160   -9.5565  -11.8241
    37  5859   593  588440.00  2359210.00  21.332712  105.852848  -10.5450  -16.8228
    38  5214   611  581990.00  2359030.00  21.331390  105.790645   -3.7682  -11.7667
    39  5049   632  580340.00  2358820.00  21.329567  105.774725  -10.6329  -15.4756
    41  5310   644  582950.00  2358700.00  21.328365  105.799886  -15.9249  -15.8968
    42  5034   650  580190.00  2358640.00  21.327947  105.773270  -10.3452  -19.6411
    43  5289   650  582740.00  2358640.00  21.327833  105.797858   -8.0510   -9.3922
    44  5727   659  587120.00  2358550.00  21.326814  105.840086   -6.6643   -8.7361
    45  5133   662  581180.00  2358520.00  21.326819  105.782810  -13.6742  -15.1843
    46  5391   671  583760.00  2358430.00  21.325888  105.807683   -6.0924  -12.4013
    47  5757   677  587420.00  2358370.00  21.325173  105.842969   -9.5888  -12.5327
    48  5226   680  582110.00  2358340.00  21.325151  105.791769   -0.0517  -11.4028
    49  5259   689  582440.00  2358250.00  21.324323  105.794946   -4.4607  -12.9233
    50  5373   698  583580.00  2358160.00  21.323457  105.805934  -11.1174  -19.3683
    51  5139   701  581240.00  2358130.00  21.323293  105.783370   -6.0772  -11.1054
    52  5358   701  583430.00  2358130.00  21.323193  105.804486   -4.2912  -11.1447
    53  5472   704  584570.00  2358100.00  21.322869  105.815476   -7.5422  -15.0849
    54  5385   704  583700.00  2358100.00  21.322910  105.807088  -11.0994  -17.8649
    55  5232   716  582170.00  2357980.00  21.321896  105.792330   -7.0292  -13.4486
    56  5259   734  582440.00  2357800.00  21.320257  105.794924  -11.8291  -12.5715
    57  5190   734  581750.00  2357800.00  21.320289  105.788272  -13.9951  -19.7834
    58  5343   737  583280.00  2357770.00  21.319948  105.803022  -15.6647  -19.7791
    59  5142   749  581270.00  2357650.00  21.318955  105.783636   -7.3851  -11.7019
    60  5475   752  584600.00  2357620.00  21.318531  105.815742  -13.4444  -21.0182
    61  5220   758  582050.00  2357560.00  21.318107  105.791153   -4.4612  -10.3243
    62  5013   761  579980.00  2357530.00  21.317928  105.771193  -12.0386  -12.2163
    63  5340   761  583250.00  2357530.00  21.317781  105.802721  -11.7682  -17.3574
    64  5181   770  581660.00  2357440.00  21.317040  105.787387  -10.3136  -17.1111
    65  5364   773  583490.00  2357410.00  21.316686  105.805029   -8.9762  -14.1184
    66  5070   779  580550.00  2357350.00  21.316277  105.776680   -7.1551  -12.6502
    67  5136   779  581210.00  2357350.00  21.316247  105.783043   -8.0935  -10.3487
    68  5517   779  585020.00  2357350.00  21.316072  105.819778  -13.1823  -13.8315
    69  5118   782  581030.00  2357320.00  21.315984  105.781307   -4.5170  -10.7389
    70  5148   806  581330.00  2357080.00  21.313803  105.784188  -14.4963  -15.3594
    71  5310   812  582950.00  2357020.00  21.313187  105.799804   -3.6806   -8.9944
    73  4929   818  579140.00  2356960.00  21.312816  105.763067  -11.7939  -13.7752
    75  5199   839  581840.00  2356750.00  21.310798  105.789089  -11.9211  -18.8723
    76  5325   857  583100.00  2356570.00  21.309115  105.801228   -2.4079  -12.7645
    77  5223   860  582080.00  2356540.00  21.308890  105.791392   -7.9349  -19.2261
    78  5193   869  581780.00  2356450.00  21.308091  105.788496   -7.6120  -12.9277
    79  5340   869  583250.00  2356450.00  21.308024  105.802668  -16.9298  -18.7336
    80  4914   878  578990.00  2356360.00  21.307402  105.761593  -11.7301  -16.1476
    81  5691   881  586760.00  2356330.00  21.306775  105.836501  -11.7967  -15.1933
    82  5262   881  582470.00  2356330.00  21.306975  105.795142  -12.5041  -13.6336
    83  5355   881  583400.00  2356330.00  21.306933  105.804108  -10.7361  -14.7428
    84  5223   884  582080.00  2356300.00  21.306722  105.791381  -11.2603  -16.1644
    85  5133   884  581180.00  2356300.00  21.306763  105.782704  -13.2129  -14.1111
    86  5571   887  585560.00  2356270.00  21.306290  105.824929  -10.3900  -14.3235
    87  5412   896  583970.00  2356180.00  21.305551  105.809596   -4.6845  -12.2672
    88  5535   896  585200.00  2356180.00  21.305494  105.821454   -6.4928  -13.6094
    89  5340   899  583250.00  2356150.00  21.305313  105.802653  -12.5954  -18.5191
    90  5682   899  586670.00  2356150.00  21.305153  105.835625  -10.1945  -14.0963
    91  5166   899  581510.00  2356150.00  21.305393  105.785878   -3.3705   -9.0711
    92  5250   905  582350.00  2356090.00  21.304813  105.793974  -11.0372  -16.7045
    93  5688   908  586730.00  2356060.00  21.304337  105.836198   -9.6358  -15.6458
    94  5007   911  579920.00  2356030.00  21.304379  105.770544  -10.3345  -14.4815
    95  5673   923  586580.00  2355910.00  21.302989  105.834745  -12.3290  -17.4650
    96  5643   926  586280.00  2355880.00  21.302732  105.831851   -9.5625  -15.1158
    97  5235   926  582200.00  2355880.00  21.302922  105.792517  -12.6411  -17.7726
    98  5160   932  581450.00  2355820.00  21.302414  105.785284   -3.7900   -9.2097
    99  5118   935  581030.00  2355790.00  21.302162  105.781233   -6.9933  -11.1557
   100  5586   935  585710.00  2355790.00  21.301946  105.826351   -9.9570  -19.2140
   101  5271   938  582560.00  2355760.00  21.301822  105.795982  -13.0733  -17.8022
   102  5178   941  581630.00  2355730.00  21.301593  105.787015   -6.2605  -10.0627
   103  5412   941  583970.00  2355730.00  21.301486  105.809574   -7.2648  -16.6840
   104  5148   956  581330.00  2355580.00  21.300251  105.784116   -4.0499  -12.9737
   105  5592   959  585770.00  2355550.00  21.299775  105.826918   -4.1144  -11.0707
   106  5136   971  581210.00  2355430.00  21.298901  105.782952  -11.5284  -13.7200
   107  5598   980  585830.00  2355340.00  21.297875  105.827485   -6.0287  -10.3189
   108  5100   986  580850.00  2355280.00  21.297562  105.779474  -15.5361  -18.4435
   109  5691   986  586760.00  2355280.00  21.297289  105.836448  -18.5373  -24.5310
   110  5538   989  585230.00  2355250.00  21.297090  105.821697   -8.0462  -13.6206
   111  5187   995  581720.00  2355190.00  21.296710  105.787857   -4.8725  -11.5821
   112  5049   998  580340.00  2355160.00  21.296501  105.774552  -10.3692  -13.8510
   113  5628  1001  586130.00  2355130.00  21.295964  105.830367  -12.5920  -19.9201
   114  5166  1004  581510.00  2355100.00  21.295906  105.785828   -9.4309  -13.9791
   116  5622  1034  586070.00  2354800.00  21.292985  105.829772   -7.9489  -14.0587
   117  5571  1046  585560.00  2354680.00  21.291925  105.824849  -15.8145  -21.4186
   118  5682  1052  586670.00  2354620.00  21.291330  105.835546   -5.7901  -14.7407
   119  5343  1061  583280.00  2354530.00  21.290676  105.802863  -11.8919  -16.8923
   120  5556  1094  585410.00  2354200.00  21.287596  105.823379  -13.6749  -20.1302
   121  5265  1115  582500.00  2353990.00  21.285833  105.795318   -6.9774  -16.3071
   122  5214  1115  581990.00  2353990.00  21.285856  105.790402   -6.9303  -14.6408
   123  5394  1121  583790.00  2353930.00  21.285232  105.807750  -19.2669  -19.5757
   124  5610  1127  585950.00  2353870.00  21.284589  105.828568  -10.6802  -15.8565
   125  5436  1136  584210.00  2353780.00  21.283857  105.811791  -13.8976  -21.6377
   126  5616  1154  586010.00  2353600.00  21.282147  105.829132  -13.3807  -18.6872
   127  5670  1157  586550.00  2353570.00  21.281850  105.834336  -11.7291  -11.5321
   128  5586  1157  585710.00  2353570.00  21.281890  105.826239   -9.7240  -14.5362
   129  5430  1166  584150.00  2353480.00  21.281150  105.811198  -14.7047  -18.9429
   130  5550  1169  585350.00  2353450.00  21.280823  105.822763   -8.7153  -11.9628
   131  5508  1169  584930.00  2353450.00  21.280842  105.818715  -10.3946  -18.2608
   132  5616  1178  586010.00  2353360.00  21.279978  105.829120  -15.8726  -18.5330
   133  5517  1178  585020.00  2353360.00  21.280025  105.819578   -8.6016  -12.6053
   134  5457  1196  584420.00  2353180.00  21.278427  105.813785   -8.9781  -12.9363
   135  5655  1205  586400.00  2353090.00  21.277521  105.832866  -12.1959  -16.8872
   136  5634  1208  586190.00  2353060.00  21.277260  105.830840  -10.7196  -15.7957
   137  5628  1211  586130.00  2353030.00  21.276991  105.830260  -10.1875  -13.8479
   138  5361  1214  583460.00  2353000.00  21.276845  105.804523   -6.8744  -12.8028
   139  5022  1214  580070.00  2353000.00  21.276998  105.771847   -8.3463  -12.4040
   140  5460  1238  584450.00  2352760.00  21.274631  105.814054  -13.6324  -17.6221
   141  5433  1253  584180.00  2352610.00  21.273289  105.811444  -10.3342  -12.1742
   142  5349  1256  583340.00  2352580.00  21.273056  105.803346   -7.1524  -11.0008
   143  5427  1262  584120.00  2352520.00  21.272478  105.810861  -12.0081  -20.8885
   144  5379  1280  583640.00  2352340.00  21.270874  105.806225   -7.1909   -9.6972
   145  5436  1301  584210.00  2352130.00  21.268951  105.811709  -10.0230  -15.5540
   146  5547  1313  585320.00  2352010.00  21.267815  105.822402  -12.7556  -14.6098
   147  5652  1322  586370.00  2351920.00  21.266952  105.832517  -12.2422  -20.1440
   148  5667  1340  586520.00  2351740.00  21.265318  105.833954  -16.1644  -16.3140
   149  4731  1340  577160.00  2351740.00  21.265741  105.743740   -8.0434  -15.5455
   150  5457  1358  584420.00  2351560.00  21.263791  105.813705  -11.7962  -13.5678
   151  5457  1394  584420.00  2351200.00  21.260539  105.813687   -4.9639  -16.5372
   152  5634  1406  586190.00  2351080.00  21.259371  105.830740  -11.3104  -13.0699
   153  5985  1415  589700.00  2350990.00  21.258388  105.864563  -13.7733  -17.7225
   154  4617  1511  576020.00  2350030.00  21.250340  105.732676   -6.9210  -14.0365
   155  1128  1544  541130.00  2349700.00  21.248484  105.396409   -9.5746  -10.4662
   156  6081  1592  590660.00  2349220.00  21.242350  105.873721   -8.9379  -15.0638
   158   744  1721  537290.00  2347930.00  21.232575  105.359361   -9.8107  -16.2719
   159   876  1748  538610.00  2347660.00  21.230107  105.372076  -10.2796  -14.8354
   160  5790  1757  587750.00  2347570.00  21.227586  105.845594  -12.5192  -12.6590
   161   684  1826  536690.00  2346880.00  21.223100  105.353556   -3.8194  -10.8392
   162  4977  1958  579620.00  2345560.00  21.209801  105.767161   -6.3376  -13.3734
   163   984  2003  539690.00  2345110.00  21.207044  105.382424  -14.7199  -15.6604
   164  5397  2021  583820.00  2344930.00  21.203920  105.807596  -14.9518  -13.1348
   165  4341  2069  573260.00  2344450.00  21.200039  105.705837  -10.2901  -16.4923
   166   738  2108  537230.00  2344060.00  21.197609  105.358698   -8.0675  -18.3920
   167   903  2129  538880.00  2343850.00  21.195677  105.374591   -8.3752  -15.7661
   168  1131  2165  541160.00  2343490.00  21.192375  105.396548  -10.5033  -11.4509
   169   825  2165  538100.00  2343490.00  21.192441  105.367068  -11.0467  -16.8992
   170  5700  2189  586850.00  2343250.00  21.188600  105.836702   -9.8388  -12.5702
   171   837  2201  538220.00  2343130.00  21.189186  105.368216  -11.0141  -15.2155
   172  5280  2216  582650.00  2342980.00  21.186356  105.796229   -8.8972  -13.5500
   173  6345  2309  593300.00  2342050.00  21.177440  105.898769   -9.5422  -15.9057
   174  1005  2321  539900.00  2341930.00  21.178308  105.384373   -8.3218  -14.8590
   175  1002  2330  539870.00  2341840.00  21.177495  105.384082   -9.9187  -14.9806
   176   747  2336  537320.00  2341780.00  21.177007  105.359516  -11.1213  -17.4737
   177   573  2399  535580.00  2341150.00  21.171350  105.342741   -7.9824  -14.9594
   178   399  2420  533840.00  2340940.00  21.169485  105.325976   -9.1712  -14.2148
   179   546  2453  535310.00  2340610.00  21.166476  105.340129  -16.1570  -20.9816
   180  1440  2453  544250.00  2340610.00  21.166281  105.426243   -7.3607  -13.2885
   181  3948  2459  569330.00  2340550.00  21.164958  105.667816   -5.7974  -12.5881
   182  1437  2468  544220.00  2340460.00  21.164926  105.425950  -12.9533  -14.6651
   183  1029  2471  540140.00  2340430.00  21.164750  105.386650   -7.7433  -19.3304
   184   555  2486  535400.00  2340280.00  21.163492  105.340989  -11.1466  -14.5083
   185  1143  2522  541280.00  2339920.00  21.160116  105.397618   -6.2859  -11.6603
   186   426  2534  534110.00  2339800.00  21.159180  105.328554  -10.0415  -15.1175
   187   582  2549  535670.00  2339650.00  21.157795  105.343577   -7.4490  -14.3739
   188  1224  2591  542090.00  2339230.00  21.153863  105.405403  -10.6448  -15.9856
   189   747  2612  537320.00  2339020.00  21.152070  105.359456  -12.2937  -13.1066
   190   453  2618  534380.00  2338960.00  21.151585  105.331137  -12.6011  -15.7082
   191  3267  2660  562520.00  2338540.00  21.147043  105.602149  -13.3022  -13.5842
   192  1836  2669  548210.00  2338450.00  21.146664  105.464327  -10.2525  -21.5537
   193  1056  2672  540410.00  2338420.00  21.146583  105.389203   -9.7107  -14.3114
   194   498  2681  534830.00  2338330.00  21.145885  105.335459  -10.7127  -16.6990
   195   525  2684  535100.00  2338300.00  21.145608  105.338059   -8.4010  -17.2354
   196   708  2684  536930.00  2338300.00  21.145572  105.355684  -10.5921  -14.6940
   197  1065  2687  540500.00  2338270.00  21.145225  105.390066  -10.1172  -15.3105
   198   303  2687  532880.00  2338270.00  21.145379  105.316677   -5.6902  -13.7437
   199  1044  2693  540290.00  2338210.00  21.144688  105.388042   -8.9891  -12.3746
   200  2745  2699  557300.00  2338150.00  21.143691  105.551862  -11.8427  -13.5679
   201   525  2699  535100.00  2338150.00  21.144253  105.338056  -11.0004  -14.7073
   202   369  2702  533540.00  2338120.00  21.144011  105.323030   -7.1799  -12.7589
   203   912  2705  538970.00  2338090.00  21.143632  105.375326   -6.6524  -12.1185
   204   894  2705  538790.00  2338090.00  21.143636  105.373593   -7.4980  -18.2826
   205  1275  2711  542600.00  2338030.00  21.143009  105.410285   -8.9712  -15.2685
   206  5931  2717  589160.00  2337970.00  21.140787  105.858679  -11.9209  -13.9079
   207   738  2723  537230.00  2337910.00  21.142042  105.358565  -11.9254  -15.4342
   208   786  2726  537710.00  2337880.00  21.141761  105.363187   -8.8756  -14.6493
   209  1809  2735  547940.00  2337790.00  21.140708  105.461708   -9.7328  -16.3447
   210  1359  2741  543440.00  2337730.00  21.140279  105.418368   -8.3954  -12.3858
   211  3456  2744  564410.00  2337700.00  21.139388  105.620320   -5.2122  -18.2264
   212  1818  2747  548030.00  2337670.00  21.139622  105.462571  -15.3328  -17.5301
   213   681  2753  536660.00  2337610.00  21.139343  105.353069  -11.4734  -17.9107
   214  1038  2753  540230.00  2337610.00  21.139268  105.387450   -9.2908  -12.7903
   215  4764  2753  577490.00  2337610.00  21.138067  105.746279   -7.0175  -13.3906
   216  1944  2759  549290.00  2337550.00  21.138504  105.474702   -7.8445  -11.7358
   217  3639  2762  566240.00  2337520.00  21.137697  105.637936   -3.1669  -14.1938
   218  1002  2768  539870.00  2337460.00  21.137921  105.383980  -10.1658  -15.0111
   219  1050  2786  540350.00  2337280.00  21.136284  105.388598  -10.6660  -10.8649
   220  3414  2792  563990.00  2337220.00  21.135066  105.616257   -8.0396  -12.8353
   221   456  2798  534410.00  2337160.00  21.135321  105.331390   -6.5213  -14.7264
   222  2355  2822  553400.00  2336920.00  21.132696  105.514264  -10.5893  -13.6462
   223  1044  2834  540290.00  2336800.00  21.131948  105.388009  -10.8837  -14.7377
   224   345  2834  533300.00  2336800.00  21.132089  105.320693  -12.2333  -17.5472
   225  1593  2834  545780.00  2336800.00  21.131819  105.440879  -12.3692  -16.0199
   226   648  2837  536330.00  2336770.00  21.131760  105.349873   -8.6210  -15.8219
   227   516  2846  535010.00  2336680.00  21.130973  105.337159   -6.7804  -14.5248
   228   501  2858  534860.00  2336560.00  21.129891  105.335712   -9.5775  -17.0827
   229  3906  2864  568910.00  2336500.00  21.128382  105.663608   -4.7097  -13.6572
   230   309  2870  532940.00  2336440.00  21.128843  105.317220   -2.7448  -12.3913
   231   420  2879  534050.00  2336350.00  21.128009  105.327907   -8.0845  -15.8476
   232  6057  2879  590420.00  2336350.00  21.126089  105.870727   -8.5480  -15.8722
   233  3492  2903  564770.00  2336110.00  21.125010  105.623727   -8.5419  -13.2777
   234  1413  2909  543980.00  2336050.00  21.125087  105.423525   -8.5015  -14.7535
   235  1857  2912  548420.00  2336020.00  21.124703  105.466280   -7.8229  -17.9488
   236   684  2927  536690.00  2335870.00  21.123621  105.353320   -8.6549  -14.6231
   237  3552  2930  565370.00  2335840.00  21.122549  105.629494   -8.8797  -10.4819
   238  1653  2960  546380.00  2335540.00  21.120419  105.446623   -8.1668  -14.0577
   239   570  2963  535550.00  2335510.00  21.120391  105.342335   -8.1461  -17.0053
   240   867  2963  538520.00  2335510.00  21.120331  105.370934  -13.1615  -18.2113
   241   441  2981  534260.00  2335330.00  21.118789  105.329909   -5.4416  -12.4472
   242  1539  3002  545240.00  2335120.00  21.116653  105.435634   -7.0532  -11.5147
   243  5457  3002  584420.00  2335120.00  21.115264  105.812892   -9.8081  -22.6862
   244  1533  3005  545180.00  2335090.00  21.116383  105.435056   -6.8641  -18.9011
   245   441  3008  534260.00  2335060.00  21.116350  105.329904   -6.5096  -10.7881
   246   405  3011  533900.00  2335030.00  21.116085  105.326437  -13.8160  -15.9797
   247   399  3017  533840.00  2334970.00  21.115544  105.325858  -12.4287  -13.0434
   248  4767  3044  577520.00  2334700.00  21.111775  105.746437   -9.2011  -12.0049
   249   438  3050  534230.00  2334640.00  21.112555  105.329606   -7.1761  -16.5723
   250   816  3056  538010.00  2334580.00  21.111939  105.366003   -9.8732  -11.9775
   251   960  3059  539450.00  2334550.00  21.111637  105.379868   -7.9949  -14.8849
   252  2001  3059  549860.00  2334550.00  21.111383  105.480104   -8.5235  -16.5880
   253  1794  3062  547790.00  2334520.00  21.111167  105.460172   -9.5378  -16.2727
   254   972  3071  539570.00  2334430.00  21.110550  105.381021   -8.9753  -14.0596
   255   456  3077  534410.00  2334370.00  21.110112  105.331334   -9.4589  -12.9522
   256   423  3080  534080.00  2334340.00  21.109848  105.328156   -5.7675  -11.4989
   257   435  3083  534200.00  2334310.00  21.109574  105.329311   -9.9792  -16.8454
   258  5472  3098  584570.00  2334160.00  21.106583  105.814289   -8.8727  -18.1858
   259  5628  3104  586130.00  2334100.00  21.105968  105.829306   -5.7625  -12.5823
   260  1830  3107  548150.00  2334070.00  21.107092  105.463626   -6.4163  -17.1231
   261   675  3113  536600.00  2334010.00  21.106817  105.352414   -3.3517  -12.3338
   262   675  3125  536600.00  2333890.00  21.105733  105.352411   -5.7042  -15.6572
   263   768  3137  537530.00  2333770.00  21.104630  105.361363   -7.6561  -13.0772
   264  1011  3155  539960.00  2333590.00  21.102952  105.384756   -8.4362  -11.9677
   265  1518  3161  545030.00  2333530.00  21.102292  105.433570   -6.9494  -13.6100
   266  1833  3164  548180.00  2333500.00  21.101941  105.463898   -9.4673  -16.7333
   267  4062  3167  570470.00  2333470.00  21.100947  105.678506  -13.0904  -13.7510
   268  1026  3173  540110.00  2333410.00  21.101322  105.386196   -8.1328  -18.6420
   269   729  3173  537140.00  2333410.00  21.101385  105.357600  -12.0442  -15.7545
   270   648  3182  536330.00  2333320.00  21.100588  105.349799  -10.2453  -11.1513
   271  4083  3185  570680.00  2333290.00  21.099313  105.680520   -7.9612  -13.2393
   272  3840  3191  568250.00  2333230.00  21.098863  105.657122   -6.7142  -12.4044
   273   645  3191  536300.00  2333230.00  21.099776  105.349509   -3.4819   -5.9163
   274   708  3194  536930.00  2333200.00  21.099492  105.355574   -3.2395  -13.6289
   275  1059  3203  540440.00  2333110.00  21.098605  105.389367  -10.4884  -15.3750
   276  3924  3224  569090.00  2332900.00  21.095850  105.665196  -12.4890  -12.0513
   277   843  3227  538280.00  2332870.00  21.096483  105.368565   -9.3422  -14.6478
   278  1230  3227  542150.00  2332870.00  21.096397  105.405825   -9.5413  -12.8381
   279  1233  3230  542180.00  2332840.00  21.096126  105.406113   -5.6741  -12.4651
   280   393  3236  533780.00  2332780.00  21.095758  105.325237  -11.1419  -18.8442
   281   714  3239  536990.00  2332750.00  21.095425  105.356142  -10.4778  -19.6557
   282   465  3239  534500.00  2332750.00  21.095473  105.332168   -6.9567  -17.4815
   283   474  3245  534590.00  2332690.00  21.094930  105.333034  -13.7629  -12.4636
   284   792  3245  537770.00  2332690.00  21.094867  105.363650  -11.5265  -16.4067
   285  5697  3248  586820.00  2332660.00  21.092926  105.835876  -10.7222  -15.6674
   286   435  3248  534200.00  2332660.00  21.094666  105.329278   -6.4996  -15.5842
   287   819  3251  538040.00  2332630.00  21.094319  105.366248   -5.0811  -13.4223
   288   699  3254  536840.00  2332600.00  21.094073  105.354694    3.2628   -0.1265
   289   654  3254  536390.00  2332600.00  21.094082  105.350362    0.6102   -9.1162
   290   972  3254  539570.00  2332600.00  21.094016  105.380978  -17.2064  -20.5843
   291  1323  3260  543080.00  2332540.00  21.093394  105.414770   -9.0113  -20.7001
   292   993  3260  539780.00  2332540.00  21.093469  105.382999  -10.0170  -16.0563
   293   699  3260  536840.00  2332540.00  21.093530  105.354693    2.9348   -2.8394
   294  1725  3263  547100.00  2332510.00  21.093024  105.453473  -18.1659  -17.1459
   295   630  3263  536150.00  2332510.00  21.093273  105.348049  -13.4134  -16.3063
   296   651  3275  536360.00  2332390.00  21.092185  105.350069   -7.5290  -12.4049
   297   771  3275  537560.00  2332390.00  21.092160  105.361622   -7.4692  -15.8500
   298  3555  3281  565400.00  2332330.00  21.090835  105.629649   -8.4968  -13.5572
   299   561  3287  535460.00  2332270.00  21.091118  105.341401  -10.9234  -18.6593
   300  4968  3287  579530.00  2332270.00  21.089734  105.765677   -9.9548  -13.9143
   301   867  3287  538520.00  2332270.00  21.091056  105.370862   -0.2159  -10.8181
   302   735  3290  537200.00  2332240.00  21.090813  105.358153  -13.4280  -19.0720
   303   687  3290  536720.00  2332240.00  21.090822  105.353531   -4.3961  -11.9754
   304   588  3296  535730.00  2332180.00  21.090300  105.343999  -13.1733  -15.2882
   305  1551  3299  545360.00  2332150.00  21.089815  105.436711    0.8203  -11.2316
   306   594  3302  535790.00  2332120.00  21.089756  105.344575   -7.4598  -11.3029
   307  1086  3305  540710.00  2332090.00  21.089383  105.391942   -2.4136   -7.4980
   308  6306  3308  592910.00  2332060.00  21.087206  105.894471   -6.4061  -15.6110
   309   576  3311  535610.00  2332030.00  21.088947  105.342840  -10.1546  -13.9887
   310  1095  3311  540800.00  2332030.00  21.088838  105.392807  -10.2293  -18.2700
   311  1242  3317  542270.00  2331970.00  21.088263  105.406958   -8.8830  -17.8869
   312  6384  3317  593690.00  2331970.00  21.086354  105.901974   -6.5148  -13.0170
   313  1116  3323  541010.00  2331910.00  21.087749  105.394826  -10.5535  -16.1304
   314  4662  3323  576470.00  2331910.00  21.086612  105.736203   -9.1994  -13.4020
   315  6390  3329  593750.00  2331850.00  21.085266  105.902545   -8.8016  -11.4642
   316   834  3329  538190.00  2331850.00  21.087268  105.367675   -9.0486  -14.0111
   317   777  3332  537620.00  2331820.00  21.087009  105.362187   -9.9362  -20.3475
   318   699  3332  536840.00  2331820.00  21.087025  105.354678   -0.3258   -8.4954
   319   564  3341  535490.00  2331730.00  21.086238  105.341679   -3.8856  -14.9087
   320   942  3341  539270.00  2331730.00  21.086161  105.378070  -10.1004  -21.4484
   321  6336  3344  593210.00  2331700.00  21.083939  105.897339   -6.1743  -17.6717
   322   981  3344  539660.00  2331700.00  21.085882  105.381824  -10.7636  -21.0536
   323   903  3344  538880.00  2331700.00  21.085898  105.374315   -7.8394  -12.2863
   324  6759  3347  597440.00  2331670.00  21.083447  105.938056   -7.1963  -14.7819
   325  1644  3350  546290.00  2331640.00  21.085184  105.445651   -8.4985  -11.8447
   326   978  3353  539630.00  2331610.00  21.085069  105.381533  -17.2278  -20.5766
   327   924  3353  539090.00  2331610.00  21.085081  105.376334   -4.9027  -16.2277
   328  1353  3356  543380.00  2331580.00  21.084713  105.417634   -8.8835  -14.6632
   329   507  3356  534920.00  2331580.00  21.084894  105.336188   -7.7346  -11.0849
   330   819  3356  538040.00  2331580.00  21.084832  105.366225   -8.5722  -17.0248
   331  1056  3359  540410.00  2331550.00  21.084510  105.389041   -7.5917  -10.2259
   332   555  3359  535400.00  2331550.00  21.084614  105.340809   -6.7273  -15.5309
   333   957  3362  539420.00  2331520.00  21.084261  105.379509  -10.9076  -13.2998
   334   735  3365  537200.00  2331490.00  21.084036  105.358136  -11.5880  -12.5152
   335   927  3368  539120.00  2331460.00  21.083725  105.376620   -7.9451  -18.2356
   336  1368  3368  543530.00  2331460.00  21.083625  105.419075   -9.8408  -17.9352
   337   786  3371  537710.00  2331430.00  21.083483  105.363045  -10.0347  -12.1741
   338   813  3377  537980.00  2331370.00  21.082936  105.365643  -10.2467  -14.2716
   339   474  3377  534590.00  2331370.00  21.083003  105.333007   -6.1214  -11.4133
   340  1056  3377  540410.00  2331370.00  21.082884  105.389037   -6.4018  -14.1525
   341  1050  3380  540350.00  2331340.00  21.082614  105.388458  -12.2149  -13.1980
   342   855  3383  538400.00  2331310.00  21.082385  105.369685   -9.9696  -12.0197
   343  4491  3386  574760.00  2331280.00  21.080990  105.719713   -9.5626  -11.4108
   344  1896  3389  548810.00  2331250.00  21.081595  105.469900   -9.0387  -14.0460
   345  2190  3389  551750.00  2331250.00  21.081514  105.498203   -6.0274  -17.1615
   346   792  3389  537770.00  2331250.00  21.081856  105.363619   -4.4845  -12.5578
   347   489  3392  534740.00  2331220.00  21.081645  105.334448   -6.8641   -9.3850
   348  4728  3392  577130.00  2331220.00  21.080350  105.742525  -11.6036  -15.9153
   349   927  3395  539120.00  2331190.00  21.081285  105.376614   -5.1535  -10.4418
   350   855  3395  538400.00  2331190.00  21.081301  105.369682  -10.9662  -15.5562
   351   855  3407  538400.00  2331070.00  21.080216  105.369680   -7.2261  -15.5444
   352   492  3410  534770.00  2331040.00  21.080018  105.334733   -5.0589  -10.6188
   353   666  3410  536510.00  2331040.00  21.079984  105.351484   -8.3595  -10.7477
   354   543  3419  535280.00  2330950.00  21.079195  105.339641   -7.0472  -11.1530
   355   630  3422  536150.00  2330920.00  21.078907  105.348016   -7.3097  -12.8100
   356  5091  3422  580760.00  2330920.00  21.077483  105.777454   -5.8865  -13.6842
   357  1011  3422  539960.00  2330920.00  21.078828  105.384694  -10.2951  -16.6891
   358  1185  3431  541700.00  2330830.00  21.077976  105.401443   -3.9251  -13.2058
   359   603  3437  535880.00  2330770.00  21.077557  105.345413   -6.5665  -13.9684
   360   858  3440  538430.00  2330740.00  21.077234  105.369961   -9.3446  -15.2615
   361  1503  3446  544880.00  2330680.00  21.076545  105.432052  -10.2676  -17.2934
   362   636  3452  536210.00  2330620.00  21.076195  105.348587   -3.6804  -10.7227
   363  1500  3452  544850.00  2330620.00  21.076004  105.431761   -7.6694  -16.7207
   364   819  3455  538040.00  2330590.00  21.075887  105.366203   -4.7971  -13.6796
   365  1056  3455  540410.00  2330590.00  21.075836  105.389018  -17.7558  -22.0903
   366  1071  3458  540560.00  2330560.00  21.075562  105.390462  -11.0125  -12.7430
   367   867  3464  538520.00  2330500.00  21.075064  105.370822  -12.2049  -16.9529
   368   648  3464  536330.00  2330500.00  21.075108  105.349740   -4.8813  -12.8692
   369   651  3464  536360.00  2330500.00  21.075108  105.350029   -2.4320  -10.7774
   370   702  3467  536870.00  2330470.00  21.074827  105.354938   -8.2329  -15.0493
   371  4860  3473  578450.00  2330410.00  21.072976  105.755195   -8.2192  -12.7150
   372  1077  3476  540620.00  2330380.00  21.073934  105.391035  -11.4128  -21.1411
   373   696  3479  536810.00  2330350.00  21.073744  105.354357   -1.4348   -3.6746
   374  4998  3479  579830.00  2330350.00  21.072374  105.768476   -9.2722  -16.8727
   375   522  3482  535070.00  2330320.00  21.073507  105.337607   -5.9544  -14.4491
   376  1077  3482  540620.00  2330320.00  21.073392  105.391034   -9.9181  -22.1276
   377   621  3485  536060.00  2330290.00  21.073216  105.347136   -5.9169  -12.6102
   378   876  3488  538610.00  2330260.00  21.072893  105.371683   -9.3923  -19.1692
   379  4803  3488  577880.00  2330260.00  21.071645  105.749701  -12.7129  -16.6781
   380   867  3491  538520.00  2330230.00  21.072624  105.370816   -9.4450  -15.6306
   381  3765  3494  567500.00  2330200.00  21.071515  105.649783   -7.5900  -13.6536
   382   768  3503  537530.00  2330110.00  21.071560  105.361283  -12.4384  -17.7701
   383  5727  3503  587120.00  2330110.00  21.069874  105.838635   -5.7750  -19.1412
   384  5754  3506  587390.00  2330080.00  21.069590  105.841232   -5.9002  -10.6478
   385  5010  3506  579950.00  2330080.00  21.069929  105.769618  -10.1992  -14.7638
   386   669  3509  536540.00  2330050.00  21.071038  105.351752    6.3277   -0.3990
   387   645  3509  536300.00  2330050.00  21.071043  105.349442   -3.6106   -9.5784
   388   534  3515  535190.00  2329990.00  21.070523  105.338755   -6.6083  -15.9809
   389  2004  3515  549890.00  2329990.00  21.070181  105.480261  -13.0993  -19.8999
   390  4836  3518  578210.00  2329960.00  21.068920  105.752864   -9.3638  -12.1111
   391  1155  3524  541400.00  2329900.00  21.069580  105.398532   -8.0825  -14.0047
   392   627  3530  536120.00  2329840.00  21.069149  105.347704   -3.8423   -5.5767
   393  3867  3530  568520.00  2329840.00  21.068224  105.659587   -9.0547  -20.5433
   394   552  3530  535370.00  2329840.00  21.069164  105.340485   -6.3201   -9.7558
   395  2031  3533  550160.00  2329810.00  21.068548  105.482855   -9.4298  -18.4879
   396  3819  3536  568040.00  2329780.00  21.067700  105.654964   -4.7504  -12.3363
   397   669  3542  536540.00  2329720.00  21.068057  105.351745   -6.8686  -14.1452
   398  1101  3545  540860.00  2329690.00  21.067694  105.393329   -7.8883  -14.4915
   399  5928  3545  589130.00  2329690.00  21.065982  105.857960   -6.9476  -18.7244
   400   558  3548  535430.00  2329660.00  21.067536  105.341059   -2.5138  -10.8506
   401   870  3548  538550.00  2329660.00  21.067473  105.371092   -8.4808  -17.5919
   402  1776  3548  547610.00  2329660.00  21.067260  105.458304  -16.2869  -18.5340
   403  2832  3551  558170.00  2329630.00  21.066684  105.559952   -8.5838  -14.7279
   404   315  3551  533000.00  2329630.00  21.067311  105.317666  -10.0284  -16.7289
   405  1788  3551  547730.00  2329630.00  21.066986  105.459458  -10.9191  -17.1270
   406  1149  3554  541340.00  2329600.00  21.066870  105.397947  -10.7619  -19.8671
   407   852  3554  538370.00  2329600.00  21.066935  105.369358   -7.6276  -13.7958
   408  1032  3560  540170.00  2329540.00  21.066354  105.386684   -7.7949  -14.3333
   409   858  3560  538430.00  2329540.00  21.066392  105.369934   -7.0346  -17.4696
   410  5619  3563  586040.00  2329510.00  21.064504  105.828209  -10.3898  -11.1505
   411   753  3572  537380.00  2329420.00  21.065329  105.359824   -0.8102   -5.9194
   412   957  3578  539420.00  2329360.00  21.064744  105.379460  -11.3749  -17.0303
   413   867  3578  538520.00  2329360.00  21.064763  105.370797   -6.7639  -12.7037
   414  2559  3584  555440.00  2329300.00  21.063788  105.533663   -6.6951  -11.2707
   415   750  3587  537350.00  2329270.00  21.063974  105.359532   -0.5367  -10.1518
   416   936  3590  539210.00  2329240.00  21.063664  105.377436  -12.9721  -18.7415
   417   729  3590  537140.00  2329240.00  21.063708  105.357510   -3.2816  -10.9282
   418   963  3593  539480.00  2329210.00  21.063388  105.380034   -7.2074  -14.7061
   419  3828  3599  568130.00  2329150.00  21.062005  105.655805   -7.6140  -13.7645
   420   603  3599  535880.00  2329150.00  21.062919  105.345380   -5.2321   -8.6975
   421  4839  3599  578240.00  2329150.00  21.061601  105.753116   -3.8451  -20.8180
   422   951  3602  539360.00  2329120.00  21.062577  105.378877  -11.1830  -17.8129
   423   780  3602  537650.00  2329120.00  21.062613  105.362417  -11.9211  -24.7730
   424   867  3605  538520.00  2329090.00  21.062324  105.370791   -8.4863  -20.1929
   425  1506  3605  544910.00  2329090.00  21.062178  105.432299  -13.8235  -16.8793
   426   873  3605  538580.00  2329090.00  21.062323  105.371368  -14.7322  -21.2088
   427  3159  3605  561440.00  2329090.00  21.061699  105.591409   -8.5240  -11.1696
   428  1485  3608  544700.00  2329060.00  21.061912  105.430277   -6.7352  -13.4656
   429   849  3608  538340.00  2329060.00  21.062056  105.369057  -13.0839  -18.0824
   430   639  3611  536240.00  2329030.00  21.061828  105.348842   -5.1759   -9.9315
   431   786  3611  537710.00  2329030.00  21.061798  105.362992   -9.3629  -16.9146
   432   918  3611  539030.00  2329030.00  21.061771  105.375698  -10.3051  -19.5840
   433   798  3614  537830.00  2329000.00  21.061525  105.364147  -11.8109  -16.1730
   434  4761  3617  577460.00  2328970.00  21.060008  105.745601   -9.6094  -13.8509
   435  1746  3623  547310.00  2328910.00  21.060492  105.455396   -7.0876  -12.7636
   436  4770  3623  577550.00  2328910.00  21.059462  105.746464   -8.9307  -15.4894
   437  4851  3629  578360.00  2328850.00  21.058885  105.754258  -14.6435  -14.6811
   438   468  3635  534530.00  2328790.00  21.059693  105.332378  -11.1206  -15.9294
   439   648  3635  536330.00  2328790.00  21.059658  105.349704   -6.9399   -7.2580
   440   966  3635  539510.00  2328790.00  21.059592  105.380313  -11.6889  -13.8157
   441  4833  3638  578180.00  2328760.00  21.058080  105.752521   -8.6338  -15.5278
   442   441  3638  534260.00  2328760.00  21.059427  105.329778   -2.3440  -11.6560
   443   663  3641  536480.00  2328730.00  21.059113  105.351146   -3.3727   -7.5717
   444   918  3641  539030.00  2328730.00  21.059060  105.375691  -12.6003  -17.2384
   445   537  3641  535220.00  2328730.00  21.059137  105.339018   -3.0981  -17.5218
   446  1080  3644  540650.00  2328700.00  21.058754  105.391284   -9.6806  -13.4147
   447  5001  3647  579860.00  2328670.00  21.057194  105.768687  -10.4646  -16.7379
   448   414  3650  533990.00  2328640.00  21.058347  105.327177   -2.6523   -9.1376
   449  4842  3656  578270.00  2328580.00  21.056450  105.753379  -10.3464  -12.5323
   450   450  3656  534350.00  2328580.00  21.057799  105.330641   -2.5987   -6.9784
   451   264  3656  532490.00  2328580.00  21.057832  105.312737   -9.6931  -14.9396
   452   954  3659  539390.00  2328550.00  21.057426  105.379153  -11.0984  -17.8005
   453   729  3665  537140.00  2328490.00  21.056931  105.357494    3.3371   -9.0534
   454   663  3668  536480.00  2328460.00  21.056673  105.351141   -2.3705  -11.1259
   455  2127  3677  551120.00  2328370.00  21.055510  105.492053  -11.8222  -14.4289
   456  2130  3686  551150.00  2328280.00  21.054696  105.492339  -12.0214  -16.1248
   457   783  3686  537680.00  2328280.00  21.055023  105.362687    1.8852   -4.0998
   458   975  3695  539600.00  2328190.00  21.054169  105.381166   -8.4350  -18.3584
   459  1707  3695  546920.00  2328190.00  21.053996  105.451622   -8.8141   -7.7669
   460   210  3695  531950.00  2328190.00  21.054318  105.307532  -10.2885  -14.0584
   461   693  3698  536780.00  2328160.00  21.053957  105.354022   -1.2765   -8.4095
   462   537  3698  535220.00  2328160.00  21.053987  105.339006   -9.2873  -11.6389
   463   735  3701  537200.00  2328130.00  21.053677  105.358064   -1.6686   -8.5979
   464   606  3704  535910.00  2328100.00  21.053432  105.345647   -3.7462  -11.5461
   465   747  3707  537320.00  2328070.00  21.053132  105.359217    0.8529   -8.4585
   466   876  3710  538610.00  2328040.00  21.052835  105.371633  -12.2169  -14.7180
   467   741  3716  537260.00  2327980.00  21.052321  105.358638    4.8278   -5.8931
   468   600  3716  535850.00  2327980.00  21.052349  105.345067  -10.1405  -14.8011
   469  1053  3719  540380.00  2327950.00  21.051983  105.388668   -9.6185  -13.4985
   470  1050  3722  540350.00  2327920.00  21.051713  105.388378   -9.9373  -14.6132
   471   918  3722  539030.00  2327920.00  21.051742  105.375673  -19.1690  -26.7894
   472   939  3728  539240.00  2327860.00  21.051195  105.377693  -13.0898  -20.4739
   473  2226  3728  552110.00  2327860.00  21.050874  105.501566   -6.1550  -15.3656
   474   627  3731  536120.00  2327830.00  21.050988  105.347662  -14.4499  -22.1577
   475   840  3731  538250.00  2327830.00  21.050945  105.368164   -8.5107  -14.9693
   476   396  3731  533810.00  2327830.00  21.051032  105.325428   -5.4532   -9.5432
   477   504  3734  534890.00  2327800.00  21.050741  105.335823   -1.1117   -8.2861
   478   945  3734  539300.00  2327800.00  21.050652  105.378269   -8.2499  -18.0301
   479  2385  3737  553700.00  2327770.00  21.050015  105.516867   -7.5855  -15.0632
   480  4890  3737  578750.00  2327770.00  21.049111  105.757962   -6.7546  -17.5216
   481  1080  3737  540650.00  2327770.00  21.050351  105.391262  -10.6198  -18.6631
   482   681  3737  536660.00  2327770.00  21.050435  105.352858  -11.2055  -14.7462
   483  1686  3737  546710.00  2327770.00  21.050207  105.449589   -8.8348  -15.2086
   484  6852  3743  598370.00  2327710.00  21.047622  105.946782   -5.8905  -12.6983
   485  6849  3749  598340.00  2327650.00  21.047081  105.946490   -7.4878  -12.2703
   486  1035  3752  540200.00  2327620.00  21.049006  105.386927   -7.2275  -16.5322
   487  1071  3755  540560.00  2327590.00  21.048727  105.390392  -15.7429  -22.3394
   488   849  3755  538340.00  2327590.00  21.048774  105.369024   -7.1634  -18.8282
   489  4845  3758  578300.00  2327560.00  21.047233  105.753621   -5.4356  -14.5150
   490   717  3758  537020.00  2327560.00  21.048530  105.356319   -4.1409   -5.6262
   491  6858  3761  598430.00  2327530.00  21.045992  105.947349   -9.0534  -12.7212
   492   822  3761  538070.00  2327530.00  21.048238  105.366424   -1.4532   -9.2969
   493  1050  3761  540350.00  2327530.00  21.048189  105.388369  -13.9866  -17.7701
   494   558  3764  535430.00  2327500.00  21.048020  105.341014   -1.3727   -4.3783
   495   717  3770  537020.00  2327440.00  21.047446  105.356316   -4.1563  -10.9976
   496  2472  3773  554570.00  2327410.00  21.046737  105.525229   -9.9966  -11.5375
   497   927  3776  539120.00  2327380.00  21.046861  105.376527  -10.7175  -15.2003
   498  1347  3776  543320.00  2327380.00  21.046766  105.416951   -7.2876  -11.1581
   499  1152  3779  541370.00  2327350.00  21.046540  105.398182   -7.2722  -15.4486
   500   954  3779  539390.00  2327350.00  21.046584  105.379125  -12.7222  -15.3894
   501   906  3782  538910.00  2327320.00  21.046323  105.374505  -10.6425  -17.3110
   502  1689  3785  546740.00  2327290.00  21.045869  105.449865   -7.0191  -13.3511
   503  1206  3788  541910.00  2327260.00  21.045715  105.403377   -9.3159  -17.4457
   504   900  3788  538850.00  2327260.00  21.045782  105.373926   -9.5044  -17.6908
   505   870  3788  538550.00  2327260.00  21.045788  105.371038  -19.4415  -19.4348
   506  1197  3791  541820.00  2327230.00  21.045446  105.402510   -8.3594  -12.6544
   507  1206  3791  541910.00  2327230.00  21.045444  105.403377  -10.9432  -17.7737
   508   903  3791  538880.00  2327230.00  21.045510  105.374214  -11.8252  -18.9392
   509  1281  3794  542660.00  2327200.00  21.045155  105.410594   -8.8523  -13.4889
   510   933  3794  539180.00  2327200.00  21.045233  105.377101  -12.2412  -14.9225
   511  1167  3803  541520.00  2327110.00  21.044368  105.399620   -4.2288  -11.1963
   512   567  3806  535520.00  2327080.00  21.044223  105.341872   -2.6583   -8.0273
   513   840  3806  538250.00  2327080.00  21.044168  105.368147   -0.4125  -10.0458
   514  1089  3806  540740.00  2327080.00  21.044115  105.392112   -8.2416  -15.1621
   515  1041  3809  540260.00  2327050.00  21.043854  105.387492  -10.7761  -14.7529
   516   825  3809  538100.00  2327050.00  21.043900  105.366703   -6.8549   -9.3066
   517  2382  3809  553670.00  2327050.00  21.043511  105.516556   -6.2916  -15.1725
   518   474  3809  534590.00  2327050.00  21.043970  105.332920   -2.2176   -8.7435
   519  6729  3812  597140.00  2327020.00  21.041454  105.934906   -5.7785  -15.1458
   520  1281  3812  542660.00  2327020.00  21.043529  105.410590  -11.1579  -12.0161
   521  2625  3812  556100.00  2327020.00  21.043167  105.539942  -11.5031  -14.3142
   522   537  3815  535220.00  2326990.00  21.043416  105.338982   -6.8449  -11.7840
   523  6861  3815  598460.00  2326990.00  21.041112  105.947607   -8.3408  -16.9145
   524  3825  3818  568100.00  2326960.00  21.042219  105.655430   -7.1380  -13.0864
   525  1179  3818  541640.00  2326960.00  21.043010  105.400771   -1.6333   -9.4186
   526   543  3821  535280.00  2326930.00  21.042872  105.339559   -6.2063  -14.2237
   527  1647  3821  546320.00  2326930.00  21.042627  105.445813   -8.3375  -16.6755
   528   501  3827  534860.00  2326870.00  21.042338  105.335515   -2.4579  -11.0251
   529   519  3830  535040.00  2326840.00  21.042064  105.337247   -7.0859  -11.0738
   530  1266  3830  542510.00  2326840.00  21.041906  105.409142   -6.2803  -13.6621
   531   636  3830  536210.00  2326840.00  21.042041  105.348508   -2.9092  -11.0817
   532   603  3833  535880.00  2326810.00  21.041777  105.345331   -5.3233  -10.4668
   533   579  3836  535640.00  2326780.00  21.041510  105.343020   -7.2766  -16.7703
   534  1083  3836  540680.00  2326780.00  21.041405  105.391528   -3.8774  -10.2440
   535  2148  3842  551330.00  2326720.00  21.040596  105.494025  -12.8943  -17.0212
   536  1302  3845  542870.00  2326690.00  21.040542  105.412603  -10.1393  -16.0836
   537   612  3845  535970.00  2326690.00  21.040691  105.346195   -7.0067  -14.3378
   538  1767  3848  547520.00  2326660.00  21.040157  105.457355   -3.6022  -11.4197
   539  1998  3848  549830.00  2326660.00  21.040095  105.479587   -9.6368  -12.7796
   540  3963  3851  569480.00  2326630.00  21.039186  105.668698   -8.9735  -13.8730
   541   777  3857  537620.00  2326570.00  21.039573  105.362072    0.0153   -9.3662
   542  3945  3860  569300.00  2326540.00  21.038379  105.666962   -8.2291  -16.8458
   543  3993  3869  569780.00  2326450.00  21.037548  105.671578   -8.5042  -11.1998
   544  1686  3869  546710.00  2326450.00  21.038280  105.449554   -8.9772  -12.7633
   545   675  3869  536600.00  2326450.00  21.038510  105.352253  -13.7953  -18.3343
   546  1206  3872  541910.00  2326420.00  21.038125  105.403357   -7.0315  -19.2858
   547  1086  3872  540710.00  2326420.00  21.038152  105.391808   -8.4313  -11.8314
   548   969  3875  539540.00  2326390.00  21.037906  105.380547   -8.1848  -16.6869
   549  1182  3875  541670.00  2326390.00  21.037859  105.401046  -12.2066  -14.5618
   550   261  3875  532460.00  2326390.00  21.038045  105.312407   -9.8294  -15.3958
   551   978  3881  539630.00  2326330.00  21.037362  105.381412  -10.1752  -16.6359
   552  1119  3881  541040.00  2326330.00  21.037331  105.394982  -11.6082  -20.5487
   553  1137  3881  541220.00  2326330.00  21.037327  105.396714   -7.8022  -14.2362
   554   276  3881  532610.00  2326330.00  21.037501  105.313850  -10.3880  -16.8780
   555  1176  3884  541610.00  2326300.00  21.037048  105.400467   -8.6929  -14.0926
   556  2238  3887  552230.00  2326270.00  21.036505  105.502673  -11.7931  -14.6865
   557  1206  3890  541910.00  2326240.00  21.036499  105.403352  -11.5224  -18.9124
   558   147  3893  531320.00  2326210.00  21.036439  105.301432   -7.2721  -13.7481
   559   339  3893  533240.00  2326210.00  21.036405  105.319911  -13.6641  -17.8907
   560  1773  3896  547580.00  2326180.00  21.035818  105.457919   -5.8386  -14.8896
   561  1212  3905  541970.00  2326090.00  21.035142  105.403926   -6.6069  -13.7621
   562  2241  3905  552260.00  2326090.00  21.034878  105.502956  -10.2044  -14.7096
   563   633  3905  536180.00  2326090.00  21.035265  105.348203  -11.9090  -15.2539
   564  1017  3908  540020.00  2326060.00  21.034914  105.385159   -3.5128  -11.6329
   565  1944  3914  549290.00  2326000.00  21.034147  105.474371   -7.3788  -16.9543
   566  1218  3914  542030.00  2326000.00  21.034327  105.404501  -11.8026  -16.5180
   567   729  3914  537140.00  2326000.00  21.034433  105.357440    0.5391   -7.5774
   568  1149  3917  541340.00  2325970.00  21.034072  105.397860  -10.8484  -16.2321
   569  3969  3920  569540.00  2325940.00  21.032949  105.669247   -8.2436  -15.7056
   570   924  3920  539090.00  2325940.00  21.033850  105.376206   -9.1750  -11.9296
   571   240  3920  532250.00  2325940.00  21.033983  105.310378  -10.9458  -15.3645
   572  4014  3920  569990.00  2325940.00  21.032932  105.673578   -8.6708  -13.1133
   573  4044  3923  570290.00  2325910.00  21.032650  105.676464  -11.7670  -12.5553
   574  2865  3929  558500.00  2325850.00  21.032521  105.563001  -15.0420  -15.7492
   575   963  3929  539480.00  2325850.00  21.033029  105.379957  -14.3616  -17.3811
   576   738  3932  537230.00  2325820.00  21.032805  105.358303  -13.9840  -18.2383
   577   804  3932  537890.00  2325820.00  21.032791  105.364654  -11.4212  -14.4621
   578   498  3932  534830.00  2325820.00  21.032852  105.335205  -10.4425  -16.5962
   579  1176  3935  541610.00  2325790.00  21.032439  105.400454  -12.0672  -21.0713
   580  4104  3938  570890.00  2325760.00  21.031271  105.682232   -9.5880  -13.9358
   581   897  3944  538820.00  2325700.00  21.031687  105.373602   -4.0919   -8.7544
   582   822  3944  538070.00  2325700.00  21.031703  105.366384   -9.3243  -10.3883
   583   960  3947  539450.00  2325670.00  21.031403  105.379664   -8.3560  -15.3747
   584  1149  3947  541340.00  2325670.00  21.031361  105.397853  -11.1972  -17.3436
   585   735  3953  537200.00  2325610.00  21.030908  105.358009  -19.8277  -21.9948
   586  1323  3959  543080.00  2325550.00  21.030237  105.414595   -7.4594  -14.9952
   587   714  3959  536990.00  2325550.00  21.030370  105.355987   -4.4284  -12.6005
   588   522  3959  535070.00  2325550.00  21.030408  105.337509  -12.4506  -17.0101
   589   738  3962  537230.00  2325520.00  21.030094  105.358296  -13.9735  -25.3716
   590  4086  3962  570710.00  2325520.00  21.029110  105.680490   -9.7056  -15.0405
   591   789  3965  537740.00  2325490.00  21.029812  105.363204   -6.9736  -16.3615
   592   972  3968  539570.00  2325460.00  21.029503  105.380814   -7.7271  -13.3092
   593  4008  3968  569930.00  2325460.00  21.028598  105.672981   -7.3223  -16.6465
   594  4020  3968  570050.00  2325460.00  21.028593  105.674136   -9.7584  -19.1611
   595   939  3968  539240.00  2325460.00  21.029510  105.377638   -1.8651   -5.4937
   596   912  3977  538970.00  2325370.00  21.028703  105.375038   -3.4283  -14.7737
   597   996  3983  539810.00  2325310.00  21.028142  105.383120   -0.6908   -9.4146
   598  1035  3983  540200.00  2325310.00  21.028134  105.386874   -5.0026  -16.9989
   599   780  3989  537650.00  2325250.00  21.027646  105.362332   -9.4427  -10.4223
   600  2214  3989  551990.00  2325250.00  21.027296  105.500333  -13.4069  -17.5416
   601  1038  3992  540230.00  2325220.00  21.027320  105.387160   -8.5486  -15.5878
   602  1182  3995  541670.00  2325190.00  21.027017  105.401017  -17.1305  -18.2670
   603  1050  3998  540350.00  2325160.00  21.026775  105.388314   -9.7378  -10.6669
   604  2160  4001  551450.00  2325130.00  21.026227  105.495132  -13.2657  -15.7416
   605   804  4001  537890.00  2325130.00  21.026557  105.364639   -7.4790  -13.2917
   606  1053  4004  540380.00  2325100.00  21.026233  105.388601   -7.3358  -12.7313
   607   861  4004  538460.00  2325100.00  21.026274  105.370124   -4.9576  -11.4238
   608   888  4004  538730.00  2325100.00  21.026268  105.372722   -4.3906   -5.9277
   609  3015  4007  560000.00  2325070.00  21.025425  105.577409   -9.7411  -11.6881
   610  3084  4013  560690.00  2325010.00  21.024860  105.584047  -10.1608  -20.2708
   611  1326  4019  543110.00  2324950.00  21.024815  105.414869   -8.8958  -10.5906
   612   912  4019  538970.00  2324950.00  21.024908  105.375028   -5.1845  -11.3638
   613   795  4019  537800.00  2324950.00  21.024932  105.363769  -12.0573  -14.5048
   614  1131  4019  541160.00  2324950.00  21.024860  105.396104   -8.0494  -21.1801
   615   867  4022  538520.00  2324920.00  21.024646  105.370697   -5.2605  -13.3454
   616  1515  4025  545000.00  2324890.00  21.024228  105.433056   -6.3821  -10.4652
   617   801  4028  537860.00  2324860.00  21.024118  105.364345   -1.0809   -8.4878
   618   726  4028  537110.00  2324860.00  21.024133  105.357127   -0.7183   -8.0392
   619  1512  4031  544970.00  2324830.00  21.023686  105.432765  -10.8274  -12.8961
   620  1185  4034  541700.00  2324800.00  21.023492  105.401297  -11.5063  -16.7322
   621  1476  4034  544610.00  2324800.00  21.023424  105.429300   -4.6044   -9.7726
   622   933  4034  539180.00  2324800.00  21.023548  105.377046   -4.4949  -15.9108
   623  1083  4037  540680.00  2324770.00  21.023244  105.391480   -9.8999  -19.1670
   624  1125  4040  541100.00  2324740.00  21.022964  105.395521  -11.8815  -18.5965
   625   687  4043  536720.00  2324710.00  21.022786  105.353371  -10.2404  -13.1953
   626   903  4046  538880.00  2324680.00  21.022470  105.374156   -4.5037   -8.4093
   627  1326  4046  543110.00  2324680.00  21.022376  105.414862   -7.0697  -11.4663
   628  2832  4049  558170.00  2324650.00  21.021689  105.559784   -8.7828  -15.7664
   629   936  4058  539210.00  2324560.00  21.021379  105.377329   -4.5774  -11.4119
   630  1446  4058  544310.00  2324560.00  21.021263  105.426407  -10.2615  -11.0998
   631   903  4061  538880.00  2324530.00  21.021115  105.374153    2.0572   -7.3588
   632   729  4061  537140.00  2324530.00  21.021151  105.357409   -6.5414  -12.8913
   633   861  4067  538460.00  2324470.00  21.020581  105.370110   -3.8171   -7.4830
   634  1074  4070  540590.00  2324440.00  21.020265  105.390606  -14.2403  -17.4680
   635  6291  4073  592760.00  2324410.00  21.018100  105.892615   -9.1619  -16.5201
   636  1332  4073  543170.00  2324410.00  21.019935  105.415433   -8.0872  -15.3906
   637  1425  4073  544100.00  2324410.00  21.019913  105.424382   -4.7759  -11.2717
   638  1302  4076  542870.00  2324380.00  21.019671  105.412545   -8.1860  -13.6118
   639  6360  4079  593450.00  2324350.00  21.017523  105.899251   -8.2169  -17.6170
   640  1287  4082  542720.00  2324320.00  21.019132  105.411100  -10.9105  -15.4816
   641  1587  4082  545720.00  2324320.00  21.019060  105.439969   -8.9283  -13.2814
   642  5799  4085  587840.00  2324290.00  21.017258  105.845268  -11.3281  -14.1085
   643   717  4085  537020.00  2324290.00  21.018985  105.356249   -7.2007  -14.5140
   644  1674  4088  546590.00  2324260.00  21.018496  105.448339   -6.6494   -9.0711
   645  1581  4088  545660.00  2324260.00  21.018519  105.439390  -11.9136  -18.3366
   646  1152  4088  541370.00  2324260.00  21.018621  105.398108  -15.7320  -20.0925
   647   708  4094  536930.00  2324200.00  21.018173  105.355381  -11.9426  -17.3824
   648  3825  4094  568100.00  2324200.00  21.017282  105.655321   -0.7680  -11.7541
   649  2136  4097  551210.00  2324170.00  21.017560  105.492794   -7.7241  -14.6111
   650  1137  4097  541220.00  2324170.00  21.017811  105.396662   -9.5034  -16.7507
   651   726  4100  537110.00  2324140.00  21.017627  105.357112  -14.2030  -17.4931
   652  1320  4103  543050.00  2324110.00  21.017227  105.414271  -15.5591  -21.8329
   653  1275  4103  542600.00  2324110.00  21.017237  105.409940   -7.9423  -11.7070
   654  3840  4109  568250.00  2324050.00  21.015921  105.656758   -8.9149  -16.6256
   655  1635  4109  546200.00  2324050.00  21.016608  105.444581  -13.7836  -15.6261
   656  1476  4112  544610.00  2324020.00  21.016376  105.429280   -5.5734   -8.7098
   657  1593  4115  545780.00  2323990.00  21.016077  105.440538   -9.3064  -14.9323
   658   888  4115  538730.00  2323990.00  21.016239  105.372697   -2.2358  -14.5487
   659  1608  4118  545930.00  2323960.00  21.015802  105.441980  -13.1165  -20.4756
   660  1989  4121  549740.00  2323930.00  21.015432  105.478642   -5.9685  -17.2642
   661  1110  4124  540950.00  2323900.00  21.015377  105.394058  -10.2221  -16.6035
   662  6336  4127  593210.00  2323870.00  21.013199  105.896915   -8.3306  -17.0358
   663   762  4130  537470.00  2323840.00  21.014910  105.360569   -8.6845  -13.2854
   664  1857  4133  548420.00  2323810.00  21.014383  105.465937   -5.9123  -16.9484
   665   768  4154  537530.00  2323600.00  21.012740  105.361141  -12.0438  -17.1889
   666  4023  4154  570080.00  2323600.00  21.011787  105.674349   -8.4424  -16.4277
   667  6564  4169  595490.00  2323450.00  21.009287  105.918829   -7.3215  -14.9537
   668  6309  4178  592940.00  2323360.00  21.008605  105.894290  -13.3142  -15.6503
   669  6573  4181  595580.00  2323330.00  21.008198  105.919689   -8.4182  -15.3272
   670  6549  4181  595340.00  2323330.00  21.008211  105.917380   -8.5991  -18.8901
   671   702  4187  536870.00  2323270.00  21.009771  105.354783  -13.8197  -18.7134
   672  2238  4193  552230.00  2323210.00  21.008857  105.502580  -10.8675  -16.9272
   673  2193  4196  551780.00  2323180.00  21.008599  105.498249   -9.4068  -18.7486
   674  2769  4211  557540.00  2323030.00  21.007072  105.553668   -9.1195  -11.4845
   675  2865  4220  558500.00  2322940.00  21.006229  105.562902   -7.8468  -16.0290
   676  6348  4226  593330.00  2322880.00  21.004248  105.898016   -6.3285  -15.7439
   677  6342  4268  593270.00  2322460.00  21.000457  105.897416  -15.9489  -15.1319
   678  6333  4271  593180.00  2322430.00  21.000191  105.896549   -5.9989  -18.5892
   679  2445  4274  554300.00  2322400.00  21.001479  105.522473   -6.4342  -16.6510
   680  6447  4298  594320.00  2322160.00  20.997693  105.907502   -8.4562  -14.7788
   681  4200  4337  571850.00  2321770.00  20.995184  105.691304  -10.3072  -13.6657
   682  6471  4343  594560.00  2321710.00  20.993615  105.909786   -6.0444  -15.6224
   683  4596  4349  575810.00  2321650.00  20.993941  105.729397   -8.8028  -13.3801
   684  5052  4352  580370.00  2321620.00  20.993477  105.773267   -5.5493  -14.5919
   685  6843  4358  598280.00  2321560.00  20.992065  105.945565   -9.1231  -13.7620
   686  4902  4427  578870.00  2320870.00  20.986766  105.758801  -11.0083  -15.5107
   687  3753  4442  567380.00  2320720.00  20.985867  105.648257   -6.5617  -17.0032
   688  6870  4463  598550.00  2320510.00  20.982565  105.948103  -10.0043  -15.5986
   689  4077  4472  570620.00  2320420.00  20.983035  105.679415   -7.4405  -18.0277
   690  4269  4514  572540.00  2320000.00  20.979165  105.697868  -11.6175  -12.9820
   691  4314  4517  572990.00  2319970.00  20.978877  105.702196  -10.7178  -15.8700
   692  4020  4532  570050.00  2319820.00  20.977636  105.673907   -8.2354  -16.4172
   693  2340  4535  553250.00  2319790.00  20.977927  105.512290  -12.5599  -20.1414
   694  5613  4544  585980.00  2319700.00  20.975876  105.827143  -10.9318  -13.8542
   695  6672  4547  596570.00  2319670.00  20.975080  105.929009   -9.5656  -14.2209
   696  4389  4559  573740.00  2319550.00  20.975052  105.709393   -9.0738  -14.8099
   697  4422  4607  574070.00  2319070.00  20.970702  105.712547  -10.2425  -15.2792
   698  6303  4631  592880.00  2318830.00  20.967681  105.893469   -5.8583  -13.9856
   699  4518  4631  575030.00  2318830.00  20.968495  105.721771   -8.5858  -18.2110
   700  6294  4670  592790.00  2318440.00  20.964162  105.892583   -9.6220  -18.3224
   701  2604  4679  555890.00  2318350.00  20.964838  105.537640   -6.9424  -16.0322
   702  2976  4685  559610.00  2318290.00  20.964179  105.573422   -9.6061  -16.5587
   703  4521  4721  575060.00  2317930.00  20.960362  105.722020  -12.3603  -17.0130
   704  2730  4745  557150.00  2317690.00  20.958836  105.549739   -7.1865  -15.2267
   705  5877  4748  588620.00  2317660.00  20.957321  105.852433   -9.3890  -16.2071
   706  2856  4748  558410.00  2317660.00  20.958526  105.561858   -9.2013  -15.7413
   707  4455  4766  574400.00  2317480.00  20.956323  105.715653  -10.0387  -15.4477
   708  4533  4769  575180.00  2317450.00  20.956020  105.723154  -10.5861  -18.8037
   709  2652  4793  556370.00  2317210.00  20.954523  105.542220   -8.9750  -18.6936
   710  2745  4793  557300.00  2317210.00  20.954495  105.551166   -7.6083  -12.2328
   711  6165  4814  591500.00  2317000.00  20.951217  105.880099   -6.4710  -12.3867
   712  2766  4820  557510.00  2316940.00  20.952048  105.553177   -7.5677  -13.4770
   713  4359  4856  573440.00  2316580.00  20.948230  105.706381  -10.9279  -16.8225
   714  2802  4865  557870.00  2316490.00  20.947971  105.556624   -8.0112  -15.1696
   715  2841  4877  558260.00  2316370.00  20.946875  105.560371   -5.7351  -14.9820
   716  2703  4883  556880.00  2316310.00  20.946376  105.547096   -5.1013  -11.4927
   717  2739  4889  557240.00  2316250.00  20.945823  105.550557   -8.5342  -15.6178
   718  3024  4928  560090.00  2315860.00  20.942208  105.577955   -8.2943  -14.4968
   719  3303  4961  562880.00  2315530.00  20.939133  105.604776   -9.3446  -12.3389
   720  3195  4961  561800.00  2315530.00  20.939170  105.594389   -6.9125  -11.4254
   721  2940  5030  559250.00  2314840.00  20.933019  105.569841   -8.4561  -14.8077
   722  2868  5036  558530.00  2314780.00  20.932500  105.562914   -9.8729  -12.7704
   723  2640  5057  556250.00  2314570.00  20.930674  105.540980  -10.0049  -13.3530
   724  2667  5069  556520.00  2314450.00  20.929581  105.543573   -8.8843  -16.4332
   725  2571  5075  555560.00  2314390.00  20.929068  105.534339   -6.5291  -12.8942
   726  2262  5087  552470.00  2314270.00  20.928074  105.504619   -9.7710  -20.9067
   727  2427  5096  554120.00  2314180.00  20.927214  105.520484  -10.8169  -16.9004
   728  2670  5099  556550.00  2314150.00  20.926870  105.543852   -9.0487  -20.5468
   729  5838  5102  588230.00  2314120.00  20.925356  105.848502   -7.2197  -14.4805
   730  2691  5114  556760.00  2314000.00  20.925508  105.545866  -12.2608  -13.5502
   731  2358  5129  553430.00  2313850.00  20.924252  105.513838   -8.9444   -9.4970
   732  2451  5141  554360.00  2313730.00  20.923141  105.522778  -11.8093  -15.4789
   733  2460  5153  554450.00  2313610.00  20.922054  105.523639  -11.4657  -15.9047
   734  2448  5159  554330.00  2313550.00  20.921515  105.522484   -2.2912  -10.6807
   735  2466  5165  554510.00  2313490.00  20.920968  105.524213  -14.7746  -18.7666
   737  4560  5333  575450.00  2311810.00  20.905052  105.725505   -6.4729  -18.7762
   738  2943  5342  559280.00  2311720.00  20.904828  105.570023  -11.0193  -17.0878
   739  2943  5378  559280.00  2311360.00  20.901576  105.570011   -9.9887  -17.2668
   740  3150  5447  561350.00  2310670.00  20.895274  105.589890   -8.8412  -14.4416
   741  3051  5465  560360.00  2310490.00  20.893680  105.580365   -8.6613  -18.7287
   742  4128  5486  571130.00  2310280.00  20.891400  105.683905   -9.6794  -12.2267
   743  4614  5495  575990.00  2310190.00  20.890393  105.730627   -7.3744  -10.4874
   744  5709  5513  586940.00  2310010.00  20.888285  105.835891  -10.0246  -14.0785
   745  4620  5519  576050.00  2309950.00  20.888222  105.731193   -9.7489  -14.4802
   746  2895  5519  558800.00  2309950.00  20.888851  105.565348   -3.8609  -11.5176
   747  6021  5552  590060.00  2309620.00  20.884612  105.865866   -4.7636  -13.2087
   748  3393  5663  563780.00  2308510.00  20.875675  105.613174   -7.8932  -19.9946
   749  3159  5720  561440.00  2307940.00  20.870604  105.590658  -13.4356  -19.2112
   750  3150  5738  561350.00  2307760.00  20.868981  105.589787   -6.4362  -10.5220
   751  3153  5738  561380.00  2307760.00  20.868980  105.590075   -4.1716  -11.4455
   752  4656  5744  576410.00  2307700.00  20.867879  105.734555  -10.8092  -13.1104
   753  2991  5747  559760.00  2307670.00  20.868220  105.574499  -12.2287  -17.9341
   754  3210  5765  561950.00  2307490.00  20.866521  105.595545   -7.5843  -13.1231
   755  4677  5777  576620.00  2307370.00  20.864888  105.736559   -9.8299  -18.4297
   756  3219  5786  562040.00  2307280.00  20.864621  105.596403   -3.9702  -14.2170
   757  3240  5786  562250.00  2307280.00  20.864614  105.598422   -9.3262  -17.0786
   758  4686  5786  576710.00  2307280.00  20.864072  105.737421   -7.1396  -17.0308
   759  3525  5813  565100.00  2307010.00  20.862076  105.625808  -10.5843  -12.0191
   760  6666  5888  596510.00  2306260.00  20.853930  105.927686   -8.5308  -18.6022
   761  3729  5888  567140.00  2306260.00  20.855227  105.645389  -12.8170  -15.6926
   762  3438  5975  564230.00  2305390.00  20.847470  105.617385   -7.5949  -13.2203
   763  4656  5981  576410.00  2305330.00  20.846466  105.734451   -8.7812  -13.9747
   764  4674  6026  576590.00  2304880.00  20.842392  105.736161   -7.3463  -16.7642
   765  3297  6026  562820.00  2304880.00  20.842910  105.603814   -9.0436  -14.5826
   766  3153  6041  561380.00  2304730.00  20.841603  105.589969   -8.5593  -13.9987
   767  3831  6182  568160.00  2303320.00  20.828626  105.655078  -14.7501  -21.7008
   768  3123  6188  561080.00  2303260.00  20.828331  105.587034   -8.2819  -13.4173
   769  3675  6242  566600.00  2302720.00  20.823262  105.640063  -10.1477  -17.1745
   770  3090  6260  560750.00  2302540.00  20.821836  105.583837   -8.7479  -14.9096
   771  3084  6269  560690.00  2302450.00  20.821025  105.583257   -5.2236   -9.1615
   772  2943  6275  559280.00  2302390.00  20.820528  105.569705   -9.0015  -10.0049
   773  2970  6284  559550.00  2302300.00  20.819707  105.572297  -12.5402  -16.6591
   774  2916  6284  559010.00  2302300.00  20.819724  105.567107   -8.4016  -15.8034
   775  3045  6293  560300.00  2302210.00  20.818869  105.579501   -0.2719   -4.1639
   776  2940  6293  559250.00  2302210.00  20.818903  105.569411  -10.5659  -14.8756
   777  2886  6311  558710.00  2302030.00  20.817294  105.564215   -3.2263  -13.5902
   778  2892  6320  558770.00  2301940.00  20.816479  105.564789   -8.2749  -11.9397
   779  2901  6320  558860.00  2301940.00  20.816476  105.565654   -5.6362   -8.8872
   780  2892  6323  558770.00  2301910.00  20.816208  105.564788   -4.3459   -8.5833
   781  3648  6332  566330.00  2301820.00  20.815140  105.637434   -5.7899   -9.0678
   782  2877  6332  558620.00  2301820.00  20.815399  105.563343   -0.7601   -8.9653
   783  3027  6332  560120.00  2301820.00  20.815351  105.577758  -10.1151  -10.6007
   784  5967  6335  589520.00  2301790.00  20.813896  105.860273  -10.3813  -12.3762
   785  2898  6350  558830.00  2301640.00  20.813766  105.565355  -10.9026  -14.2688
   786  3048  6362  560330.00  2301520.00  20.812634  105.579766   -7.0502  -12.3933
   787  3012  6392  559970.00  2301220.00  20.809935  105.576296   -8.1764  -14.5403
   788  2862  6401  558470.00  2301130.00  20.809170  105.561879   -9.4019  -15.4910
   789  5172  6458  581570.00  2300560.00  20.803149  105.783823  -10.3148  -14.6402
   791  3810  6662  567950.00  2298520.00  20.785265  105.652873   -1.8530   -3.3887
   793  3798  6827  567830.00  2296870.00  20.770361  105.651656   -7.6431  -10.0130
   794  3852  6845  568370.00  2296690.00  20.768715  105.656837   -9.1121  -15.4472
   796  3795  6860  567800.00  2296540.00  20.767380  105.651355  -11.3228  -18.8025
   797  4470  6866  574550.00  2296480.00  20.766580  105.716196  -13.8342  -22.1179
   798  3825  6896  568100.00  2296180.00  20.764117  105.654223   -6.4413  -11.6424
   800  3801  6929  567860.00  2295850.00  20.761144  105.651905  -10.7707  -19.7764
   801  3855  6947  568400.00  2295670.00  20.759498  105.657085  -11.5475  -20.0647
   802  3834  6956  568190.00  2295580.00  20.758692  105.655064   -5.2475  -14.1555
   803  3822  6965  568070.00  2295490.00  20.757884  105.653908   -0.7390   -9.2767
   805  3837  6974  568220.00  2295400.00  20.757065  105.655346  -12.1986  -16.5803
   806  3861  7001  568460.00  2295130.00  20.754617  105.657640   -8.8609  -14.4495
   809  3945  7037  569300.00  2294770.00  20.751333  105.665695   -9.2182   -9.6567
   810  3921  7040  569060.00  2294740.00  20.751071  105.663388  -18.3238  -21.6436
   811  3909  7046  568940.00  2294680.00  20.750533  105.662233  -16.2596  -20.9085
   815  3897  7064  568820.00  2294500.00  20.748911  105.661074  -15.8696  -22.4499
   816  3894  7079  568790.00  2294350.00  20.747557  105.660780  -13.2996  -20.1193
   819  3849  7103  568340.00  2294110.00  20.745405  105.656448   -3.7165  -10.6185
   821  3870  7109  568550.00  2294050.00  20.744855  105.658463   -0.9438   -9.3678
   823  6078  7133  590630.00  2293810.00  20.741744  105.870525   -8.8847  -12.5081
   824  4578  7190  575630.00  2293240.00  20.737263  105.726431  -11.4859  -14.2204
   828  3984  7253  569690.00  2292610.00  20.731802  105.669355   -2.0585   -6.0184
   829  3942  7319  569270.00  2291950.00  20.725854  105.665295   -7.7825  -11.4963
   830  4635  7349  576200.00  2291650.00  20.722874  105.731837   -9.0315  -16.8619
   831  3996  7361  569810.00  2291530.00  20.722039  105.670465  -14.6530  -19.1629
   832  3915  7361  569000.00  2291530.00  20.722069  105.662686   -8.1307  -14.0282
   833  4038  7400  570230.00  2291140.00  20.718500  105.674483  -18.9675  -25.0917
   834  4014  7400  569990.00  2291140.00  20.718509  105.672178  -10.4765  -15.1413
   835  4014  7424  569990.00  2290900.00  20.716340  105.672168   -5.6561  -16.5475
   836  3999  7439  569840.00  2290750.00  20.714991  105.670722  -10.4491  -13.4693
   837  4056  7448  570410.00  2290660.00  20.714156  105.676192   -6.7458  -13.0592
   838  4077  7448  570620.00  2290660.00  20.714148  105.678209   -6.9107   -9.9001
   839  4047  7451  570320.00  2290630.00  20.713888  105.675327  -14.2905  -15.0460
   840  4104  7499  570890.00  2290150.00  20.709530  105.680781   -7.4420  -15.9337
   841  4125  7520  571100.00  2289940.00  20.707625  105.682789  -11.6939  -12.4597
   842  4188  7541  571730.00  2289730.00  20.705703  105.688830  -11.0511  -17.9331
   843  4191  7547  571760.00  2289670.00  20.705160  105.689116   -9.6768  -16.4419
   844  4200  7547  571850.00  2289670.00  20.705156  105.689980  -16.0884  -23.0390
   845  4059  7550  570440.00  2289640.00  20.704939  105.676439    3.2026   -7.0508
   846  4125  7559  571100.00  2289550.00  20.704101  105.682773   -7.0283  -12.4254
   847  4089  7562  570740.00  2289520.00  20.703843  105.679315   -6.2995   -9.4804
   848  4119  7583  571040.00  2289310.00  20.701935  105.682187  -15.7477  -21.4485
   849  4185  7592  571700.00  2289220.00  20.701096  105.688521   -6.1580  -13.4060
   850  4125  7613  571100.00  2289010.00  20.699222  105.682751   -9.4834  -16.6538
   851  4140  7649  571250.00  2288650.00  20.695963  105.684177    1.2126   -3.4381
   852  4770  7667  577550.00  2288470.00  20.694086  105.744661   -2.0844  -14.3048
   854  4188  7703  571730.00  2288110.00  20.691066  105.688764   -7.7109  -13.1143
   855  4095  8057  570800.00  2284570.00  20.659116  105.679692   -5.3593  -11.0896
   856  4107  8078  570920.00  2284360.00  20.657214  105.680836   -7.9632  -12.7679
   857  4200  8096  571850.00  2284180.00  20.655552  105.689756   -4.0836  -12.9489
   858  4203  8096  571880.00  2284180.00  20.655551  105.690044   -9.6395  -16.5683
   859  4194  8096  571790.00  2284180.00  20.655555  105.689180   -4.7913  -13.6121
   860  4134  8102  571190.00  2284120.00  20.655035  105.683418   -4.9729  -13.6877
   861  4179  8102  571640.00  2284120.00  20.655018  105.687738  -13.3780  -19.5230
   862  4563  8147  575480.00  2283670.00  20.650802  105.724580   -7.9257  -11.5147
   863  4476  8150  574610.00  2283640.00  20.650565  105.716227   -9.8238  -22.4482
   864  4554  8153  575390.00  2283610.00  20.650263  105.723713  -12.3931  -14.6616
   865  4647  8183  576320.00  2283310.00  20.647515  105.732627   -9.5178  -17.9372
   866  4569  8183  575540.00  2283310.00  20.647546  105.725140   -3.6323   -8.5189
   867  4509  8198  574940.00  2283160.00  20.646215  105.719375   -0.8463   -7.4669
   868  4623  8201  576080.00  2283130.00  20.645898  105.730316   -6.5685  -10.6114
   869  4536  8210  575210.00  2283040.00  20.645120  105.721961   -7.1423  -11.2014
   870  4389  8210  573740.00  2283040.00  20.645179  105.707851    0.4778  -10.1549
   871  4548  8216  575330.00  2282980.00  20.644573  105.723111   -2.1345   -6.7029
   872  4629  8225  576140.00  2282890.00  20.643727  105.730882   -9.4361  -19.1421
   873  4572  8234  575570.00  2282800.00  20.642937  105.725406  -16.0502  -18.5378
   874  4653  8243  576380.00  2282710.00  20.642091  105.733177   -8.8867  -11.6139
   875  4677  8252  576620.00  2282620.00  20.641268  105.735477  -13.6216  -20.2851
   876  4584  8273  575690.00  2282410.00  20.639409  105.726542   -9.4972  -14.9800
   877  4563  8276  575480.00  2282380.00  20.639146  105.724525  -14.1890  -17.1926
   878  4542  8291  575270.00  2282230.00  20.637799  105.722503   -3.0688  -11.3220
   879  4497  8297  574820.00  2282170.00  20.637275  105.718181  -24.7568  -28.1578
   880  4455  8303  574400.00  2282110.00  20.636750  105.714147   -9.4673  -15.8226
   881  4512  8315  574970.00  2281990.00  20.635643  105.719613  -20.6712  -24.8641
   882  4695  8318  576800.00  2281960.00  20.635298  105.737176   -2.4521   -8.1320
   883  4695  8321  576800.00  2281930.00  20.635026  105.737175   -1.8723   -7.9829
   884  4545  8324  575300.00  2281900.00  20.634816  105.722776   -2.2180   -6.6435
   885  4497  8327  574820.00  2281870.00  20.634564  105.718168  -11.2683  -17.1294
   886  4650  8345  576350.00  2281690.00  20.632876  105.732845   -1.6185  -13.0283
   887  4629  8348  576140.00  2281660.00  20.632614  105.730828   -9.6947  -17.4439
   888  4653  8351  576380.00  2281630.00  20.632333  105.733131  -11.0917  -16.1295
   889  4608  8351  575930.00  2281630.00  20.632351  105.728812   -7.9785  -13.9556
   890  4512  8357  574970.00  2281570.00  20.631848  105.719595  -14.5479  -17.5395
   891  4509  8363  574940.00  2281510.00  20.631307  105.719305  -16.3046  -22.6506
   892  4686  8366  576710.00  2281480.00  20.630964  105.736291  -14.8934  -16.6382
   893  4713  8369  576980.00  2281450.00  20.630682  105.738882  -13.9000  -19.8298
   894  4662  8372  576470.00  2281420.00  20.630432  105.733985  -10.2783  -14.4906
   895  4446  8384  574310.00  2281300.00  20.629435  105.713249  -10.1324   -9.2919
   896  4512  8384  574970.00  2281300.00  20.629408  105.719584   -3.5306   -8.0364
   897  4779  8390  577640.00  2281240.00  20.628758  105.745207   -5.9062  -10.9142
   898  4803  8393  577880.00  2281210.00  20.628477  105.747509   -3.3398   -8.6486
   899  4590  8402  575750.00  2281120.00  20.627751  105.727062    1.1876   -7.6774
   900  4584  8405  575690.00  2281090.00  20.627482  105.726485   -2.4191   -7.1765
   901  3987  8411  569720.00  2281030.00  20.627171  105.669185   -8.4749  -18.8525
   902  4521  8414  575060.00  2281000.00  20.626694  105.720435   -2.0516  -10.6972
   903  4824  8420  578090.00  2280940.00  20.626028  105.749512    2.3755   -2.4930
   904  4548  8423  575330.00  2280910.00  20.625870  105.723022   -0.9042   -8.2595
   905  4530  8423  575150.00  2280910.00  20.625877  105.721295   -1.8400   -5.7993
   906  4380  8426  573650.00  2280880.00  20.625666  105.706897   -4.1532   -6.2546
   907  5307  8426  582920.00  2280880.00  20.625279  105.795865   -7.5157  -15.5683
   908  4557  8435  575420.00  2280790.00  20.624782  105.723881   -1.2652  -11.5781
   909  4638  8438  576230.00  2280760.00  20.624478  105.731653    1.6756   -6.4321
   910  4560  8438  575450.00  2280760.00  20.624510  105.724167   -4.5248   -6.4465
   911  4497  8444  574820.00  2280700.00  20.623993  105.718119  -12.1736  -17.9714
   912  4497  8447  574820.00  2280670.00  20.623722  105.718117   -7.0562  -11.4958
   913  4608  8450  575930.00  2280640.00  20.623406  105.728769   -5.8744  -17.1390
   914  4533  8456  575180.00  2280580.00  20.622894  105.721568   -9.1292  -13.0720
   915  4845  8459  578300.00  2280550.00  20.622496  105.751511   -8.4623  -13.7496
   916  4629  8462  576140.00  2280520.00  20.622314  105.730779   -1.9569   -6.2570
   917  4689  8480  576740.00  2280340.00  20.620663  105.736530   -8.8458  -11.1042
   918  4461  8480  574460.00  2280340.00  20.620755  105.714648  -12.8270  -17.4766
   919  4569  8480  575540.00  2280340.00  20.620712  105.725013  -12.8314  -16.5551
   920  4419  8492  574040.00  2280220.00  20.619687  105.710612  -11.4803  -17.2181
   921  4776  8492  577610.00  2280220.00  20.619543  105.744874    2.8308   -5.0693
   922  4548  8498  575330.00  2280160.00  20.619094  105.722990  -18.5049  -23.1165
   923  4677  8510  576620.00  2280040.00  20.617957  105.735365   -9.4789  -16.6783
   924  4923  8510  579080.00  2280040.00  20.617855  105.758974  -16.3892  -23.4942
   925  4602  8522  575870.00  2279920.00  20.616903  105.728162   -8.1239  -12.0860
   926  4635  8528  576200.00  2279860.00  20.616348  105.731327   -0.6684  -11.5553
   927  4536  8534  575210.00  2279800.00  20.615846  105.721823  -13.3064  -20.8028
   928  4764  8546  577490.00  2279680.00  20.614669  105.743699   -9.9793  -19.5425
   929  4590  8546  575750.00  2279680.00  20.614740  105.727000  -12.3847  -14.1193
   930  4794  8549  577790.00  2279650.00  20.614385  105.746576   -3.3428   -8.5370
   931  4677  8558  576620.00  2279560.00  20.613620  105.735344  -10.6264  -16.0940
   932  4752  8561  577370.00  2279530.00  20.613318  105.742541   -7.7192  -11.9176
   933  4518  8564  575030.00  2279500.00  20.613142  105.720083   -2.9798   -9.8616
   934  4845  8576  578300.00  2279380.00  20.611925  105.751459  -13.2886  -21.7180
   935  4755  8591  577400.00  2279230.00  20.610607  105.742815  -14.2580  -15.8268
   936  4761  8603  577460.00  2279110.00  20.609520  105.743386   -8.9541  -12.2979
   937  4551  8606  575360.00  2279080.00  20.609334  105.723232   -9.7399  -14.7126
   938  4596  8609  575810.00  2279050.00  20.609045  105.727549   -4.6977  -10.9408
   939  4869  8612  578540.00  2279020.00  20.608662  105.753746   -2.4275   -3.5165
   940  4497  8612  574820.00  2279020.00  20.608814  105.718047   -8.2055  -14.4699
   941  4740  8615  577250.00  2278990.00  20.608444  105.741365   -9.6877  -17.4865
   942  4581  8618  575660.00  2278960.00  20.608238  105.726106   -8.0744  -12.5060
   943  4632  8618  576170.00  2278960.00  20.608217  105.731000  -12.6658  -16.8333
   944  4578  8621  575630.00  2278930.00  20.607968  105.725817   -5.3064  -14.0463
   945  5034  8654  580190.00  2278600.00  20.604797  105.769561  -20.0702  -24.4375
   946  4803  8660  577880.00  2278540.00  20.604352  105.747391  -18.9772  -25.1818
   947  4905  8672  578900.00  2278420.00  20.603226  105.757174  -23.5057  -24.8806
   948  4893  8681  578780.00  2278330.00  20.602417  105.756018  -10.8407  -15.0587
   949  4893  8687  578780.00  2278270.00  20.601875  105.756016   -8.0068  -13.6276
   950  4701  8699  576860.00  2278150.00  20.600871  105.737586  -13.6338  -20.0297
   951  4878  8711  578630.00  2278030.00  20.599713  105.754566   -5.0159  -11.5584
   952  5100  8714  580850.00  2278000.00  20.599348  105.775867   -8.5463  -14.6983
   953  5142  8717  581270.00  2277970.00  20.599059  105.779896  -15.5214  -19.5334
   954  4953  8717  579380.00  2277970.00  20.599139  105.761760  -11.1393  -14.8361
   955  4851  8720  578360.00  2277940.00  20.598911  105.751971  -14.1315  -15.1922
   956  4497  8735  574820.00  2277790.00  20.597700  105.717995   -0.9840  -12.4616
   957  4881  8741  578660.00  2277730.00  20.597001  105.754840   -4.2192   -9.8831
   958  4896  8744  578810.00  2277700.00  20.596724  105.756278    0.1153   -8.2587
   960  4851  8768  578360.00  2277460.00  20.594574  105.751949  -14.1429  -21.6577
   961  4845  8777  578300.00  2277370.00  20.593764  105.751370  -10.5904  -17.0953
   962  4926  8780  579110.00  2277340.00  20.593459  105.759141  -20.3086  -20.3504
   963  5325  8810  583100.00  2277040.00  20.590576  105.797412   -1.0300   -8.6803
   964  5109  8825  580940.00  2276890.00  20.589315  105.776680  -11.4726  -18.7867
   965  5301  8825  582860.00  2276890.00  20.589231  105.795102   -6.4450  -17.7376
   966  4935  8834  579200.00  2276800.00  20.588576  105.759980   -3.0314  -10.5690
   967  5319  8837  583040.00  2276770.00  20.588139  105.796824   -5.2696  -10.4556
   969  5325  8846  583100.00  2276680.00  20.587323  105.797395  -12.6238  -18.6252
   970  5346  8846  583310.00  2276680.00  20.587314  105.799410  -13.2764  -22.6033
   971  5208  8873  581930.00  2276410.00  20.584935  105.786157   -9.8466  -15.6325
   972  5325  8894  583100.00  2276200.00  20.582986  105.797373  -10.2271  -17.8361
   973  4983  8897  579680.00  2276170.00  20.582863  105.764557  -14.4017  -21.2723
   974  4956  8912  579410.00  2276020.00  20.581519  105.761960   -0.1523   -7.6609
   975  5160  8912  581450.00  2276020.00  20.581432  105.781533   -7.4444  -10.8746
   976  5025  8915  580100.00  2275990.00  20.581219  105.768579  -17.5250  -28.9790
   977  5208  8924  581930.00  2275900.00  20.580327  105.786133   -9.9624  -15.5256
   978  5226  8927  582110.00  2275870.00  20.580048  105.787859  -10.1685  -16.5182
   979  5013  8936  579980.00  2275780.00  20.579327  105.767418  -12.3727  -17.3500
   980  5142  8942  581270.00  2275720.00  20.578729  105.779792   -3.7874   -8.7714
   981  4977  8948  579620.00  2275660.00  20.578258  105.763959  -12.3135  -20.0351
   982  5238  8963  582230.00  2275510.00  20.576790  105.788993   -5.5944  -13.3826
   983  5061  8981  580460.00  2275330.00  20.575240  105.772003  -12.5248  -17.6158
   984  5250  8987  582350.00  2275270.00  20.574616  105.790133  -10.5597  -12.9825
   985  5100  8990  580850.00  2275240.00  20.574410  105.775741   -6.3151   -9.2160
   986  5184  8993  581690.00  2275210.00  20.574103  105.783798   -4.2909   -9.1938
   987  5121  9002  581060.00  2275120.00  20.573317  105.777750   -6.1851  -15.0267
   988  5196  9014  581810.00  2275000.00  20.572201  105.784940   -7.6616  -12.8354
   989  5160  9023  581450.00  2274910.00  20.571403  105.781482  -13.0873  -17.4792
   990  5205  9032  581900.00  2274820.00  20.570570  105.785795   -5.7955  -11.9349
   991  5280  9035  582650.00  2274790.00  20.570266  105.792989   -9.7084  -12.2492
   992  5226  9044  582110.00  2274700.00  20.569477  105.787804  -16.6578  -15.3536
   993  5127  9050  581120.00  2274640.00  20.568978  105.778304  -13.0624  -16.9619
   995  5046  9059  580310.00  2274550.00  20.568199  105.770529   -9.2744  -11.5318
   996  5049  9083  580340.00  2274310.00  20.566030  105.770805  -13.4039  -17.5519
