; ENVI Output of ROIs (5.2) [Wed Nov 27 00:38:15 2019]
; Number of ROIs: 1
; File Dimension: 7647 x 9116
;
; ROI name: EVF: Layer: forest.shp
; ROI rgb value: {255, 255, 255}
; ROI npts: 997
;   ID     X     Y      Map X       Map Y        Lat         Lon        B1        B2
     1  5310   224  582950.00  2362900.00  21.366309  105.800092   -8.2677  -17.4663
     2  5184   272  581690.00  2362420.00  21.362030  105.787916  -13.6487  -17.5496
     3  5217   308  582020.00  2362060.00  21.358763  105.791081  -16.3134  -17.9042
     4  5340   317  583250.00  2361970.00  21.357894  105.802939  -14.0901  -14.1437
     5  5232   353  582170.00  2361610.00  21.354691  105.792506  -15.6553  -19.8556
     7  5169   359  581540.00  2361550.00  21.354177  105.786427  -10.7700  -14.7218
     8  5151   371  581360.00  2361430.00  21.353101  105.784686   -8.6736  -16.7695
    10  5157   404  581420.00  2361100.00  21.350117  105.785248   -5.6509  -12.1113
    11  5322   419  583070.00  2360950.00  21.348687  105.801153  -12.0176  -17.3519
    12  5238   422  582230.00  2360920.00  21.348454  105.793051  -16.6125  -19.3617
    13  5166   425  581510.00  2360890.00  21.348216  105.786106   -8.2601  -12.4941
    14  5175   443  581600.00  2360710.00  21.346586  105.786966   -9.6023  -14.4241
    15  5253   443  582380.00  2360710.00  21.346550  105.794487  -11.6181  -19.3335
    16  5205   446  581900.00  2360680.00  21.346301  105.789857   -7.7360  -15.0050
    17  5319   452  583040.00  2360620.00  21.345707  105.800848  -12.3301  -19.2130
    18  5334   464  583190.00  2360500.00  21.344616  105.802288  -11.3765  -15.2918
    19  5169   464  581540.00  2360500.00  21.344691  105.786377  -14.9768  -17.6535
    20  5274   467  582590.00  2360470.00  21.344372  105.796501  -10.7608  -13.5556
    21  5211   473  581960.00  2360410.00  21.343859  105.790423  -10.2341  -13.0559
    22  5262   488  582470.00  2360260.00  21.342481  105.795333   -2.9764   -9.7629
    23  5295   491  582800.00  2360230.00  21.342195  105.798514  -13.8660  -21.7360
    24  5190   503  581750.00  2360110.00  21.341158  105.788383  -15.8301  -21.4757
    25  5121   506  581060.00  2360080.00  21.340918  105.781728  -12.8275  -15.0263
    26  5208   506  581930.00  2360080.00  21.340879  105.790117   -5.8658  -14.6523
    27  5712   506  586970.00  2360080.00  21.340643  105.838718  -11.3081  -16.4714
    28  5274   521  582590.00  2359930.00  21.339494  105.796475   -7.9473   -9.8339
    29  5895   521  588800.00  2359930.00  21.339199  105.856357   -7.8737  -14.5718
    31  5856   551  588410.00  2359630.00  21.336508  105.852581  -13.5140  -18.4106
    32  5229   578  582140.00  2359360.00  21.334365  105.792108   -5.7627  -18.2674
    34  5298   581  582830.00  2359330.00  21.334062  105.798760  -12.7203  -17.0982
    35  5088   587  580730.00  2359270.00  21.333615  105.778507  -13.3551  -16.1211
    36  5157   587  581420.00  2359270.00  21.333584  105.785160  -10.1052  -17.2232
    37  5859   593  588440.00  2359210.00  21.332712  105.852848   -9.5929  -15.5187
    38  5214   611  581990.00  2359030.00  21.331390  105.790645   -7.0276  -12.6174
    39  5049   632  580340.00  2358820.00  21.329567  105.774725  -10.1130  -10.4711
    41  5310   644  582950.00  2358700.00  21.328365  105.799886  -10.4197  -15.9877
    42  5289   650  582740.00  2358640.00  21.327833  105.797858   -4.3552  -10.0084
    43  5034   650  580190.00  2358640.00  21.327947  105.773270  -13.7003  -15.7247
    44  5727   659  587120.00  2358550.00  21.326814  105.840086  -11.2508  -11.9133
    45  5133   662  581180.00  2358520.00  21.326819  105.782810  -10.9308  -16.8341
    46  5391   671  583760.00  2358430.00  21.325888  105.807683   -4.3860  -14.7130
    47  5757   677  587420.00  2358370.00  21.325173  105.842969   -7.9361  -11.4938
    48  5226   680  582110.00  2358340.00  21.325151  105.791769   -3.0957  -10.7683
    49  5259   689  582440.00  2358250.00  21.324323  105.794946   -5.2450  -10.9654
    50  5373   698  583580.00  2358160.00  21.323457  105.805934  -16.4230  -16.4607
    51  5139   701  581240.00  2358130.00  21.323293  105.783370   -8.9823  -14.1229
    52  5358   701  583430.00  2358130.00  21.323193  105.804486   -8.2225  -13.5525
    53  5472   704  584570.00  2358100.00  21.322869  105.815476   -9.5042  -17.8493
    54  5385   704  583700.00  2358100.00  21.322910  105.807088   -9.4792  -15.9070
    55  5232   716  582170.00  2357980.00  21.321896  105.792330   -9.2892  -11.6080
    56  5190   734  581750.00  2357800.00  21.320289  105.788272  -10.7599  -17.0033
    57  5259   734  582440.00  2357800.00  21.320257  105.794924   -9.5172  -15.1982
    58  5343   737  583280.00  2357770.00  21.319948  105.803022  -18.7781  -18.0334
    59  5142   749  581270.00  2357650.00  21.318955  105.783636  -12.9706  -13.4448
    60  5475   752  584600.00  2357620.00  21.318531  105.815742  -14.0999  -17.2166
    61  5220   758  582050.00  2357560.00  21.318107  105.791153   -3.9577  -10.1112
    62  5013   761  579980.00  2357530.00  21.317928  105.771193  -13.7829  -17.2506
    63  5340   761  583250.00  2357530.00  21.317781  105.802721  -10.0711  -12.8849
    64  5181   770  581660.00  2357440.00  21.317040  105.787387  -10.4808  -13.3215
    65  5364   773  583490.00  2357410.00  21.316686  105.805029   -8.8015  -16.4501
    66  5517   779  585020.00  2357350.00  21.316072  105.819778  -10.5420  -16.9254
    67  5070   779  580550.00  2357350.00  21.316277  105.776680   -8.7240  -12.0886
    68  5136   779  581210.00  2357350.00  21.316247  105.783043  -10.2140  -12.6566
    69  5118   782  581030.00  2357320.00  21.315984  105.781307   -6.4199  -16.4937
    70  5148   806  581330.00  2357080.00  21.313803  105.784188  -12.9509  -15.7905
    71  5310   812  582950.00  2357020.00  21.313187  105.799804   -2.8079  -12.0234
    73  4929   818  579140.00  2356960.00  21.312816  105.763067  -12.5316  -16.2591
    74  5199   839  581840.00  2356750.00  21.310798  105.789089  -11.5272  -17.5864
    76  5325   857  583100.00  2356570.00  21.309115  105.801228   -6.9462  -13.1331
    77  5223   860  582080.00  2356540.00  21.308890  105.791392  -13.8414  -18.0672
    78  5193   869  581780.00  2356450.00  21.308091  105.788496  -10.3846  -14.4723
    79  5340   869  583250.00  2356450.00  21.308024  105.802668  -11.4181  -18.0872
    80  4914   878  578990.00  2356360.00  21.307402  105.761593  -11.1581  -18.6693
    81  5355   881  583400.00  2356330.00  21.306933  105.804108   -9.6947  -14.7907
    82  5691   881  586760.00  2356330.00  21.306775  105.836501  -13.9626  -16.5693
    83  5262   881  582470.00  2356330.00  21.306975  105.795142   -9.9413  -15.0514
    84  5223   884  582080.00  2356300.00  21.306722  105.791381  -12.7299  -16.1068
    85  5133   884  581180.00  2356300.00  21.306763  105.782704  -10.4615  -15.3811
    86  5571   887  585560.00  2356270.00  21.306290  105.824929  -12.2836  -16.0559
    87  5535   896  585200.00  2356180.00  21.305494  105.821454   -9.2284  -12.8760
    88  5412   896  583970.00  2356180.00  21.305551  105.809596   -8.7481  -16.4357
    89  5166   899  581510.00  2356150.00  21.305393  105.785878   -4.6898   -5.6770
    90  5340   899  583250.00  2356150.00  21.305313  105.802653  -12.8520  -20.0393
    91  5682   899  586670.00  2356150.00  21.305153  105.835625   -4.3221  -10.1117
    92  5250   905  582350.00  2356090.00  21.304813  105.793974  -10.8605  -15.0443
    93  5688   908  586730.00  2356060.00  21.304337  105.836198  -12.7239  -17.4927
    94  5007   911  579920.00  2356030.00  21.304379  105.770544   -5.4815  -13.1825
    95  5673   923  586580.00  2355910.00  21.302989  105.834745   -9.5718  -12.5019
    96  5643   926  586280.00  2355880.00  21.302732  105.831851  -10.3810  -12.2289
    97  5235   926  582200.00  2355880.00  21.302922  105.792517  -16.7266  -18.5446
    98  5160   932  581450.00  2355820.00  21.302414  105.785284   -3.8097   -8.9249
    99  5586   935  585710.00  2355790.00  21.301946  105.826351  -13.1323  -17.0338
   100  5118   935  581030.00  2355790.00  21.302162  105.781233   -8.9079  -12.8741
   101  5271   938  582560.00  2355760.00  21.301822  105.795982  -10.7970  -16.8263
   102  5412   941  583970.00  2355730.00  21.301486  105.809574   -8.4881  -12.7406
   103  5178   941  581630.00  2355730.00  21.301593  105.787015   -5.4213   -7.7778
   104  5148   956  581330.00  2355580.00  21.300251  105.784116   -6.9353  -12.1683
   105  5592   959  585770.00  2355550.00  21.299775  105.826918   -3.9831  -11.3872
   106  5136   971  581210.00  2355430.00  21.298901  105.782952   -6.9886  -13.6751
   107  5598   980  585830.00  2355340.00  21.297875  105.827485   -8.6723  -16.3505
   108  5100   986  580850.00  2355280.00  21.297562  105.779474  -10.3999  -17.3308
   109  5691   986  586760.00  2355280.00  21.297289  105.836448  -14.3742  -18.3001
   110  5538   989  585230.00  2355250.00  21.297090  105.821697   -9.9566  -13.9106
   111  5187   995  581720.00  2355190.00  21.296710  105.787857   -5.9347   -9.8937
   112  5049   998  580340.00  2355160.00  21.296501  105.774552   -9.8457  -14.8123
   113  5628  1001  586130.00  2355130.00  21.295964  105.830367  -14.3692  -19.1079
   114  5166  1004  581510.00  2355100.00  21.295906  105.785828   -9.5486  -18.1130
   116  5622  1034  586070.00  2354800.00  21.292985  105.829772   -6.8404  -12.9735
   117  5571  1046  585560.00  2354680.00  21.291925  105.824849  -13.0247  -18.2022
   118  5682  1052  586670.00  2354620.00  21.291330  105.835546  -11.5002  -13.4156
   119  5343  1061  583280.00  2354530.00  21.290676  105.802863  -12.2576  -14.5015
   120  5556  1094  585410.00  2354200.00  21.287596  105.823379  -15.0337  -17.3875
   121  5265  1115  582500.00  2353990.00  21.285833  105.795318   -8.9478  -12.9069
   122  5214  1115  581990.00  2353990.00  21.285856  105.790402   -9.7062  -13.8455
   123  5394  1121  583790.00  2353930.00  21.285232  105.807750  -13.1534  -20.9437
   124  5610  1127  585950.00  2353870.00  21.284589  105.828568   -8.7994  -12.2605
   125  5436  1136  584210.00  2353780.00  21.283857  105.811791  -15.6256  -19.6219
   126  5616  1154  586010.00  2353600.00  21.282147  105.829132  -15.2936  -18.9644
   127  5586  1157  585710.00  2353570.00  21.281890  105.826239   -6.7145  -15.3941
   128  5670  1157  586550.00  2353570.00  21.281850  105.834336   -8.0338  -13.1932
   129  5430  1166  584150.00  2353480.00  21.281150  105.811198  -16.4506  -18.4877
   130  5508  1169  584930.00  2353450.00  21.280842  105.818715  -11.0719  -17.6475
   131  5550  1169  585350.00  2353450.00  21.280823  105.822763  -12.7734  -14.3824
   132  5517  1178  585020.00  2353360.00  21.280025  105.819578  -10.1316  -14.0500
   133  5616  1178  586010.00  2353360.00  21.279978  105.829120  -15.9671  -20.0026
   134  5457  1196  584420.00  2353180.00  21.278427  105.813785   -8.5799  -20.3587
   135  5655  1205  586400.00  2353090.00  21.277521  105.832866  -14.9013  -15.1449
   136  5634  1208  586190.00  2353060.00  21.277260  105.830840   -8.7561  -18.8765
   137  5628  1211  586130.00  2353030.00  21.276991  105.830260  -12.9419  -16.0971
   138  5022  1214  580070.00  2353000.00  21.276998  105.771847   -7.8090  -15.4888
   139  5361  1214  583460.00  2353000.00  21.276845  105.804523   -7.7087  -15.8632
   140  5460  1238  584450.00  2352760.00  21.274631  105.814054  -12.3537  -19.7881
   141  5433  1253  584180.00  2352610.00  21.273289  105.811444  -11.8881  -16.7046
   142  5349  1256  583340.00  2352580.00  21.273056  105.803346   -8.1536  -13.3163
   143  5427  1262  584120.00  2352520.00  21.272478  105.810861  -15.9581  -16.5248
   144  5379  1280  583640.00  2352340.00  21.270874  105.806225   -9.5438  -13.8240
   145  5436  1301  584210.00  2352130.00  21.268951  105.811709  -10.8959  -17.2626
   146  5547  1313  585320.00  2352010.00  21.267815  105.822402  -10.2047  -13.5984
   147  5652  1322  586370.00  2351920.00  21.266952  105.832517  -12.2856  -18.4748
   148  4731  1340  577160.00  2351740.00  21.265741  105.743740   -7.3798  -14.1477
   149  5667  1340  586520.00  2351740.00  21.265318  105.833954  -12.8302  -16.7806
   150  5457  1358  584420.00  2351560.00  21.263791  105.813705  -11.4931  -18.0631
   151  5457  1394  584420.00  2351200.00  21.260539  105.813687  -11.2826  -12.1202
   152  5634  1406  586190.00  2351080.00  21.259371  105.830740  -12.1389  -17.5362
   153  5985  1415  589700.00  2350990.00  21.258388  105.864563  -12.9523  -19.1785
   154  4617  1511  576020.00  2350030.00  21.250340  105.732676   -6.3973  -16.0431
   155  1128  1544  541130.00  2349700.00  21.248484  105.396409   -4.2790  -13.1746
   156  6081  1592  590660.00  2349220.00  21.242350  105.873721   -9.9896  -15.3217
   158   744  1721  537290.00  2347930.00  21.232575  105.359361  -13.3606  -21.8289
   159   876  1748  538610.00  2347660.00  21.230107  105.372076   -8.7853  -16.7198
   160  5790  1757  587750.00  2347570.00  21.227586  105.845594  -12.6800  -16.8287
   161   684  1826  536690.00  2346880.00  21.223100  105.353556   -2.6148  -12.7608
   162  4977  1958  579620.00  2345560.00  21.209801  105.767161  -10.2918  -15.0284
   163   984  2003  539690.00  2345110.00  21.207044  105.382424   -7.9155  -15.5883
   164  5397  2021  583820.00  2344930.00  21.203920  105.807596   -9.6214  -14.9957
   165  4341  2069  573260.00  2344450.00  21.200039  105.705837   -9.2304  -12.9486
   166   738  2108  537230.00  2344060.00  21.197609  105.358698   -8.3247  -16.2516
   167   903  2129  538880.00  2343850.00  21.195677  105.374591  -12.6606  -22.9785
   168  1131  2165  541160.00  2343490.00  21.192375  105.396548   -9.7986  -16.0948
   169   825  2165  538100.00  2343490.00  21.192441  105.367068   -8.7731  -12.4518
   170  5700  2189  586850.00  2343250.00  21.188600  105.836702   -7.5319  -15.6386
   171   837  2201  538220.00  2343130.00  21.189186  105.368216   -9.5660  -15.3831
   172  5280  2216  582650.00  2342980.00  21.186356  105.796229   -8.7624  -15.4149
   173  6345  2309  593300.00  2342050.00  21.177440  105.898769  -14.7100  -20.2898
   174  1005  2321  539900.00  2341930.00  21.178308  105.384373  -11.1537  -16.8680
   175  1002  2330  539870.00  2341840.00  21.177495  105.384082   -4.4862  -11.0084
   176   747  2336  537320.00  2341780.00  21.177007  105.359516  -10.7790  -13.9707
   177  5706  2381  586910.00  2341330.00  21.171251  105.837182   -6.2424  -14.5011
   178   573  2399  535580.00  2341150.00  21.171350  105.342741   -6.8568  -14.6354
   179   399  2420  533840.00  2340940.00  21.169485  105.325976   -7.6018  -10.7240
   180   546  2453  535310.00  2340610.00  21.166476  105.340129  -14.8367  -20.5352
   181  1440  2453  544250.00  2340610.00  21.166281  105.426243   -8.7389  -16.0314
   182  3948  2459  569330.00  2340550.00  21.164958  105.667816   -7.6583  -13.7740
   183  1437  2468  544220.00  2340460.00  21.164926  105.425950   -9.7572  -15.2202
   184  1029  2471  540140.00  2340430.00  21.164750  105.386650   -7.4163   -9.7597
   185   555  2486  535400.00  2340280.00  21.163492  105.340989  -10.6300  -14.0602
   186  1143  2522  541280.00  2339920.00  21.160116  105.397618  -12.1698  -15.8010
   187   426  2534  534110.00  2339800.00  21.159180  105.328554   -8.3924  -15.0093
   188   582  2549  535670.00  2339650.00  21.157795  105.343577  -11.0165  -16.6476
   189  1224  2591  542090.00  2339230.00  21.153863  105.405403   -7.8065  -13.1303
   190   747  2612  537320.00  2339020.00  21.152070  105.359456   -9.2428  -14.6676
   191   453  2618  534380.00  2338960.00  21.151585  105.331137   -9.6056  -13.0725
   192  3267  2660  562520.00  2338540.00  21.147043  105.602149  -12.7508  -20.7557
   193  1836  2669  548210.00  2338450.00  21.146664  105.464327   -8.8235  -18.8888
   194  1056  2672  540410.00  2338420.00  21.146583  105.389203  -10.8277  -10.9944
   195   498  2681  534830.00  2338330.00  21.145885  105.335459  -11.5818  -13.9289
   196   525  2684  535100.00  2338300.00  21.145608  105.338059   -9.4205  -15.7714
   197   708  2684  536930.00  2338300.00  21.145572  105.355684   -7.3152  -16.9900
   198  1065  2687  540500.00  2338270.00  21.145225  105.390066   -9.8190  -16.1253
   199   303  2687  532880.00  2338270.00  21.145379  105.316677  -13.0895  -16.5738
   200  1044  2693  540290.00  2338210.00  21.144688  105.388042   -6.9084  -14.9518
   201  2745  2699  557300.00  2338150.00  21.143691  105.551862   -6.2992  -15.2080
   202   525  2699  535100.00  2338150.00  21.144253  105.338056  -10.3120  -12.8615
   203   369  2702  533540.00  2338120.00  21.144011  105.323030   -2.9096  -15.1576
   204   912  2705  538970.00  2338090.00  21.143632  105.375326   -9.5898  -13.8717
   205   894  2705  538790.00  2338090.00  21.143636  105.373593   -9.6260  -17.6015
   206  1275  2711  542600.00  2338030.00  21.143009  105.410285  -11.5072  -16.4742
   207  5931  2717  589160.00  2337970.00  21.140787  105.858679  -11.6512  -17.0610
   208   738  2723  537230.00  2337910.00  21.142042  105.358565   -8.8730  -15.5557
   209   786  2726  537710.00  2337880.00  21.141761  105.363187   -8.5921  -15.1491
   210  1809  2735  547940.00  2337790.00  21.140708  105.461708  -11.8801  -18.2288
   211  1359  2741  543440.00  2337730.00  21.140279  105.418368   -7.0422  -13.5796
   212  3456  2744  564410.00  2337700.00  21.139388  105.620320   -7.6969  -16.1650
   213  1818  2747  548030.00  2337670.00  21.139622  105.462571  -10.4221  -15.1108
   214   681  2753  536660.00  2337610.00  21.139343  105.353069   -7.9232  -14.3137
   215  1038  2753  540230.00  2337610.00  21.139268  105.387450   -9.9948  -13.0829
   216  4764  2753  577490.00  2337610.00  21.138067  105.746279  -12.4997  -17.4447
   217  1944  2759  549290.00  2337550.00  21.138504  105.474702  -10.8344  -13.1604
   218  3639  2762  566240.00  2337520.00  21.137697  105.637936   -6.5550  -12.8916
   219  1002  2768  539870.00  2337460.00  21.137921  105.383980   -9.4951  -13.9173
   220  1050  2786  540350.00  2337280.00  21.136284  105.388598  -14.1590  -13.7559
   221  3414  2792  563990.00  2337220.00  21.135066  105.616257   -6.2999  -11.5408
   222   456  2798  534410.00  2337160.00  21.135321  105.331390   -8.8590  -12.5548
   223  2355  2822  553400.00  2336920.00  21.132696  105.514264   -4.0832  -12.5955
   224  1044  2834  540290.00  2336800.00  21.131948  105.388009   -9.9777  -15.5309
   225   345  2834  533300.00  2336800.00  21.132089  105.320693  -12.6402  -19.6960
   226  1593  2834  545780.00  2336800.00  21.131819  105.440879  -11.5944  -14.4410
   227   648  2837  536330.00  2336770.00  21.131760  105.349873   -9.2848  -12.2003
   228   516  2846  535010.00  2336680.00  21.130973  105.337159   -7.7775  -14.5142
   229   501  2858  534860.00  2336560.00  21.129891  105.335712   -7.3162  -16.7422
   230  3906  2864  568910.00  2336500.00  21.128382  105.663608   -4.7506  -12.4656
   231   309  2870  532940.00  2336440.00  21.128843  105.317220   -9.0769  -13.0337
   232   420  2879  534050.00  2336350.00  21.128009  105.327907  -10.2053  -20.2795
   233  6057  2879  590420.00  2336350.00  21.126089  105.870727  -10.2813  -16.6711
   234  3492  2903  564770.00  2336110.00  21.125010  105.623727  -10.2288  -13.7058
   235  1413  2909  543980.00  2336050.00  21.125087  105.423525   -7.6388  -14.5425
   236  1857  2912  548420.00  2336020.00  21.124703  105.466280   -6.4413  -13.9887
   237   684  2927  536690.00  2335870.00  21.123621  105.353320   -9.8830  -16.3236
   238  3552  2930  565370.00  2335840.00  21.122549  105.629494   -8.3783  -15.8709
   239  1653  2960  546380.00  2335540.00  21.120419  105.446623  -10.6442  -16.1534
   240   570  2963  535550.00  2335510.00  21.120391  105.342335   -9.0422  -18.0697
   241   867  2963  538520.00  2335510.00  21.120331  105.370934  -13.5902  -15.7669
   242   441  2981  534260.00  2335330.00  21.118789  105.329909   -7.6859  -11.6024
   243  1539  3002  545240.00  2335120.00  21.116653  105.435634   -6.9619  -16.1565
   244  5457  3002  584420.00  2335120.00  21.115264  105.812892   -8.5541  -17.8022
   245  1533  3005  545180.00  2335090.00  21.116383  105.435056   -9.6071  -17.7920
   246   441  3008  534260.00  2335060.00  21.116350  105.329904   -6.1578   -9.6805
   247   405  3011  533900.00  2335030.00  21.116085  105.326437  -14.0911  -15.3189
   248   399  3017  533840.00  2334970.00  21.115544  105.325858  -14.9888  -11.8216
   249  4767  3044  577520.00  2334700.00  21.111775  105.746437   -9.7840  -17.6845
   250   438  3050  534230.00  2334640.00  21.112555  105.329606   -7.9728  -14.0992
   251   816  3056  538010.00  2334580.00  21.111939  105.366003   -7.5552  -14.0318
   252   960  3059  539450.00  2334550.00  21.111637  105.379868   -4.9910  -12.8288
   253  2001  3059  549860.00  2334550.00  21.111383  105.480104  -11.4364  -15.4568
   254  1794  3062  547790.00  2334520.00  21.111167  105.460172   -7.7670  -15.1628
   255   972  3071  539570.00  2334430.00  21.110550  105.381021  -11.1825  -18.1874
   256   456  3077  534410.00  2334370.00  21.110112  105.331334   -9.4209  -15.1081
   257   423  3080  534080.00  2334340.00  21.109848  105.328156   -5.9607  -13.3211
   258   435  3083  534200.00  2334310.00  21.109574  105.329311   -7.8466  -14.5689
   259  5472  3098  584570.00  2334160.00  21.106583  105.814289  -10.7172  -17.5634
   260  5628  3104  586130.00  2334100.00  21.105968  105.829306   -7.1138  -18.6222
   261  1830  3107  548150.00  2334070.00  21.107092  105.463626   -8.1606  -13.1918
   262   675  3113  536600.00  2334010.00  21.106817  105.352414   -4.2482  -12.3931
   263   675  3125  536600.00  2333890.00  21.105733  105.352411   -7.2218  -12.6332
   264   768  3137  537530.00  2333770.00  21.104630  105.361363   -6.9020  -16.8540
   265  1011  3155  539960.00  2333590.00  21.102952  105.384756   -7.8302  -14.2831
   266  1518  3161  545030.00  2333530.00  21.102292  105.433570   -9.5198  -15.0610
   267  1833  3164  548180.00  2333500.00  21.101941  105.463898  -11.9629  -17.2227
   268  4062  3167  570470.00  2333470.00  21.100947  105.678506   -7.2721  -13.2001
   269  1026  3173  540110.00  2333410.00  21.101322  105.386196  -12.7520  -19.8899
   270   729  3173  537140.00  2333410.00  21.101385  105.357600  -15.1470  -14.8654
   271   648  3182  536330.00  2333320.00  21.100588  105.349799   -9.4051  -13.8389
   272  4083  3185  570680.00  2333290.00  21.099313  105.680520   -8.4860  -17.6252
   273  3840  3191  568250.00  2333230.00  21.098863  105.657122  -11.4432  -14.3793
   274   645  3191  536300.00  2333230.00  21.099776  105.349509   -4.5274  -10.0346
   275   708  3194  536930.00  2333200.00  21.099492  105.355574  -10.3399  -10.2831
   276  1059  3203  540440.00  2333110.00  21.098605  105.389367  -11.6892  -17.4899
   277  3924  3224  569090.00  2332900.00  21.095850  105.665196  -12.7424  -16.6618
   278   843  3227  538280.00  2332870.00  21.096483  105.368565  -12.0569  -14.0519
   279  1230  3227  542150.00  2332870.00  21.096397  105.405825   -6.6697  -16.6097
   280  1233  3230  542180.00  2332840.00  21.096126  105.406113  -10.0904  -15.9257
   281   393  3236  533780.00  2332780.00  21.095758  105.325237  -10.9334  -16.6101
   282   714  3239  536990.00  2332750.00  21.095425  105.356142  -14.9436  -16.7209
   283   465  3239  534500.00  2332750.00  21.095473  105.332168  -10.3299  -16.5808
   284   474  3245  534590.00  2332690.00  21.094930  105.333034  -11.4381  -16.3337
   285   792  3245  537770.00  2332690.00  21.094867  105.363650  -11.2357  -17.7363
   286  5697  3248  586820.00  2332660.00  21.092926  105.835876   -8.8719  -14.5993
   287   435  3248  534200.00  2332660.00  21.094666  105.329278   -3.3742  -14.5161
   288   819  3251  538040.00  2332630.00  21.094319  105.366248   -8.0378  -11.6688
   289   699  3254  536840.00  2332600.00  21.094073  105.354694    1.6133   -3.3601
   290   654  3254  536390.00  2332600.00  21.094082  105.350362   -2.4315  -10.3128
   291   972  3254  539570.00  2332600.00  21.094016  105.380978  -16.5336  -18.8117
   292  1323  3260  543080.00  2332540.00  21.093394  105.414770  -12.2399  -18.3817
   293   993  3260  539780.00  2332540.00  21.093469  105.382999   -9.2859  -19.4458
   294   699  3260  536840.00  2332540.00  21.093530  105.354693    0.9700   -3.1428
   295  1725  3263  547100.00  2332510.00  21.093024  105.453473  -15.2789  -17.3361
   296   630  3263  536150.00  2332510.00  21.093273  105.348049  -12.5413  -16.7230
   297   651  3275  536360.00  2332390.00  21.092185  105.350069   -4.8318  -14.3468
   298   771  3275  537560.00  2332390.00  21.092160  105.361622  -12.3576  -16.7143
   299  3555  3281  565400.00  2332330.00  21.090835  105.629649   -7.3729  -13.9028
   300  4968  3287  579530.00  2332270.00  21.089734  105.765677   -9.8742  -16.3418
   301   561  3287  535460.00  2332270.00  21.091118  105.341401  -15.0993  -16.7720
   302   867  3287  538520.00  2332270.00  21.091056  105.370862   -3.4589  -11.2336
   303   735  3290  537200.00  2332240.00  21.090813  105.358153  -11.7320  -14.2065
   304   687  3290  536720.00  2332240.00  21.090822  105.353531   -2.5431  -13.2578
   305   588  3296  535730.00  2332180.00  21.090300  105.343999   -8.3896  -16.3015
   306  1551  3299  545360.00  2332150.00  21.089815  105.436711   -3.4292  -13.8085
   307   594  3302  535790.00  2332120.00  21.089756  105.344575   -7.7818  -13.2973
   308  1086  3305  540710.00  2332090.00  21.089383  105.391942   -1.6793   -5.1361
   309  6306  3308  592910.00  2332060.00  21.087206  105.894471   -8.9816  -13.6781
   310   576  3311  535610.00  2332030.00  21.088947  105.342840   -7.4693  -14.7345
   311  1095  3311  540800.00  2332030.00  21.088838  105.392807  -11.8035  -16.0743
   312  1242  3317  542270.00  2331970.00  21.088263  105.406958   -7.2786  -18.6056
   313  6384  3317  593690.00  2331970.00  21.086354  105.901974   -5.5032  -16.4026
   314  1116  3323  541010.00  2331910.00  21.087749  105.394826  -13.6438  -15.2699
   315  4662  3323  576470.00  2331910.00  21.086612  105.736203   -9.8443  -21.0573
   316  6390  3329  593750.00  2331850.00  21.085266  105.902545   -6.2746  -18.2866
   317   834  3329  538190.00  2331850.00  21.087268  105.367675  -11.6342  -16.8872
   318   777  3332  537620.00  2331820.00  21.087009  105.362187  -12.4601  -18.5737
   319   699  3332  536840.00  2331820.00  21.087025  105.354678   -2.2297   -7.7982
   320   564  3341  535490.00  2331730.00  21.086238  105.341679   -3.1385  -16.6765
   321   942  3341  539270.00  2331730.00  21.086161  105.378070  -14.3826  -19.5565
   322  6336  3344  593210.00  2331700.00  21.083939  105.897339   -8.5529  -15.9851
   323   981  3344  539660.00  2331700.00  21.085882  105.381824  -10.9785  -14.6549
   324   903  3344  538880.00  2331700.00  21.085898  105.374315   -8.3941  -13.8400
   325  6759  3347  597440.00  2331670.00  21.083447  105.938056   -6.7934  -13.6687
   326  1644  3350  546290.00  2331640.00  21.085184  105.445651  -10.1226  -15.0530
   327   978  3353  539630.00  2331610.00  21.085069  105.381533  -13.2152  -20.8315
   328   924  3353  539090.00  2331610.00  21.085081  105.376334   -9.8729  -13.7178
   329  1353  3356  543380.00  2331580.00  21.084713  105.417634  -12.8067  -17.1334
   330   507  3356  534920.00  2331580.00  21.084894  105.336188   -6.9189  -12.4269
   331   819  3356  538040.00  2331580.00  21.084832  105.366225  -10.6744  -18.2091
   332  1056  3359  540410.00  2331550.00  21.084510  105.389041  -11.6348  -17.8581
   333   555  3359  535400.00  2331550.00  21.084614  105.340809   -5.8863  -12.6678
   334   957  3362  539420.00  2331520.00  21.084261  105.379509   -8.1821  -12.8380
   335   735  3365  537200.00  2331490.00  21.084036  105.358136   -8.9463  -16.6239
   336   927  3368  539120.00  2331460.00  21.083725  105.376620  -12.7089  -20.9229
   337  1368  3368  543530.00  2331460.00  21.083625  105.419075  -13.8188  -21.0545
   338   786  3371  537710.00  2331430.00  21.083483  105.363045   -7.7795  -13.1674
   339   813  3377  537980.00  2331370.00  21.082936  105.365643   -9.7803  -16.2002
   340   474  3377  534590.00  2331370.00  21.083003  105.333007   -4.2581  -15.5059
   341  1056  3377  540410.00  2331370.00  21.082884  105.389037  -10.2400  -20.0212
   342  1050  3380  540350.00  2331340.00  21.082614  105.388458   -7.5902  -15.3724
   343   855  3383  538400.00  2331310.00  21.082385  105.369685   -8.1013  -13.6824
   344  4491  3386  574760.00  2331280.00  21.080990  105.719713   -8.0016  -12.6914
   345  1896  3389  548810.00  2331250.00  21.081595  105.469900  -11.4824  -12.0832
   346  2190  3389  551750.00  2331250.00  21.081514  105.498203   -6.7844  -12.4944
   347   792  3389  537770.00  2331250.00  21.081856  105.363619   -6.0003  -15.2298
   348   489  3392  534740.00  2331220.00  21.081645  105.334448   -9.7780  -14.1596
   349  4728  3392  577130.00  2331220.00  21.080350  105.742525   -7.0543  -16.8779
   350   927  3395  539120.00  2331190.00  21.081285  105.376614   -9.5652  -13.3489
   351   855  3395  538400.00  2331190.00  21.081301  105.369682   -8.1180  -15.8914
   352   855  3407  538400.00  2331070.00  21.080216  105.369680  -15.5368  -19.2616
   353   492  3410  534770.00  2331040.00  21.080018  105.334733   -8.5697  -14.8576
   354   666  3410  536510.00  2331040.00  21.079984  105.351484   -9.4578  -13.7538
   355   543  3419  535280.00  2330950.00  21.079195  105.339641   -6.3195   -9.3051
   356   630  3422  536150.00  2330920.00  21.078907  105.348016  -10.9056  -16.4804
   357  5091  3422  580760.00  2330920.00  21.077483  105.777454   -9.4096  -13.3494
   358  1011  3422  539960.00  2330920.00  21.078828  105.384694  -11.3750  -16.9698
   359  1185  3431  541700.00  2330830.00  21.077976  105.401443   -8.7218  -12.2692
   360   603  3437  535880.00  2330770.00  21.077557  105.345413  -13.0511  -13.1614
   361   858  3440  538430.00  2330740.00  21.077234  105.369961   -8.6397  -18.2972
   362  1503  3446  544880.00  2330680.00  21.076545  105.432052   -6.7964  -13.4616
   363   636  3452  536210.00  2330620.00  21.076195  105.348587   -7.5443  -13.5196
   364  1500  3452  544850.00  2330620.00  21.076004  105.431761   -6.8862  -15.3222
   365   819  3455  538040.00  2330590.00  21.075887  105.366203   -8.4220  -14.5211
   366  1056  3455  540410.00  2330590.00  21.075836  105.389018  -17.1947  -24.2556
   367  1071  3458  540560.00  2330560.00  21.075562  105.390462   -5.2351  -11.7214
   368   867  3464  538520.00  2330500.00  21.075064  105.370822  -13.5543  -17.3188
   369   648  3464  536330.00  2330500.00  21.075108  105.349740   -0.5805   -9.2187
   370   651  3464  536360.00  2330500.00  21.075108  105.350029   -3.8627  -12.7926
   371   702  3467  536870.00  2330470.00  21.074827  105.354938   -8.2608  -13.1587
   372  4860  3473  578450.00  2330410.00  21.072976  105.755195   -7.0963  -18.0499
   373  1077  3476  540620.00  2330380.00  21.073934  105.391035  -16.5697  -18.5227
   374   696  3479  536810.00  2330350.00  21.073744  105.354357    0.7181   -6.3342
   375  4998  3479  579830.00  2330350.00  21.072374  105.768476  -10.1427  -16.9007
   376   522  3482  535070.00  2330320.00  21.073507  105.337607   -5.6476  -12.4959
   377  1077  3482  540620.00  2330320.00  21.073392  105.391034  -10.6428  -23.4142
   378   621  3485  536060.00  2330290.00  21.073216  105.347136   -6.9317  -12.8246
   379   876  3488  538610.00  2330260.00  21.072893  105.371683  -11.4309  -18.1254
   380  4803  3488  577880.00  2330260.00  21.071645  105.749701  -13.1656  -16.1163
   381   867  3491  538520.00  2330230.00  21.072624  105.370816  -13.4261  -21.3649
   382  3765  3494  567500.00  2330200.00  21.071515  105.649783  -10.1506  -15.8651
   383   768  3503  537530.00  2330110.00  21.071560  105.361283  -13.7519  -13.2518
   384  5727  3503  587120.00  2330110.00  21.069874  105.838635   -7.7375  -15.1784
   385  5754  3506  587390.00  2330080.00  21.069590  105.841232   -6.6225  -11.9308
   386  5010  3506  579950.00  2330080.00  21.069929  105.769618  -11.8209  -17.0945
   387   669  3509  536540.00  2330050.00  21.071038  105.351752    3.4069    0.1617
   388   645  3509  536300.00  2330050.00  21.071043  105.349442   -4.1890   -9.8000
   389   534  3515  535190.00  2329990.00  21.070523  105.338755   -6.6945  -11.4369
   390  2004  3515  549890.00  2329990.00  21.070181  105.480261  -11.5036  -17.8817
   391  4836  3518  578210.00  2329960.00  21.068920  105.752864  -10.6654  -17.6983
   392  1155  3524  541400.00  2329900.00  21.069580  105.398532  -10.3200  -18.3340
   393   627  3530  536120.00  2329840.00  21.069149  105.347704   -0.2824   -8.0583
   394  3867  3530  568520.00  2329840.00  21.068224  105.659587  -12.9482  -15.3681
   395   552  3530  535370.00  2329840.00  21.069164  105.340485   -5.1910  -11.3148
   396  2031  3533  550160.00  2329810.00  21.068548  105.482855   -8.4698  -15.0299
   397  3819  3536  568040.00  2329780.00  21.067700  105.654964   -4.9579  -16.5177
   398   669  3542  536540.00  2329720.00  21.068057  105.351745   -5.1366  -14.2170
   399  1101  3545  540860.00  2329690.00  21.067694  105.393329   -8.7466  -14.5711
   400  5928  3545  589130.00  2329690.00  21.065982  105.857960   -8.5725  -15.5840
   401   870  3548  538550.00  2329660.00  21.067473  105.371092  -15.1533  -16.8457
   402   558  3548  535430.00  2329660.00  21.067536  105.341059   -2.7917   -8.6520
   403  1776  3548  547610.00  2329660.00  21.067260  105.458304   -9.8381  -12.3988
   404  2832  3551  558170.00  2329630.00  21.066684  105.559952   -7.4710  -13.7124
   405  1788  3551  547730.00  2329630.00  21.066986  105.459458   -9.6348  -15.8766
   406   315  3551  533000.00  2329630.00  21.067311  105.317666   -8.9480  -17.0078
   407   852  3554  538370.00  2329600.00  21.066935  105.369358   -7.8516  -14.2273
   408  1149  3554  541340.00  2329600.00  21.066870  105.397947  -13.7233  -16.1589
   409   858  3560  538430.00  2329540.00  21.066392  105.369934   -9.4405  -16.3241
   410  1032  3560  540170.00  2329540.00  21.066354  105.386684  -10.2436  -16.2040
   411  5619  3563  586040.00  2329510.00  21.064504  105.828209   -5.1095  -10.9764
   412   753  3572  537380.00  2329420.00  21.065329  105.359824   -1.4234   -6.2815
   413   957  3578  539420.00  2329360.00  21.064744  105.379460   -6.9723  -15.2322
   414   867  3578  538520.00  2329360.00  21.064763  105.370797  -10.9616  -22.1424
   415  2559  3584  555440.00  2329300.00  21.063788  105.533663   -9.3496  -16.1948
   416   750  3587  537350.00  2329270.00  21.063974  105.359532   -1.8830   -8.6005
   417   936  3590  539210.00  2329240.00  21.063664  105.377436   -8.6818  -15.8834
   418   729  3590  537140.00  2329240.00  21.063708  105.357510   -7.9533   -5.3358
   419   963  3593  539480.00  2329210.00  21.063388  105.380034   -8.7695  -16.6080
   420  3828  3599  568130.00  2329150.00  21.062005  105.655805   -7.1230  -14.8719
   421   603  3599  535880.00  2329150.00  21.062919  105.345380   -5.4709  -12.5723
   422  4839  3599  578240.00  2329150.00  21.061601  105.753116  -10.7732  -15.7839
   423   780  3602  537650.00  2329120.00  21.062613  105.362417  -17.2866  -21.3495
   424   951  3602  539360.00  2329120.00  21.062577  105.378877  -14.6283  -20.0802
   425   873  3605  538580.00  2329090.00  21.062323  105.371368  -12.7121  -19.2481
   426  1506  3605  544910.00  2329090.00  21.062178  105.432299  -11.6843  -14.6153
   427  3159  3605  561440.00  2329090.00  21.061699  105.591409   -9.4061  -13.6388
   428   867  3605  538520.00  2329090.00  21.062324  105.370791  -10.8557  -21.0175
   429   849  3608  538340.00  2329060.00  21.062056  105.369057  -10.5110  -18.3601
   430  1485  3608  544700.00  2329060.00  21.061912  105.430277   -7.4535  -15.3717
   431   639  3611  536240.00  2329030.00  21.061828  105.348842   -1.9130  -11.4900
   432   786  3611  537710.00  2329030.00  21.061798  105.362992  -10.0320  -14.9312
   433   918  3611  539030.00  2329030.00  21.061771  105.375698  -15.0470  -17.6255
   434   798  3614  537830.00  2329000.00  21.061525  105.364147  -16.1125  -18.3856
   435  4761  3617  577460.00  2328970.00  21.060008  105.745601  -10.6573  -14.0247
   436  1746  3623  547310.00  2328910.00  21.060492  105.455396   -8.2412  -12.1564
   437  4770  3623  577550.00  2328910.00  21.059462  105.746464   -8.1408  -19.3085
   438  4851  3629  578360.00  2328850.00  21.058885  105.754258   -9.8049  -14.8605
   439   966  3635  539510.00  2328790.00  21.059592  105.380313   -8.2115  -16.5389
   440   468  3635  534530.00  2328790.00  21.059693  105.332378   -8.3096  -20.6295
   441   648  3635  536330.00  2328790.00  21.059658  105.349704   -3.1770   -9.2420
   442  4833  3638  578180.00  2328760.00  21.058080  105.752521  -10.6279  -17.4469
   443   441  3638  534260.00  2328760.00  21.059427  105.329778   -4.1654  -11.2696
   444   537  3641  535220.00  2328730.00  21.059137  105.339018   -7.8961  -14.1293
   445   918  3641  539030.00  2328730.00  21.059060  105.375691  -11.9585  -21.9110
   446   663  3641  536480.00  2328730.00  21.059113  105.351146   -4.4251  -13.4788
   447  1080  3644  540650.00  2328700.00  21.058754  105.391284   -8.3947  -15.1019
   448  5001  3647  579860.00  2328670.00  21.057194  105.768687   -8.8031  -16.4151
   449   414  3650  533990.00  2328640.00  21.058347  105.327177   -6.3403   -7.5327
   450   450  3656  534350.00  2328580.00  21.057799  105.330641   -1.9700   -5.5799
   451   264  3656  532490.00  2328580.00  21.057832  105.312737   -8.9143  -14.1047
   452  4842  3656  578270.00  2328580.00  21.056450  105.753379   -7.3721  -14.2058
   453   954  3659  539390.00  2328550.00  21.057426  105.379153  -10.2983  -20.4787
   454   729  3665  537140.00  2328490.00  21.056931  105.357494    0.0919   -8.9152
   455   663  3668  536480.00  2328460.00  21.056673  105.351141   -1.6215  -10.3454
   456  2127  3677  551120.00  2328370.00  21.055510  105.492053   -9.3546  -14.1192
   457  2130  3686  551150.00  2328280.00  21.054696  105.492339  -13.3600  -15.8767
   458   783  3686  537680.00  2328280.00  21.055023  105.362687    0.9274   -6.7140
   459  1707  3695  546920.00  2328190.00  21.053996  105.451622   -8.1752  -11.8259
   460   210  3695  531950.00  2328190.00  21.054318  105.307532  -10.9884  -16.8709
   461   975  3695  539600.00  2328190.00  21.054169  105.381166  -14.8495  -17.8654
   462   537  3698  535220.00  2328160.00  21.053987  105.339006   -8.4241  -16.6713
   463   693  3698  536780.00  2328160.00  21.053957  105.354022   -7.9776  -14.1339
   464   735  3701  537200.00  2328130.00  21.053677  105.358064   -1.7036  -10.2188
   465   606  3704  535910.00  2328100.00  21.053432  105.345647   -6.2518  -12.7739
   466   747  3707  537320.00  2328070.00  21.053132  105.359217   -0.6281   -9.6732
   467   876  3710  538610.00  2328040.00  21.052835  105.371633  -12.0409  -23.0726
   468   741  3716  537260.00  2327980.00  21.052321  105.358638    3.1912   -6.0308
   469   600  3716  535850.00  2327980.00  21.052349  105.345067   -8.4697  -15.7316
   470  1053  3719  540380.00  2327950.00  21.051983  105.388668   -9.0397  -15.3883
   471   918  3722  539030.00  2327920.00  21.051742  105.375673  -21.3705  -21.0620
   472  1050  3722  540350.00  2327920.00  21.051713  105.388378  -10.1768  -17.2841
   473   939  3728  539240.00  2327860.00  21.051195  105.377693  -11.4010  -19.2540
   474  2226  3728  552110.00  2327860.00  21.050874  105.501566  -10.0460  -12.8882
   475   840  3731  538250.00  2327830.00  21.050945  105.368164  -14.3089  -18.4402
   476   627  3731  536120.00  2327830.00  21.050988  105.347662  -14.4126  -18.8192
   477   396  3731  533810.00  2327830.00  21.051032  105.325428   -8.6320  -10.2279
   478   504  3734  534890.00  2327800.00  21.050741  105.335823   -3.9537  -10.7767
   479   945  3734  539300.00  2327800.00  21.050652  105.378269  -12.0370  -15.7034
   480   681  3737  536660.00  2327770.00  21.050435  105.352858  -10.7104  -16.3001
   481  1080  3737  540650.00  2327770.00  21.050351  105.391262  -13.9054  -17.6748
   482  1686  3737  546710.00  2327770.00  21.050207  105.449589   -9.2999  -15.5113
   483  4890  3737  578750.00  2327770.00  21.049111  105.757962   -9.8507  -20.2005
   484  2385  3737  553700.00  2327770.00  21.050015  105.516867   -3.8336  -13.0178
   485  6852  3743  598370.00  2327710.00  21.047622  105.946782   -6.7403  -13.2069
   486  6849  3749  598340.00  2327650.00  21.047081  105.946490   -6.7409  -10.6415
   487  1035  3752  540200.00  2327620.00  21.049006  105.386927   -7.7672  -15.7117
   488   849  3755  538340.00  2327590.00  21.048774  105.369024   -4.3043  -12.7341
   489  1071  3755  540560.00  2327590.00  21.048727  105.390392  -18.6884  -22.9325
   490  4845  3758  578300.00  2327560.00  21.047233  105.753621   -5.6441  -14.8377
   491   717  3758  537020.00  2327560.00  21.048530  105.356319   -1.3754   -9.0312
   492  6858  3761  598430.00  2327530.00  21.045992  105.947349   -5.8484  -13.7487
   493   822  3761  538070.00  2327530.00  21.048238  105.366424   -0.1072  -13.6210
   494  1050  3761  540350.00  2327530.00  21.048189  105.388369  -11.5547  -14.3431
   495   558  3764  535430.00  2327500.00  21.048020  105.341014   -0.8755   -8.2047
   496   717  3770  537020.00  2327440.00  21.047446  105.356316   -5.4400  -12.1652
   497  2472  3773  554570.00  2327410.00  21.046737  105.525229  -10.3247  -16.0473
   498   927  3776  539120.00  2327380.00  21.046861  105.376527  -11.5193  -18.3170
   499  1347  3776  543320.00  2327380.00  21.046766  105.416951   -7.5176  -13.1783
   500   954  3779  539390.00  2327350.00  21.046584  105.379125   -7.9710  -17.7646
   501  1152  3779  541370.00  2327350.00  21.046540  105.398182   -7.0635  -11.7670
   502   906  3782  538910.00  2327320.00  21.046323  105.374505  -11.3108  -18.4799
   503  1689  3785  546740.00  2327290.00  21.045869  105.449865  -10.4310  -16.5332
   504  1206  3788  541910.00  2327260.00  21.045715  105.403377  -11.4851  -16.6627
   505   870  3788  538550.00  2327260.00  21.045788  105.371038  -19.7364  -24.4708
   506   900  3788  538850.00  2327260.00  21.045782  105.373926  -11.0489  -17.0165
   507   903  3791  538880.00  2327230.00  21.045510  105.374214  -10.9634  -17.1161
   508  1206  3791  541910.00  2327230.00  21.045444  105.403377  -10.0495  -17.2914
   509  1197  3791  541820.00  2327230.00  21.045446  105.402510  -10.0473  -15.3385
   510  1281  3794  542660.00  2327200.00  21.045155  105.410594   -8.0711  -12.9793
   511   933  3794  539180.00  2327200.00  21.045233  105.377101   -9.6899  -15.3453
   512  1167  3803  541520.00  2327110.00  21.044368  105.399620   -4.2248  -14.1439
   513   840  3806  538250.00  2327080.00  21.044168  105.368147   -2.7604   -9.8131
   514  1089  3806  540740.00  2327080.00  21.044115  105.392112   -9.5103  -13.3880
   515   567  3806  535520.00  2327080.00  21.044223  105.341872   -1.7503  -10.6036
   516  1041  3809  540260.00  2327050.00  21.043854  105.387492   -6.7887  -15.9253
   517  2382  3809  553670.00  2327050.00  21.043511  105.516556   -9.0231  -20.5261
   518   825  3809  538100.00  2327050.00  21.043900  105.366703   -3.3817  -10.0203
   519   474  3809  534590.00  2327050.00  21.043970  105.332920    0.6558   -7.4951
   520  1281  3812  542660.00  2327020.00  21.043529  105.410590  -10.9884  -15.5751
   521  6729  3812  597140.00  2327020.00  21.041454  105.934906   -8.4808  -16.9868
   522  2625  3812  556100.00  2327020.00  21.043167  105.539942   -7.2962  -14.4545
   523   537  3815  535220.00  2326990.00  21.043416  105.338982   -6.5000  -13.3911
   524  6861  3815  598460.00  2326990.00  21.041112  105.947607   -8.9602  -16.0338
   525  1179  3818  541640.00  2326960.00  21.043010  105.400771   -3.5692   -7.1844
   526  3825  3818  568100.00  2326960.00  21.042219  105.655430  -11.9523  -15.1823
   527  1647  3821  546320.00  2326930.00  21.042627  105.445813   -6.7376  -17.4299
   528   543  3821  535280.00  2326930.00  21.042872  105.339559   -8.0073  -11.4668
   529   501  3827  534860.00  2326870.00  21.042338  105.335515   -2.1909   -8.9989
   530   636  3830  536210.00  2326840.00  21.042041  105.348508   -3.6054  -13.6168
   531  1266  3830  542510.00  2326840.00  21.041906  105.409142   -6.9493  -15.5711
   532   519  3830  535040.00  2326840.00  21.042064  105.337247   -2.8524  -11.9320
   533   603  3833  535880.00  2326810.00  21.041777  105.345331   -5.9984  -10.5407
   534   579  3836  535640.00  2326780.00  21.041510  105.343020   -9.0437  -14.1788
   535  1083  3836  540680.00  2326780.00  21.041405  105.391528   -5.9855   -7.7592
   536  2148  3842  551330.00  2326720.00  21.040596  105.494025   -7.9391  -15.2591
   537  1302  3845  542870.00  2326690.00  21.040542  105.412603  -11.1486  -13.3929
   538   612  3845  535970.00  2326690.00  21.040691  105.346195   -8.0693  -14.2872
   539  1767  3848  547520.00  2326660.00  21.040157  105.457355   -9.5965  -12.5211
   540  1998  3848  549830.00  2326660.00  21.040095  105.479587   -6.2307  -12.6427
   541  3963  3851  569480.00  2326630.00  21.039186  105.668698   -8.2746  -12.8514
   542   777  3857  537620.00  2326570.00  21.039573  105.362072   -3.4342   -8.7182
   543  3945  3860  569300.00  2326540.00  21.038379  105.666962  -12.1019  -16.5012
   544  3993  3869  569780.00  2326450.00  21.037548  105.671578   -9.1046  -12.9961
   545   675  3869  536600.00  2326450.00  21.038510  105.352253  -12.7213  -20.8854
   546  1686  3869  546710.00  2326450.00  21.038280  105.449554  -11.0936  -14.5929
   547  1086  3872  540710.00  2326420.00  21.038152  105.391808   -7.3861  -14.6740
   548  1206  3872  541910.00  2326420.00  21.038125  105.403357   -8.4489  -15.0876
   549   969  3875  539540.00  2326390.00  21.037906  105.380547  -10.5138  -17.2614
   550   261  3875  532460.00  2326390.00  21.038045  105.312407  -14.1342  -16.8382
   551  1182  3875  541670.00  2326390.00  21.037859  105.401046   -9.5014  -15.1838
   552   276  3881  532610.00  2326330.00  21.037501  105.313850  -12.5143  -22.3770
   553  1119  3881  541040.00  2326330.00  21.037331  105.394982  -14.7613  -20.0444
   554   978  3881  539630.00  2326330.00  21.037362  105.381412  -11.7930  -14.5817
   555  1137  3881  541220.00  2326330.00  21.037327  105.396714  -10.3749  -15.1539
   556  1176  3884  541610.00  2326300.00  21.037048  105.400467   -9.2425  -15.0730
   557  2238  3887  552230.00  2326270.00  21.036505  105.502673  -10.4930  -17.5289
   558  1206  3890  541910.00  2326240.00  21.036499  105.403352  -11.8032  -18.9919
   559   147  3893  531320.00  2326210.00  21.036439  105.301432   -8.3670  -15.3429
   560   339  3893  533240.00  2326210.00  21.036405  105.319911  -12.6109  -15.0099
   561  1773  3896  547580.00  2326180.00  21.035818  105.457919   -8.9240  -15.1372
   562  1212  3905  541970.00  2326090.00  21.035142  105.403926  -11.7478  -13.7371
   563   633  3905  536180.00  2326090.00  21.035265  105.348203   -9.9362  -17.0984
   564  2241  3905  552260.00  2326090.00  21.034878  105.502956  -13.8177  -13.2865
   565  1017  3908  540020.00  2326060.00  21.034914  105.385159   -6.4622  -13.1218
   566   729  3914  537140.00  2326000.00  21.034433  105.357440   -0.8772   -7.6221
   567  1944  3914  549290.00  2326000.00  21.034147  105.474371   -6.7062  -16.1445
   568  1218  3914  542030.00  2326000.00  21.034327  105.404501  -10.7002  -16.7494
   569  1149  3917  541340.00  2325970.00  21.034072  105.397860  -12.1510  -16.6608
   570  4014  3920  569990.00  2325940.00  21.032932  105.673578   -8.2374  -13.8543
   571   924  3920  539090.00  2325940.00  21.033850  105.376206   -7.3968  -11.4025
   572   240  3920  532250.00  2325940.00  21.033983  105.310378  -10.5298  -16.6297
   573  3969  3920  569540.00  2325940.00  21.032949  105.669247   -8.7829  -15.9760
   574  4044  3923  570290.00  2325910.00  21.032650  105.676464   -9.9424  -16.3900
   575   963  3929  539480.00  2325850.00  21.033029  105.379957  -15.0714  -15.8065
   576  2865  3929  558500.00  2325850.00  21.032521  105.563001  -10.5808  -16.6456
   577   498  3932  534830.00  2325820.00  21.032852  105.335205  -13.1294  -15.3162
   578   804  3932  537890.00  2325820.00  21.032791  105.364654  -14.1907  -14.9722
   579   738  3932  537230.00  2325820.00  21.032805  105.358303  -10.3769  -16.2642
   580  1176  3935  541610.00  2325790.00  21.032439  105.400454  -10.3509  -15.5094
   581  4104  3938  570890.00  2325760.00  21.031271  105.682232  -10.0965  -17.5025
   582   822  3944  538070.00  2325700.00  21.031703  105.366384   -7.5537  -12.7574
   583   897  3944  538820.00  2325700.00  21.031687  105.373602   -2.1774   -8.7566
   584   960  3947  539450.00  2325670.00  21.031403  105.379664   -8.4060  -12.3267
   585  1149  3947  541340.00  2325670.00  21.031361  105.397853   -9.4210  -18.4941
   586   735  3953  537200.00  2325610.00  21.030908  105.358009  -13.8027  -18.7731
   587   522  3959  535070.00  2325550.00  21.030408  105.337509  -13.1332  -13.4652
   588  1323  3959  543080.00  2325550.00  21.030237  105.414595   -5.7148  -12.7591
   589   714  3959  536990.00  2325550.00  21.030370  105.355987   -3.9460   -9.7190
   590   738  3962  537230.00  2325520.00  21.030094  105.358296  -16.7930  -23.0520
   591  4086  3962  570710.00  2325520.00  21.029110  105.680490  -10.3229  -15.1794
   592   789  3965  537740.00  2325490.00  21.029812  105.363204   -6.0235  -12.6214
   593  4008  3968  569930.00  2325460.00  21.028598  105.672981   -9.0254  -14.7004
   594   939  3968  539240.00  2325460.00  21.029510  105.377638   -1.9312  -11.4587
   595   972  3968  539570.00  2325460.00  21.029503  105.380814   -6.0624  -12.6662
   596  4020  3968  570050.00  2325460.00  21.028593  105.674136   -9.4030  -15.2485
   597   912  3977  538970.00  2325370.00  21.028703  105.375038   -5.8873  -10.6215
   598   996  3983  539810.00  2325310.00  21.028142  105.383120   -0.5139   -7.3097
   599  1035  3983  540200.00  2325310.00  21.028134  105.386874  -13.5514  -13.9432
   600   780  3989  537650.00  2325250.00  21.027646  105.362332   -9.7877  -11.1371
   601  2214  3989  551990.00  2325250.00  21.027296  105.500333  -15.4959  -18.2157
   602  1038  3992  540230.00  2325220.00  21.027320  105.387160  -10.4312  -15.0505
   603  1182  3995  541670.00  2325190.00  21.027017  105.401017   -8.5197  -20.6685
   604  1050  3998  540350.00  2325160.00  21.026775  105.388314   -8.8573  -15.5291
   605   804  4001  537890.00  2325130.00  21.026557  105.364639   -9.3790  -11.8100
   606  2160  4001  551450.00  2325130.00  21.026227  105.495132   -9.4347  -15.1779
   607   861  4004  538460.00  2325100.00  21.026274  105.370124   -8.4366  -13.1960
   608   888  4004  538730.00  2325100.00  21.026268  105.372722   -6.0907  -10.8486
   609  1053  4004  540380.00  2325100.00  21.026233  105.388601   -9.2284  -14.6117
   610  3015  4007  560000.00  2325070.00  21.025425  105.577409   -6.9854  -14.2687
   611  3084  4013  560690.00  2325010.00  21.024860  105.584047  -10.9497  -17.6059
   612  1131  4019  541160.00  2324950.00  21.024860  105.396104  -10.3735  -14.9324
   613   912  4019  538970.00  2324950.00  21.024908  105.375028   -5.2731   -8.8916
   614  1326  4019  543110.00  2324950.00  21.024815  105.414869   -6.0602  -12.2705
   615   795  4019  537800.00  2324950.00  21.024932  105.363769  -18.3002  -18.7090
   616   867  4022  538520.00  2324920.00  21.024646  105.370697   -3.6544  -15.2729
   617  1515  4025  545000.00  2324890.00  21.024228  105.433056   -6.6172  -12.7523
   618   801  4028  537860.00  2324860.00  21.024118  105.364345   -8.6799  -13.1670
   619   726  4028  537110.00  2324860.00  21.024133  105.357127   -4.0319  -12.0607
   620  1512  4031  544970.00  2324830.00  21.023686  105.432765  -11.0216  -15.2697
   621  1476  4034  544610.00  2324800.00  21.023424  105.429300   -4.6704  -14.7545
   622   933  4034  539180.00  2324800.00  21.023548  105.377046   -5.5048  -13.8865
   623  1185  4034  541700.00  2324800.00  21.023492  105.401297   -9.0725  -14.5016
   624  1083  4037  540680.00  2324770.00  21.023244  105.391480   -9.4210  -19.3469
   625  1125  4040  541100.00  2324740.00  21.022964  105.395521   -7.9982  -16.4779
   626   687  4043  536720.00  2324710.00  21.022786  105.353371  -10.8500  -14.2366
   627  1326  4046  543110.00  2324680.00  21.022376  105.414862   -3.8764   -7.4446
   628   903  4046  538880.00  2324680.00  21.022470  105.374156   -6.9400  -10.3084
   629  2832  4049  558170.00  2324650.00  21.021689  105.559784  -10.3534  -16.4873
   630   936  4058  539210.00  2324560.00  21.021379  105.377329   -6.0014  -10.2129
   631  1446  4058  544310.00  2324560.00  21.021263  105.426407   -4.0952  -12.2555
   632   903  4061  538880.00  2324530.00  21.021115  105.374153   -1.1807   -5.0320
   633   729  4061  537140.00  2324530.00  21.021151  105.357409   -9.1512  -14.1762
   634   861  4067  538460.00  2324470.00  21.020581  105.370110   -1.7992   -7.5088
   635  1074  4070  540590.00  2324440.00  21.020265  105.390606  -12.1434  -14.9747
   636  1425  4073  544100.00  2324410.00  21.019913  105.424382   -5.5233  -12.8215
   637  6291  4073  592760.00  2324410.00  21.018100  105.892615   -8.8335  -14.6549
   638  1332  4073  543170.00  2324410.00  21.019935  105.415433   -5.6349   -9.8097
   639  1302  4076  542870.00  2324380.00  21.019671  105.412545  -10.1716  -15.7718
   640  6360  4079  593450.00  2324350.00  21.017523  105.899251  -12.9542  -15.0689
   641  1287  4082  542720.00  2324320.00  21.019132  105.411100   -7.6327  -10.9680
   642  1587  4082  545720.00  2324320.00  21.019060  105.439969  -12.3229  -11.4517
   643   717  4085  537020.00  2324290.00  21.018985  105.356249  -14.3291  -18.0163
   644  5799  4085  587840.00  2324290.00  21.017258  105.845268   -9.6432  -17.1218
   645  1581  4088  545660.00  2324260.00  21.018519  105.439390  -10.2901  -18.1419
   646  1674  4088  546590.00  2324260.00  21.018496  105.448339   -5.8952  -10.0894
   647  1152  4088  541370.00  2324260.00  21.018621  105.398108  -16.6354  -23.6857
   648   708  4094  536930.00  2324200.00  21.018173  105.355381   -9.4977  -16.2445
   649  3825  4094  568100.00  2324200.00  21.017282  105.655321   -5.6887  -11.1003
   650  1137  4097  541220.00  2324170.00  21.017811  105.396662  -10.0288  -15.7834
   651  2136  4097  551210.00  2324170.00  21.017560  105.492794   -8.1633  -12.6130
   652   726  4100  537110.00  2324140.00  21.017627  105.357112  -12.6915  -16.0454
   653  1275  4103  542600.00  2324110.00  21.017237  105.409940  -13.5109   -9.7335
   654  1320  4103  543050.00  2324110.00  21.017227  105.414271  -13.0978  -22.0593
   655  3840  4109  568250.00  2324050.00  21.015921  105.656758   -9.7842  -14.1251
   656  1635  4109  546200.00  2324050.00  21.016608  105.444581  -20.1946  -19.6775
   657  1476  4112  544610.00  2324020.00  21.016376  105.429280   -8.2161  -11.3908
   658   888  4115  538730.00  2323990.00  21.016239  105.372697   -5.6450  -12.5732
   659  1593  4115  545780.00  2323990.00  21.016077  105.440538  -12.1853  -17.8045
   660  1608  4118  545930.00  2323960.00  21.015802  105.441980  -12.9460  -19.2748
   661  1989  4121  549740.00  2323930.00  21.015432  105.478642   -6.3469  -10.7984
   662  1110  4124  540950.00  2323900.00  21.015377  105.394058  -11.9619  -17.5739
   663  6336  4127  593210.00  2323870.00  21.013199  105.896915   -7.6290  -14.1876
   664   762  4130  537470.00  2323840.00  21.014910  105.360569   -7.9888  -14.0443
   665  1857  4133  548420.00  2323810.00  21.014383  105.465937  -11.2710  -13.4139
   666   768  4154  537530.00  2323600.00  21.012740  105.361141  -12.7417  -15.4232
   667  4023  4154  570080.00  2323600.00  21.011787  105.674349  -11.4987  -17.1863
   668  6564  4169  595490.00  2323450.00  21.009287  105.918829   -9.6036  -17.9660
   669  6309  4178  592940.00  2323360.00  21.008605  105.894290   -8.7758  -14.0416
   670  6573  4181  595580.00  2323330.00  21.008198  105.919689   -7.9067  -15.2114
   671  6549  4181  595340.00  2323330.00  21.008211  105.917380  -10.9738  -15.7538
   672   702  4187  536870.00  2323270.00  21.009771  105.354783  -11.1770  -16.5418
   673  2238  4193  552230.00  2323210.00  21.008857  105.502580   -7.0538  -12.7764
   674  2193  4196  551780.00  2323180.00  21.008599  105.498249  -11.4041  -18.5838
   675  2769  4211  557540.00  2323030.00  21.007072  105.553668   -6.9231  -15.0341
   676  2865  4220  558500.00  2322940.00  21.006229  105.562902  -13.4922  -18.1622
   677  6348  4226  593330.00  2322880.00  21.004248  105.898016   -9.7325  -16.1332
   678  6342  4268  593270.00  2322460.00  21.000457  105.897416   -9.3239  -18.2285
   679  6333  4271  593180.00  2322430.00  21.000191  105.896549   -7.0352  -18.6239
   680  2445  4274  554300.00  2322400.00  21.001479  105.522473   -9.0496  -14.0976
   681  6447  4298  594320.00  2322160.00  20.997693  105.907502   -6.5955  -14.8107
   682  4200  4337  571850.00  2321770.00  20.995184  105.691304   -9.5621  -13.8597
   683  6471  4343  594560.00  2321710.00  20.993615  105.909786   -7.3618  -18.6242
   684  4596  4349  575810.00  2321650.00  20.993941  105.729397   -8.7688  -11.6564
   685  5052  4352  580370.00  2321620.00  20.993477  105.773267   -7.7963  -15.6042
   686  6843  4358  598280.00  2321560.00  20.992065  105.945565   -9.6263  -14.0007
   687  4902  4427  578870.00  2320870.00  20.986766  105.758801   -7.8296  -20.1660
   688  3753  4442  567380.00  2320720.00  20.985867  105.648257  -10.2800  -13.6170
   689  6870  4463  598550.00  2320510.00  20.982565  105.948103  -10.5817  -13.8258
   690  4077  4472  570620.00  2320420.00  20.983035  105.679415   -7.9870  -12.8353
   691  4269  4514  572540.00  2320000.00  20.979165  105.697868   -6.9977  -21.0482
   692  4314  4517  572990.00  2319970.00  20.978877  105.702196   -9.2839  -15.1690
   693  4020  4532  570050.00  2319820.00  20.977636  105.673907   -5.6087  -15.5556
   694  2340  4535  553250.00  2319790.00  20.977927  105.512290  -11.6525  -17.6913
   695  5613  4544  585980.00  2319700.00  20.975876  105.827143   -8.0784  -14.9941
   696  6672  4547  596570.00  2319670.00  20.975080  105.929009  -13.0874  -12.6420
   697  4389  4559  573740.00  2319550.00  20.975052  105.709393   -7.8302  -19.2535
   698  4422  4607  574070.00  2319070.00  20.970702  105.712547   -9.5306  -17.3866
   699  6303  4631  592880.00  2318830.00  20.967681  105.893469   -8.2652  -15.1756
   700  4518  4631  575030.00  2318830.00  20.968495  105.721771   -8.8635  -12.5597
   701  6294  4670  592790.00  2318440.00  20.964162  105.892583   -8.9554  -14.8987
   702  2604  4679  555890.00  2318350.00  20.964838  105.537640  -11.1819  -18.9792
   703  2976  4685  559610.00  2318290.00  20.964179  105.573422  -11.0993  -13.9174
   704  4521  4721  575060.00  2317930.00  20.960362  105.722020  -12.0880  -15.5419
   705  2730  4745  557150.00  2317690.00  20.958836  105.549739   -7.9743  -13.0938
   706  2856  4748  558410.00  2317660.00  20.958526  105.561858   -9.0238  -16.3561
   707  5877  4748  588620.00  2317660.00  20.957321  105.852433  -11.8561  -14.6312
   708  4455  4766  574400.00  2317480.00  20.956323  105.715653   -8.1072  -15.7733
   709  4533  4769  575180.00  2317450.00  20.956020  105.723154   -7.0832  -19.5859
   710  2652  4793  556370.00  2317210.00  20.954523  105.542220   -9.4227  -17.0348
   711  2745  4793  557300.00  2317210.00  20.954495  105.551166   -8.3174  -17.3398
   712  6165  4814  591500.00  2317000.00  20.951217  105.880099   -5.9872  -14.6606
   713  2766  4820  557510.00  2316940.00  20.952048  105.553177  -10.1795  -14.8681
   714  4359  4856  573440.00  2316580.00  20.948230  105.706381   -9.0865  -18.2907
   715  2802  4865  557870.00  2316490.00  20.947971  105.556624   -7.6483  -15.1698
   716  2841  4877  558260.00  2316370.00  20.946875  105.560371   -8.9627  -14.1944
   717  2703  4883  556880.00  2316310.00  20.946376  105.547096   -3.3076  -11.2164
   718  2739  4889  557240.00  2316250.00  20.945823  105.550557   -8.9458  -14.1791
   719  3024  4928  560090.00  2315860.00  20.942208  105.577955  -11.8215  -14.2536
   720  3195  4961  561800.00  2315530.00  20.939170  105.594389   -9.5476  -19.1551
   721  3303  4961  562880.00  2315530.00  20.939133  105.604776  -10.3804  -18.4493
   722  2940  5030  559250.00  2314840.00  20.933019  105.569841   -9.9910  -14.4930
   723  2868  5036  558530.00  2314780.00  20.932500  105.562914  -11.4898  -15.6619
   724  2640  5057  556250.00  2314570.00  20.930674  105.540980   -6.2838  -17.6844
   725  2667  5069  556520.00  2314450.00  20.929581  105.543573  -11.3267  -18.6125
   726  2571  5075  555560.00  2314390.00  20.929068  105.534339   -2.0932  -12.2862
   727  2262  5087  552470.00  2314270.00  20.928074  105.504619  -11.8260  -16.7477
   728  2427  5096  554120.00  2314180.00  20.927214  105.520484  -15.2094  -15.5736
   729  2670  5099  556550.00  2314150.00  20.926870  105.543852  -14.2849  -16.5276
   730  5838  5102  588230.00  2314120.00  20.925356  105.848502   -7.3524  -15.9116
   731  2691  5114  556760.00  2314000.00  20.925508  105.545866  -11.8642  -17.9417
   732  2358  5129  553430.00  2313850.00  20.924252  105.513838  -11.8015  -10.8363
   733  2451  5141  554360.00  2313730.00  20.923141  105.522778  -13.5192  -14.7268
   734  2460  5153  554450.00  2313610.00  20.922054  105.523639  -14.8782  -18.5618
   735  2448  5159  554330.00  2313550.00  20.921515  105.522484   -3.1168  -11.2494
   736  2466  5165  554510.00  2313490.00  20.920968  105.524213  -16.3317  -20.0797
   738  4560  5333  575450.00  2311810.00  20.905052  105.725505   -3.1183  -13.8198
   739  2943  5342  559280.00  2311720.00  20.904828  105.570023  -11.9849  -16.0152
   740  2943  5378  559280.00  2311360.00  20.901576  105.570011   -9.4982  -19.2161
   741  3150  5447  561350.00  2310670.00  20.895274  105.589890   -7.6441  -14.7925
   742  3051  5465  560360.00  2310490.00  20.893680  105.580365  -10.3765  -13.2120
   743  4128  5486  571130.00  2310280.00  20.891400  105.683905  -11.1931  -15.8845
   744  4614  5495  575990.00  2310190.00  20.890393  105.730627   -8.1560  -16.8025
   745  5709  5513  586940.00  2310010.00  20.888285  105.835891   -7.5691  -14.2190
   746  2895  5519  558800.00  2309950.00  20.888851  105.565348  -10.4418  -13.0480
   747  4620  5519  576050.00  2309950.00  20.888222  105.731193   -8.8550  -17.3815
   748  6021  5552  590060.00  2309620.00  20.884612  105.865866   -8.4663  -14.3303
   749  3393  5663  563780.00  2308510.00  20.875675  105.613174   -9.6185  -17.8876
   750  3159  5720  561440.00  2307940.00  20.870604  105.590658  -12.3801  -15.5423
   751  3153  5738  561380.00  2307760.00  20.868980  105.590075   -7.7523  -10.8236
   752  3150  5738  561350.00  2307760.00  20.868981  105.589787  -12.6253  -17.1585
   753  4656  5744  576410.00  2307700.00  20.867879  105.734555   -6.7988  -14.3780
   754  2991  5747  559760.00  2307670.00  20.868220  105.574499  -14.5443  -21.1932
   755  3210  5765  561950.00  2307490.00  20.866521  105.595545   -7.4671  -11.7986
   756  4677  5777  576620.00  2307370.00  20.864888  105.736559   -7.9814  -16.7977
   757  4686  5786  576710.00  2307280.00  20.864072  105.737421   -9.6608  -19.7978
   758  3240  5786  562250.00  2307280.00  20.864614  105.598422  -10.9178  -14.8136
   759  3219  5786  562040.00  2307280.00  20.864621  105.596403   -6.1482  -13.2670
   760  3525  5813  565100.00  2307010.00  20.862076  105.625808   -8.7629  -15.3631
   761  3729  5888  567140.00  2306260.00  20.855227  105.645389   -5.9904  -17.8413
   762  6666  5888  596510.00  2306260.00  20.853930  105.927686   -4.9117  -12.7611
   763  3438  5975  564230.00  2305390.00  20.847470  105.617385   -6.0367  -13.9129
   764  4656  5981  576410.00  2305330.00  20.846466  105.734451   -9.7358  -14.8515
   765  3297  6026  562820.00  2304880.00  20.842910  105.603814   -8.2607  -15.0443
   766  4674  6026  576590.00  2304880.00  20.842392  105.736161   -9.0999  -18.3072
   767  3153  6041  561380.00  2304730.00  20.841603  105.589969  -12.2122  -15.9879
   768  3831  6182  568160.00  2303320.00  20.828626  105.655078  -13.8233  -20.8146
   769  3123  6188  561080.00  2303260.00  20.828331  105.587034   -7.6575  -15.3054
   770  3675  6242  566600.00  2302720.00  20.823262  105.640063  -12.8663  -16.2846
   771  3090  6260  560750.00  2302540.00  20.821836  105.583837   -9.2835  -16.4275
   772  3084  6269  560690.00  2302450.00  20.821025  105.583257  -11.2977  -11.4625
   773  2943  6275  559280.00  2302390.00  20.820528  105.569705   -9.9464  -14.0463
   774  2916  6284  559010.00  2302300.00  20.819724  105.567107  -11.2805  -18.5945
   775  2970  6284  559550.00  2302300.00  20.819707  105.572297  -10.9533  -16.3560
   776  2940  6293  559250.00  2302210.00  20.818903  105.569411  -14.0859  -20.4024
   777  3045  6293  560300.00  2302210.00  20.818869  105.579501   -1.3404   -9.0078
   778  2886  6311  558710.00  2302030.00  20.817294  105.564215  -10.1097  -21.9837
   779  2892  6320  558770.00  2301940.00  20.816479  105.564789   -5.5080  -16.2242
   780  2901  6320  558860.00  2301940.00  20.816476  105.565654   -0.2701  -11.9347
   781  2892  6323  558770.00  2301910.00  20.816208  105.564788   -7.4444  -14.1182
   782  2877  6332  558620.00  2301820.00  20.815399  105.563343   -4.7418  -12.6664
   783  3027  6332  560120.00  2301820.00  20.815351  105.577758  -10.9284  -17.0023
   784  3648  6332  566330.00  2301820.00  20.815140  105.637434   -6.8097  -14.7324
   785  5967  6335  589520.00  2301790.00  20.813896  105.860273  -11.6763  -14.9419
   786  2898  6350  558830.00  2301640.00  20.813766  105.565355   -8.8723  -16.5084
   787  3048  6362  560330.00  2301520.00  20.812634  105.579766   -5.7855  -18.1786
   788  3012  6392  559970.00  2301220.00  20.809935  105.576296  -10.7969  -16.2310
   789  2862  6401  558470.00  2301130.00  20.809170  105.561879   -8.6830  -15.6741
   790  5172  6458  581570.00  2300560.00  20.803149  105.783823  -13.4339  -14.5737
   792  3810  6662  567950.00  2298520.00  20.785265  105.652873   -0.6432   -5.5673
   794  3798  6827  567830.00  2296870.00  20.770361  105.651656   -8.1596  -14.4100
   795  3852  6845  568370.00  2296690.00  20.768715  105.656837   -9.7601  -16.1065
   797  3795  6860  567800.00  2296540.00  20.767380  105.651355  -14.3345  -16.8117
   798  4470  6866  574550.00  2296480.00  20.766580  105.716196  -10.3473  -17.5391
   799  3825  6896  568100.00  2296180.00  20.764117  105.654223   -7.7618  -19.4385
   801  3801  6929  567860.00  2295850.00  20.761144  105.651905  -16.7882  -19.1180
   802  3855  6947  568400.00  2295670.00  20.759498  105.657085   -8.8590  -16.8097
   803  3834  6956  568190.00  2295580.00  20.758692  105.655064   -8.0408  -14.3737
   804  3822  6965  568070.00  2295490.00  20.757884  105.653908   -3.9671  -11.8924
   806  3837  6974  568220.00  2295400.00  20.757065  105.655346  -13.0757  -21.6812
   807  3861  7001  568460.00  2295130.00  20.754617  105.657640   -9.5942  -15.1493
   810  3945  7037  569300.00  2294770.00  20.751333  105.665695   -9.5626  -12.9218
   811  3921  7040  569060.00  2294740.00  20.751071  105.663388  -19.2249  -24.7890
   813  3909  7046  568940.00  2294680.00  20.750533  105.662233  -17.3798  -19.7872
   816  3897  7064  568820.00  2294500.00  20.748911  105.661074  -13.0168  -21.2311
   817  3894  7079  568790.00  2294350.00  20.747557  105.660780  -12.1023  -20.9372
   820  3849  7103  568340.00  2294110.00  20.745405  105.656448   -4.0114   -6.6854
   822  3870  7109  568550.00  2294050.00  20.744855  105.658463   -5.9363   -9.0420
   823  6078  7133  590630.00  2293810.00  20.741744  105.870525   -6.7896  -13.3879
   825  4578  7190  575630.00  2293240.00  20.737263  105.726431   -8.5232  -12.6176
   829  3984  7253  569690.00  2292610.00  20.731802  105.669355   -7.1503  -10.4040
   830  3942  7319  569270.00  2291950.00  20.725854  105.665295   -8.5005  -15.2159
   831  4635  7349  576200.00  2291650.00  20.722874  105.731837   -9.8164  -17.6076
   832  3915  7361  569000.00  2291530.00  20.722069  105.662686  -12.2632  -16.5471
   833  3996  7361  569810.00  2291530.00  20.722039  105.670465  -18.3289  -22.6355
   834  4014  7400  569990.00  2291140.00  20.718509  105.672178  -11.8785  -15.3614
   835  4038  7400  570230.00  2291140.00  20.718500  105.674483  -19.4862  -26.0688
   836  4014  7424  569990.00  2290900.00  20.716340  105.672168   -8.6331  -16.9368
   837  3999  7439  569840.00  2290750.00  20.714991  105.670722  -11.7614  -16.6537
   838  4056  7448  570410.00  2290660.00  20.714156  105.676192  -11.2722  -14.9053
   839  4077  7448  570620.00  2290660.00  20.714148  105.678209   -6.0761  -11.7504
   840  4047  7451  570320.00  2290630.00  20.713888  105.675327  -11.2171  -12.9306
   841  4104  7499  570890.00  2290150.00  20.709530  105.680781  -13.5351  -22.7316
   842  4125  7520  571100.00  2289940.00  20.707625  105.682789  -12.7355  -16.1916
   843  4188  7541  571730.00  2289730.00  20.705703  105.688830   -8.9681  -15.8744
   844  4200  7547  571850.00  2289670.00  20.705156  105.689980  -20.8080  -19.6700
   845  4191  7547  571760.00  2289670.00  20.705160  105.689116  -14.3005  -22.6143
   846  4059  7550  570440.00  2289640.00  20.704939  105.676439   -4.7368   -8.6941
   847  4125  7559  571100.00  2289550.00  20.704101  105.682773   -6.8556  -11.7520
   848  4089  7562  570740.00  2289520.00  20.703843  105.679315   -4.9111   -8.1255
   849  4119  7583  571040.00  2289310.00  20.701935  105.682187  -13.1897  -17.1021
   850  4185  7592  571700.00  2289220.00  20.701096  105.688521   -9.8087  -19.0792
   851  4125  7613  571100.00  2289010.00  20.699222  105.682751   -5.3707  -12.8525
   852  4140  7649  571250.00  2288650.00  20.695963  105.684177   -4.9165   -4.7400
   853  4770  7667  577550.00  2288470.00  20.694086  105.744661   -8.2844  -14.7446
   855  4188  7703  571730.00  2288110.00  20.691066  105.688764  -11.1697  -13.7555
   856  4095  8057  570800.00  2284570.00  20.659116  105.679692   -2.1866   -8.4048
   857  4107  8078  570920.00  2284360.00  20.657214  105.680836   -8.7575  -15.3997
   858  4200  8096  571850.00  2284180.00  20.655552  105.689756   -6.4701  -12.1323
   859  4203  8096  571880.00  2284180.00  20.655551  105.690044   -8.4355  -11.9901
   860  4194  8096  571790.00  2284180.00  20.655555  105.689180   -6.2830  -11.0412
   861  4179  8102  571640.00  2284120.00  20.655018  105.687738  -13.3169  -17.1279
   862  4134  8102  571190.00  2284120.00  20.655035  105.683418   -8.8648  -16.3099
   863  4563  8147  575480.00  2283670.00  20.650802  105.724580   -9.9768  -13.5775
   864  4476  8150  574610.00  2283640.00  20.650565  105.716227  -12.1922  -20.5879
   865  4554  8153  575390.00  2283610.00  20.650263  105.723713  -14.1701  -18.2814
   866  4647  8183  576320.00  2283310.00  20.647515  105.732627   -7.0750  -13.3428
   867  4569  8183  575540.00  2283310.00  20.647546  105.725140   -4.0537  -10.6518
   868  4509  8198  574940.00  2283160.00  20.646215  105.719375   -6.1895   -7.6427
   869  4623  8201  576080.00  2283130.00  20.645898  105.730316   -3.8231  -11.5269
   870  4536  8210  575210.00  2283040.00  20.645120  105.721961  -10.0725  -12.5190
   871  4389  8210  573740.00  2283040.00  20.645179  105.707851   -1.1637   -9.7756
   872  4548  8216  575330.00  2282980.00  20.644573  105.723111   -0.9999   -6.6103
   873  4629  8225  576140.00  2282890.00  20.643727  105.730882  -10.7007  -15.9291
   874  4572  8234  575570.00  2282800.00  20.642937  105.725406  -13.6015  -17.0364
   875  4653  8243  576380.00  2282710.00  20.642091  105.733177   -4.3833  -13.6434
   876  4677  8252  576620.00  2282620.00  20.641268  105.735477  -12.2245  -20.7466
   877  4584  8273  575690.00  2282410.00  20.639409  105.726542   -7.6501  -13.7484
   878  4563  8276  575480.00  2282380.00  20.639146  105.724525  -18.6274  -27.0747
   879  4542  8291  575270.00  2282230.00  20.637799  105.722503   -8.5782  -13.5766
   880  4497  8297  574820.00  2282170.00  20.637275  105.718181  -21.5865  -21.6747
   881  4455  8303  574400.00  2282110.00  20.636750  105.714147   -8.2462  -13.3810
   882  4512  8315  574970.00  2281990.00  20.635643  105.719613  -21.1481  -30.1216
   883  4695  8318  576800.00  2281960.00  20.635298  105.737176   -3.2091   -8.6519
   884  4695  8321  576800.00  2281930.00  20.635026  105.737175   -2.5269  -14.8437
   885  4545  8324  575300.00  2281900.00  20.634816  105.722776   -0.6515  -10.9623
   886  4497  8327  574820.00  2281870.00  20.634564  105.718168   -5.0878  -10.1197
   887  4650  8345  576350.00  2281690.00  20.632876  105.732845   -7.4931  -14.6630
   888  4629  8348  576140.00  2281660.00  20.632614  105.730828  -11.5047  -14.1263
   889  4608  8351  575930.00  2281630.00  20.632351  105.728812   -7.5039  -14.3556
   890  4653  8351  576380.00  2281630.00  20.632333  105.733131   -8.4802  -14.5371
   891  4512  8357  574970.00  2281570.00  20.631848  105.719595  -17.4690  -21.3292
   892  4509  8363  574940.00  2281510.00  20.631307  105.719305  -13.3853  -22.1098
   893  4686  8366  576710.00  2281480.00  20.630964  105.736291  -14.8081  -20.3146
   894  4713  8369  576980.00  2281450.00  20.630682  105.738882  -13.7665  -20.7727
   895  4662  8372  576470.00  2281420.00  20.630432  105.733985  -10.8032  -15.7441
   896  4512  8384  574970.00  2281300.00  20.629408  105.719584   -1.2124   -8.4702
   897  4446  8384  574310.00  2281300.00  20.629435  105.713249   -6.4034  -10.5521
   898  4779  8390  577640.00  2281240.00  20.628758  105.745207   -6.0353  -10.7267
   899  4803  8393  577880.00  2281210.00  20.628477  105.747509   -3.8028  -13.7465
   900  4590  8402  575750.00  2281120.00  20.627751  105.727062   -3.1925   -8.8100
   901  4584  8405  575690.00  2281090.00  20.627482  105.726485   -5.8665   -8.1650
   902  3987  8411  569720.00  2281030.00  20.627171  105.669185  -10.3070  -13.9457
   903  4521  8414  575060.00  2281000.00  20.626694  105.720435   -8.7424  -11.1250
   904  4824  8420  578090.00  2280940.00  20.626028  105.749512    0.6887   -4.7494
   905  4530  8423  575150.00  2280910.00  20.625877  105.721295   -1.7896   -8.2865
   906  4548  8423  575330.00  2280910.00  20.625870  105.723022   -1.5183   -7.3241
   907  4380  8426  573650.00  2280880.00  20.625666  105.706897   -2.6135   -9.4005
   908  5307  8426  582920.00  2280880.00  20.625279  105.795865   -6.4605  -14.7784
   909  4557  8435  575420.00  2280790.00  20.624782  105.723881   -3.0718   -8.8860
   910  4638  8438  576230.00  2280760.00  20.624478  105.731653   -1.1911  -10.1992
   911  4560  8438  575450.00  2280760.00  20.624510  105.724167   -1.5999   -7.0110
   912  4497  8444  574820.00  2280700.00  20.623993  105.718119  -12.0732  -20.9226
   913  4497  8447  574820.00  2280670.00  20.623722  105.718117   -7.6697  -18.6358
   914  4608  8450  575930.00  2280640.00  20.623406  105.728769  -11.0012  -13.7145
   915  4533  8456  575180.00  2280580.00  20.622894  105.721568   -7.8696  -13.9843
   916  4845  8459  578300.00  2280550.00  20.622496  105.751511   -6.0920  -12.9800
   917  4629  8462  576140.00  2280520.00  20.622314  105.730779   -6.7730   -9.5785
   918  4689  8480  576740.00  2280340.00  20.620663  105.736530  -11.8382  -17.0690
   919  4461  8480  574460.00  2280340.00  20.620755  105.714648  -16.8027  -22.7864
   920  4569  8480  575540.00  2280340.00  20.620712  105.725013  -14.3861  -16.8218
   921  4776  8492  577610.00  2280220.00  20.619543  105.744874   -4.5177  -11.3760
   922  4419  8492  574040.00  2280220.00  20.619687  105.710612  -11.9070  -17.4146
   923  4548  8498  575330.00  2280160.00  20.619094  105.722990  -15.6128  -23.1281
   924  4677  8510  576620.00  2280040.00  20.617957  105.735365  -10.2181  -17.7778
   925  4923  8510  579080.00  2280040.00  20.617855  105.758974  -15.9411  -22.6811
   926  4602  8522  575870.00  2279920.00  20.616903  105.728162   -9.9443  -14.9287
   927  4635  8528  576200.00  2279860.00  20.616348  105.731327   -5.1238  -12.0516
   928  4536  8534  575210.00  2279800.00  20.615846  105.721823  -11.5523  -19.3192
   929  4590  8546  575750.00  2279680.00  20.614740  105.727000  -10.2876  -14.7326
   930  4764  8546  577490.00  2279680.00  20.614669  105.743699   -5.3691  -11.0773
   931  4794  8549  577790.00  2279650.00  20.614385  105.746576   -1.2934  -11.3189
   932  4677  8558  576620.00  2279560.00  20.613620  105.735344   -0.8959   -9.1033
   933  4752  8561  577370.00  2279530.00  20.613318  105.742541   -8.6473  -14.5746
   934  4518  8564  575030.00  2279500.00  20.613142  105.720083   -3.4432  -10.1759
   935  4845  8576  578300.00  2279380.00  20.611925  105.751459  -14.1658  -22.7499
   936  4755  8591  577400.00  2279230.00  20.610607  105.742815  -16.3302  -24.1973
   937  4761  8603  577460.00  2279110.00  20.609520  105.743386   -8.0763  -13.1891
   938  4551  8606  575360.00  2279080.00  20.609334  105.723232  -11.4241  -15.6911
   939  4596  8609  575810.00  2279050.00  20.609045  105.727549   -8.3767  -12.5936
   940  4869  8612  578540.00  2279020.00  20.608662  105.753746   -2.5425   -3.1754
   941  4497  8612  574820.00  2279020.00  20.608814  105.718047   -5.8288  -15.3234
   942  4740  8615  577250.00  2278990.00  20.608444  105.741365  -11.5706  -19.2520
   943  4581  8618  575660.00  2278960.00  20.608238  105.726106   -6.7211  -16.5489
   944  4632  8618  576170.00  2278960.00  20.608217  105.731000   -7.5249  -16.5910
   945  4578  8621  575630.00  2278930.00  20.607968  105.725817   -6.5228  -12.7975
   946  5034  8654  580190.00  2278600.00  20.604797  105.769561  -16.8799  -24.1330
   947  4803  8660  577880.00  2278540.00  20.604352  105.747391  -19.2740  -24.2615
   948  4905  8672  578900.00  2278420.00  20.603226  105.757174  -22.8623  -29.4249
   949  4893  8681  578780.00  2278330.00  20.602417  105.756018  -12.1731  -17.0835
   950  4893  8687  578780.00  2278270.00  20.601875  105.756016   -5.5913   -8.5693
   951  4701  8699  576860.00  2278150.00  20.600871  105.737586  -15.8043  -20.8109
   952  4878  8711  578630.00  2278030.00  20.599713  105.754566   -5.0783  -12.7581
   953  5100  8714  580850.00  2278000.00  20.599348  105.775867   -6.7189  -14.1450
   954  5142  8717  581270.00  2277970.00  20.599059  105.779896  -16.6099  -20.6576
   955  4953  8717  579380.00  2277970.00  20.599139  105.761760   -7.1785  -10.4693
   956  4851  8720  578360.00  2277940.00  20.598911  105.751971  -15.0325  -16.9454
   957  4497  8735  574820.00  2277790.00  20.597700  105.717995   -2.1852   -7.7270
   958  4881  8741  578660.00  2277730.00  20.597001  105.754840   -5.0736  -11.9074
   959  4896  8744  578810.00  2277700.00  20.596724  105.756278    1.8020   -5.5943
   961  4851  8768  578360.00  2277460.00  20.594574  105.751949  -15.0544  -17.5710
   962  4845  8777  578300.00  2277370.00  20.593764  105.751370  -11.6574  -22.7586
   963  4926  8780  579110.00  2277340.00  20.593459  105.759141  -16.5326  -25.5796
   964  5325  8810  583100.00  2277040.00  20.590576  105.797412   -2.2492   -8.1330
   965  5109  8825  580940.00  2276890.00  20.589315  105.776680  -11.2350  -13.9611
   966  5301  8825  582860.00  2276890.00  20.589231  105.795102  -10.2433  -15.0672
   967  4935  8834  579200.00  2276800.00  20.588576  105.759980   -8.4748   -7.5736
   968  5319  8837  583040.00  2276770.00  20.588139  105.796824   -4.6150  -14.2446
   970  5325  8846  583100.00  2276680.00  20.587323  105.797395   -9.7205  -15.1445
   971  5346  8846  583310.00  2276680.00  20.587314  105.799410  -14.9377  -15.5004
   972  5208  8873  581930.00  2276410.00  20.584935  105.786157   -7.8065  -10.6582
   973  5325  8894  583100.00  2276200.00  20.582986  105.797373   -9.8315  -17.5960
   974  4983  8897  579680.00  2276170.00  20.582863  105.764557  -11.8822  -20.1901
   975  4956  8912  579410.00  2276020.00  20.581519  105.761960   -4.1941   -9.0056
   976  5160  8912  581450.00  2276020.00  20.581432  105.781533   -7.3580  -10.0002
   977  5025  8915  580100.00  2275990.00  20.581219  105.768579  -24.6621  -22.3805
   978  5208  8924  581930.00  2275900.00  20.580327  105.786133  -14.2614  -17.8793
   979  5226  8927  582110.00  2275870.00  20.580048  105.787859   -8.9825  -17.2897
   980  5013  8936  579980.00  2275780.00  20.579327  105.767418  -15.0747  -18.0130
   981  5142  8942  581270.00  2275720.00  20.578729  105.779792   -4.4426   -8.2784
   982  4977  8948  579620.00  2275660.00  20.578258  105.763959  -12.1245  -15.6194
   983  5238  8963  582230.00  2275510.00  20.576790  105.788993  -11.8734  -18.0174
   984  5061  8981  580460.00  2275330.00  20.575240  105.772003  -14.7985  -20.3526
   985  5250  8987  582350.00  2275270.00  20.574616  105.790133   -9.5835  -13.3347
   986  5100  8990  580850.00  2275240.00  20.574410  105.775741   -6.3972   -8.3309
   987  5184  8993  581690.00  2275210.00  20.574103  105.783798   -7.1758  -14.1733
   988  5121  9002  581060.00  2275120.00  20.573317  105.777750   -4.6140  -14.2115
   989  5196  9014  581810.00  2275000.00  20.572201  105.784940   -8.8485  -16.3137
   990  5160  9023  581450.00  2274910.00  20.571403  105.781482  -12.4859  -19.5118
   991  5205  9032  581900.00  2274820.00  20.570570  105.785795   -5.5370  -11.5101
   992  5280  9035  582650.00  2274790.00  20.570266  105.792989   -7.2656  -15.6770
   993  5226  9044  582110.00  2274700.00  20.569477  105.787804  -11.4661  -18.6437
   994  5127  9050  581120.00  2274640.00  20.568978  105.778304  -13.3203  -18.0775
   996  5046  9059  580310.00  2274550.00  20.568199  105.770529  -10.2663  -15.9171
   997  5049  9083  580340.00  2274310.00  20.566030  105.770805  -10.7825  -17.6983
