; ENVI Output of ROIs (5.2) [Wed Nov 27 01:07:16 2019]
; Number of ROIs: 1
; File Dimension: 7647 x 9116
;
; ROI name: EVF: Layer: forest.shp
; ROI rgb value: {255, 255, 255}
; ROI npts: 997
;   ID     X     Y      Map X       Map Y        Lat         Lon        B1        B2
     1  5310   224  582950.00  2362900.00  21.366309  105.800092   -8.9516  -15.6235
     2  5184   272  581690.00  2362420.00  21.362030  105.787916   -9.0459  -13.1996
     3  5217   308  582020.00  2362060.00  21.358763  105.791081  -13.5513  -16.0023
     4  5340   317  583250.00  2361970.00  21.357894  105.802939   -9.0043  -14.7530
     5  5232   353  582170.00  2361610.00  21.354691  105.792506  -17.0945  -17.7514
     7  5169   359  581540.00  2361550.00  21.354177  105.786427  -12.9763  -17.4035
     8  5151   371  581360.00  2361430.00  21.353101  105.784686   -7.8464  -15.6408
    10  5157   404  581420.00  2361100.00  21.350117  105.785248   -7.1519  -14.4692
    11  5322   419  583070.00  2360950.00  21.348687  105.801153  -13.5758  -14.5135
    12  5238   422  582230.00  2360920.00  21.348454  105.793051  -16.8508  -18.4572
    13  5166   425  581510.00  2360890.00  21.348216  105.786106   -8.6154  -17.8870
    14  5175   443  581600.00  2360710.00  21.346586  105.786966  -11.3460  -16.2560
    15  5253   443  582380.00  2360710.00  21.346550  105.794487   -9.2446  -17.4746
    16  5205   446  581900.00  2360680.00  21.346301  105.789857   -7.3288  -14.8922
    17  5319   452  583040.00  2360620.00  21.345707  105.800848  -10.9194  -19.0135
    18  5334   464  583190.00  2360500.00  21.344616  105.802288  -12.1216  -17.8041
    19  5169   464  581540.00  2360500.00  21.344691  105.786377   -9.4575  -16.3678
    20  5274   467  582590.00  2360470.00  21.344372  105.796501   -7.9483  -13.6212
    21  5211   473  581960.00  2360410.00  21.343859  105.790423   -8.1636  -12.9690
    22  5262   488  582470.00  2360260.00  21.342481  105.795333   -3.7643   -8.0527
    23  5295   491  582800.00  2360230.00  21.342195  105.798514  -13.3959  -17.6953
    24  5190   503  581750.00  2360110.00  21.341158  105.788383  -13.7313  -17.4497
    25  5121   506  581060.00  2360080.00  21.340918  105.781728  -10.1127  -14.2503
    26  5208   506  581930.00  2360080.00  21.340879  105.790117   -6.3773   -9.7639
    27  5712   506  586970.00  2360080.00  21.340643  105.838718   -8.6069  -13.6781
    28  5274   521  582590.00  2359930.00  21.339494  105.796475  -12.3088  -13.3519
    29  5895   521  588800.00  2359930.00  21.339199  105.856357   -5.4313  -13.6638
    31  5856   551  588410.00  2359630.00  21.336508  105.852581  -11.9440  -19.7490
    32  5229   578  582140.00  2359360.00  21.334365  105.792108  -11.9820  -14.7029
    34  5298   581  582830.00  2359330.00  21.334062  105.798760  -11.4959  -20.6075
    35  5088   587  580730.00  2359270.00  21.333615  105.778507   -8.1660  -18.1845
    36  5157   587  581420.00  2359270.00  21.333584  105.785160   -7.0016  -11.7712
    37  5859   593  588440.00  2359210.00  21.332712  105.852848   -9.8220  -13.9157
    38  5214   611  581990.00  2359030.00  21.331390  105.790645   -7.8938  -12.6504
    39  5049   632  580340.00  2358820.00  21.329567  105.774725   -8.5470  -11.7103
    41  5310   644  582950.00  2358700.00  21.328365  105.799886  -14.2433  -16.1275
    42  5289   650  582740.00  2358640.00  21.327833  105.797858   -6.7253  -11.3550
    43  5034   650  580190.00  2358640.00  21.327947  105.773270   -8.7030  -15.9303
    44  5727   659  587120.00  2358550.00  21.326814  105.840086   -6.4677  -12.0328
    45  5133   662  581180.00  2358520.00  21.326819  105.782810  -12.3588  -14.2790
    46  5391   671  583760.00  2358430.00  21.325888  105.807683   -4.0264  -11.3189
    47  5757   677  587420.00  2358370.00  21.325173  105.842969   -4.9765  -10.9703
    48  5226   680  582110.00  2358340.00  21.325151  105.791769   -6.0670   -6.6833
    49  5259   689  582440.00  2358250.00  21.324323  105.794946  -10.2663  -12.1561
    50  5373   698  583580.00  2358160.00  21.323457  105.805934  -12.8769  -18.4282
    51  5139   701  581240.00  2358130.00  21.323293  105.783370  -13.3316  -14.2554
    52  5358   701  583430.00  2358130.00  21.323193  105.804486  -11.6140  -13.1827
    53  5472   704  584570.00  2358100.00  21.322869  105.815476   -9.5616  -15.4575
    54  5385   704  583700.00  2358100.00  21.322910  105.807088  -18.0920  -16.6750
    55  5232   716  582170.00  2357980.00  21.321896  105.792330  -10.3634  -10.8394
    56  5190   734  581750.00  2357800.00  21.320289  105.788272  -12.9221  -16.3994
    57  5259   734  582440.00  2357800.00  21.320257  105.794924   -8.6462  -16.2407
    58  5343   737  583280.00  2357770.00  21.319948  105.803022  -15.0558  -20.2735
    59  5142   749  581270.00  2357650.00  21.318955  105.783636   -4.0824  -13.3087
    60  5475   752  584600.00  2357620.00  21.318531  105.815742  -11.8908  -22.0157
    61  5220   758  582050.00  2357560.00  21.318107  105.791153   -6.4147   -8.3891
    62  5013   761  579980.00  2357530.00  21.317928  105.771193  -13.2109  -16.6491
    63  5340   761  583250.00  2357530.00  21.317781  105.802721   -7.6689  -15.9557
    64  5181   770  581660.00  2357440.00  21.317040  105.787387  -13.8545  -13.1324
    65  5364   773  583490.00  2357410.00  21.316686  105.805029   -9.9262  -15.0545
    66  5517   779  585020.00  2357350.00  21.316072  105.819778   -8.3990  -13.1548
    67  5070   779  580550.00  2357350.00  21.316277  105.776680   -8.3457  -10.5839
    68  5136   779  581210.00  2357350.00  21.316247  105.783043   -6.7159  -10.8925
    69  5118   782  581030.00  2357320.00  21.315984  105.781307   -3.0673  -12.0326
    70  5148   806  581330.00  2357080.00  21.313803  105.784188  -11.3970  -15.7338
    71  5310   812  582950.00  2357020.00  21.313187  105.799804   -6.2345  -12.5308
    73  4929   818  579140.00  2356960.00  21.312816  105.763067  -10.7178  -13.9609
    74  5199   839  581840.00  2356750.00  21.310798  105.789089  -17.0482  -18.4790
    76  5325   857  583100.00  2356570.00  21.309115  105.801228   -5.8883   -9.1554
    77  5223   860  582080.00  2356540.00  21.308890  105.791392  -13.1234  -15.0453
    78  5193   869  581780.00  2356450.00  21.308091  105.788496  -11.3868  -14.1448
    79  5340   869  583250.00  2356450.00  21.308024  105.802668  -14.8020  -16.8270
    80  4914   878  578990.00  2356360.00  21.307402  105.761593   -9.1833  -18.0403
    81  5355   881  583400.00  2356330.00  21.306933  105.804108   -8.0204  -12.9741
    82  5691   881  586760.00  2356330.00  21.306775  105.836501   -6.3655  -15.4617
    83  5262   881  582470.00  2356330.00  21.306975  105.795142  -12.4132  -16.2002
    84  5223   884  582080.00  2356300.00  21.306722  105.791381  -10.7522  -18.6176
    85  5133   884  581180.00  2356300.00  21.306763  105.782704  -12.8143  -12.8771
    86  5571   887  585560.00  2356270.00  21.306290  105.824929   -9.3486  -15.7097
    87  5535   896  585200.00  2356180.00  21.305494  105.821454   -5.2178  -13.8008
    88  5412   896  583970.00  2356180.00  21.305551  105.809596  -10.4375  -11.7428
    89  5166   899  581510.00  2356150.00  21.305393  105.785878   -3.9589   -9.8688
    90  5340   899  583250.00  2356150.00  21.305313  105.802653  -12.0190  -22.6413
    91  5682   899  586670.00  2356150.00  21.305153  105.835625   -8.7811  -12.3399
    92  5250   905  582350.00  2356090.00  21.304813  105.793974   -8.5527  -13.3613
    93  5688   908  586730.00  2356060.00  21.304337  105.836198  -11.8950  -18.4174
    94  5007   911  579920.00  2356030.00  21.304379  105.770544  -11.2330  -16.2832
    95  5673   923  586580.00  2355910.00  21.302989  105.834745   -7.4413   -9.6674
    96  5643   926  586280.00  2355880.00  21.302732  105.831851   -9.7000  -16.5348
    97  5235   926  582200.00  2355880.00  21.302922  105.792517  -13.9030  -17.0076
    98  5160   932  581450.00  2355820.00  21.302414  105.785284   -4.7612   -7.1619
    99  5586   935  585710.00  2355790.00  21.301946  105.826351  -13.8260  -18.3192
   100  5118   935  581030.00  2355790.00  21.302162  105.781233   -4.0198  -13.6701
   101  5271   938  582560.00  2355760.00  21.301822  105.795982  -15.3816  -17.3193
   102  5412   941  583970.00  2355730.00  21.301486  105.809574   -5.0602  -17.6979
   103  5178   941  581630.00  2355730.00  21.301593  105.787015   -5.8253  -10.8414
   104  5148   956  581330.00  2355580.00  21.300251  105.784116   -6.8916  -14.2569
   105  5592   959  585770.00  2355550.00  21.299775  105.826918   -1.3907  -12.1801
   106  5136   971  581210.00  2355430.00  21.298901  105.782952   -6.3023  -14.0921
   107  5598   980  585830.00  2355340.00  21.297875  105.827485   -4.9307  -12.2664
   108  5100   986  580850.00  2355280.00  21.297562  105.779474   -9.6691  -16.6609
   109  5691   986  586760.00  2355280.00  21.297289  105.836448  -14.9096  -20.9785
   110  5538   989  585230.00  2355250.00  21.297090  105.821697   -5.4374  -15.4880
   111  5187   995  581720.00  2355190.00  21.296710  105.787857   -8.5458   -9.3019
   112  5049   998  580340.00  2355160.00  21.296501  105.774552   -8.2961  -12.0117
   113  5628  1001  586130.00  2355130.00  21.295964  105.830367  -16.7039  -15.1089
   114  5166  1004  581510.00  2355100.00  21.295906  105.785828   -9.6391  -13.1071
   116  5622  1034  586070.00  2354800.00  21.292985  105.829772   -6.0226  -12.7052
   117  5571  1046  585560.00  2354680.00  21.291925  105.824849  -16.8421  -22.7394
   118  5682  1052  586670.00  2354620.00  21.291330  105.835546   -7.4649  -10.3972
   119  5343  1061  583280.00  2354530.00  21.290676  105.802863  -15.9010  -18.9400
   120  5556  1094  585410.00  2354200.00  21.287596  105.823379  -12.7873  -20.1335
   121  5265  1115  582500.00  2353990.00  21.285833  105.795318   -7.7935  -11.1224
   122  5214  1115  581990.00  2353990.00  21.285856  105.790402   -8.4723  -15.9957
   123  5394  1121  583790.00  2353930.00  21.285232  105.807750  -14.8641  -15.9679
   124  5610  1127  585950.00  2353870.00  21.284589  105.828568   -8.8506  -14.4173
   125  5436  1136  584210.00  2353780.00  21.283857  105.811791  -13.2199  -20.5517
   126  5616  1154  586010.00  2353600.00  21.282147  105.829132  -12.7854  -17.5223
   127  5586  1157  585710.00  2353570.00  21.281890  105.826239   -6.4978  -13.0432
   128  5670  1157  586550.00  2353570.00  21.281850  105.834336   -8.0845  -12.3882
   129  5430  1166  584150.00  2353480.00  21.281150  105.811198  -13.3620  -18.3780
   130  5508  1169  584930.00  2353450.00  21.280842  105.818715  -12.9063  -16.6348
   131  5550  1169  585350.00  2353450.00  21.280823  105.822763   -9.5676  -13.8742
   132  5517  1178  585020.00  2353360.00  21.280025  105.819578  -10.3760  -14.7367
   133  5616  1178  586010.00  2353360.00  21.279978  105.829120  -13.0575  -19.2777
   134  5457  1196  584420.00  2353180.00  21.278427  105.813785   -8.0654  -14.8663
   135  5655  1205  586400.00  2353090.00  21.277521  105.832866  -14.3380  -14.9441
   136  5634  1208  586190.00  2353060.00  21.277260  105.830840  -12.1364  -15.2937
   137  5628  1211  586130.00  2353030.00  21.276991  105.830260  -10.3918  -14.5911
   138  5022  1214  580070.00  2353000.00  21.276998  105.771847   -8.8238  -13.0906
   139  5361  1214  583460.00  2353000.00  21.276845  105.804523  -10.3932  -12.4777
   140  5460  1238  584450.00  2352760.00  21.274631  105.814054  -11.9395  -14.9108
   141  5433  1253  584180.00  2352610.00  21.273289  105.811444  -13.1905  -17.1807
   142  5349  1256  583340.00  2352580.00  21.273056  105.803346   -7.6164  -15.0223
   143  5427  1262  584120.00  2352520.00  21.272478  105.810861  -10.6221  -16.8689
   144  5379  1280  583640.00  2352340.00  21.270874  105.806225   -6.9890  -11.4723
   145  5436  1301  584210.00  2352130.00  21.268951  105.811709  -12.6706  -12.8046
   146  5547  1313  585320.00  2352010.00  21.267815  105.822402   -9.9986  -14.3614
   147  5652  1322  586370.00  2351920.00  21.266952  105.832517  -13.4180  -20.3781
   148  4731  1340  577160.00  2351740.00  21.265741  105.743740   -5.6252  -14.3726
   149  5667  1340  586520.00  2351740.00  21.265318  105.833954  -11.9067  -17.0696
   150  5457  1358  584420.00  2351560.00  21.263791  105.813705  -10.4851  -14.7638
   151  5457  1394  584420.00  2351200.00  21.260539  105.813687   -8.6282  -13.8863
   152  5634  1406  586190.00  2351080.00  21.259371  105.830740  -11.4737  -16.6348
   153  5985  1415  589700.00  2350990.00  21.258388  105.864563  -13.8061  -17.5576
   154  4617  1511  576020.00  2350030.00  21.250340  105.732676   -5.9819  -15.1567
   155  1128  1544  541130.00  2349700.00  21.248484  105.396409   -5.6730  -12.6122
   156  6081  1592  590660.00  2349220.00  21.242350  105.873721  -10.6501   -9.7795
   158   744  1721  537290.00  2347930.00  21.232575  105.359361  -13.0555  -12.8827
   159   876  1748  538610.00  2347660.00  21.230107  105.372076   -8.6272  -13.5631
   160  5790  1757  587750.00  2347570.00  21.227586  105.845594   -9.5593  -17.1545
   161   684  1826  536690.00  2346880.00  21.223100  105.353556   -6.3025  -13.6117
   162  4977  1958  579620.00  2345560.00  21.209801  105.767161   -9.8463  -16.5195
   163   984  2003  539690.00  2345110.00  21.207044  105.382424   -9.2366  -13.3875
   164  5397  2021  583820.00  2344930.00  21.203920  105.807596   -9.2605  -11.1124
   165  4341  2069  573260.00  2344450.00  21.200039  105.705837   -7.5980  -15.2346
   166   738  2108  537230.00  2344060.00  21.197609  105.358698   -9.2208  -14.5898
   167   903  2129  538880.00  2343850.00  21.195677  105.374591   -8.4286  -22.1075
   168  1131  2165  541160.00  2343490.00  21.192375  105.396548   -9.2344  -17.3716
   169   825  2165  538100.00  2343490.00  21.192441  105.367068   -6.6808  -15.8574
   170  5700  2189  586850.00  2343250.00  21.188600  105.836702   -2.5141  -14.7692
   171   837  2201  538220.00  2343130.00  21.189186  105.368216   -9.6191  -17.5093
   172  5280  2216  582650.00  2342980.00  21.186356  105.796229  -10.3066  -15.0196
   173  6345  2309  593300.00  2342050.00  21.177440  105.898769  -11.6639  -17.7890
   174  1005  2321  539900.00  2341930.00  21.178308  105.384373  -10.4857  -15.3500
   175  1002  2330  539870.00  2341840.00  21.177495  105.384082  -10.4263  -10.4961
   176   747  2336  537320.00  2341780.00  21.177007  105.359516   -8.9614  -12.9260
   177  5706  2381  586910.00  2341330.00  21.171251  105.837182   -7.2325  -14.7115
   178   573  2399  535580.00  2341150.00  21.171350  105.342741   -6.6754  -16.0707
   179   399  2420  533840.00  2340940.00  21.169485  105.325976   -7.9008   -9.4131
   180   546  2453  535310.00  2340610.00  21.166476  105.340129  -12.9755  -21.3166
   181  1440  2453  544250.00  2340610.00  21.166281  105.426243   -7.9442  -12.7548
   182  3948  2459  569330.00  2340550.00  21.164958  105.667816   -6.4948  -12.9138
   183  1437  2468  544220.00  2340460.00  21.164926  105.425950   -9.3609  -16.0885
   184  1029  2471  540140.00  2340430.00  21.164750  105.386650   -7.1973  -11.3068
   185   555  2486  535400.00  2340280.00  21.163492  105.340989   -7.0028  -14.7068
   186  1143  2522  541280.00  2339920.00  21.160116  105.397618  -10.8548  -13.7743
   187   426  2534  534110.00  2339800.00  21.159180  105.328554  -11.1223  -13.4037
   188   582  2549  535670.00  2339650.00  21.157795  105.343577   -9.4587  -13.6372
   189  1224  2591  542090.00  2339230.00  21.153863  105.405403   -6.1025  -12.8511
   190   747  2612  537320.00  2339020.00  21.152070  105.359456   -7.6486  -10.6822
   191   453  2618  534380.00  2338960.00  21.151585  105.331137  -11.4804  -11.5427
   192  3267  2660  562520.00  2338540.00  21.147043  105.602149   -6.3542  -15.1798
   193  1836  2669  548210.00  2338450.00  21.146664  105.464327  -10.1872  -13.8412
   194  1056  2672  540410.00  2338420.00  21.146583  105.389203   -7.0947  -13.2364
   195   498  2681  534830.00  2338330.00  21.145885  105.335459   -6.9399  -13.8240
   196   525  2684  535100.00  2338300.00  21.145608  105.338059   -9.8287  -15.1619
   197   708  2684  536930.00  2338300.00  21.145572  105.355684   -8.5342  -18.9695
   198  1065  2687  540500.00  2338270.00  21.145225  105.390066  -13.5478  -13.9493
   199   303  2687  532880.00  2338270.00  21.145379  105.316677   -5.8051  -13.1737
   200  1044  2693  540290.00  2338210.00  21.144688  105.388042   -8.8127  -17.4356
   201  2745  2699  557300.00  2338150.00  21.143691  105.551862   -9.1349  -13.8066
   202   525  2699  535100.00  2338150.00  21.144253  105.338056   -8.2245  -11.6001
   203   369  2702  533540.00  2338120.00  21.144011  105.323030   -6.7575  -13.6430
   204   912  2705  538970.00  2338090.00  21.143632  105.375326  -11.6540  -15.4163
   205   894  2705  538790.00  2338090.00  21.143636  105.373593  -10.0463  -19.7315
   206  1275  2711  542600.00  2338030.00  21.143009  105.410285  -12.5077  -17.1912
   207  5931  2717  589160.00  2337970.00  21.140787  105.858679   -7.6312  -16.6116
   208   738  2723  537230.00  2337910.00  21.142042  105.358565   -8.8145  -17.4986
   209   786  2726  537710.00  2337880.00  21.141761  105.363187  -10.4379  -16.8691
   210  1809  2735  547940.00  2337790.00  21.140708  105.461708   -9.9822  -20.2621
   211  1359  2741  543440.00  2337730.00  21.140279  105.418368   -8.7340  -13.9488
   212  3456  2744  564410.00  2337700.00  21.139388  105.620320   -9.8066  -18.6126
   213  1818  2747  548030.00  2337670.00  21.139622  105.462571   -6.6807  -15.6511
   214   681  2753  536660.00  2337610.00  21.139343  105.353069   -8.5162  -15.5332
   215  1038  2753  540230.00  2337610.00  21.139268  105.387450   -8.5396  -15.7636
   216  4764  2753  577490.00  2337610.00  21.138067  105.746279   -9.6150  -13.0029
   217  1944  2759  549290.00  2337550.00  21.138504  105.474702   -7.9195  -14.9344
   218  3639  2762  566240.00  2337520.00  21.137697  105.637936   -7.9349  -12.4143
   219  1002  2768  539870.00  2337460.00  21.137921  105.383980   -8.0710  -16.8905
   220  1050  2786  540350.00  2337280.00  21.136284  105.388598  -11.6574  -12.9021
   221  3414  2792  563990.00  2337220.00  21.135066  105.616257   -6.0946  -12.3265
   222   456  2798  534410.00  2337160.00  21.135321  105.331390   -8.4575  -11.6894
   223  2355  2822  553400.00  2336920.00  21.132696  105.514264   -7.8586  -15.3412
   224  1044  2834  540290.00  2336800.00  21.131948  105.388009  -10.0999  -15.5899
   225   345  2834  533300.00  2336800.00  21.132089  105.320693  -15.5205  -18.8863
   226  1593  2834  545780.00  2336800.00  21.131819  105.440879  -13.0993  -15.4104
   227   648  2837  536330.00  2336770.00  21.131760  105.349873   -7.5908  -13.9696
   228   516  2846  535010.00  2336680.00  21.130973  105.337159   -9.1336  -15.7288
   229   501  2858  534860.00  2336560.00  21.129891  105.335712   -7.3223  -15.7791
   230  3906  2864  568910.00  2336500.00  21.128382  105.663608   -5.8163  -12.4687
   231   309  2870  532940.00  2336440.00  21.128843  105.317220   -4.6209  -10.8963
   232   420  2879  534050.00  2336350.00  21.128009  105.327907  -11.1638  -17.2892
   233  6057  2879  590420.00  2336350.00  21.126089  105.870727   -6.9207   -8.6787
   234  3492  2903  564770.00  2336110.00  21.125010  105.623727   -7.4600  -13.6929
   235  1413  2909  543980.00  2336050.00  21.125087  105.423525   -9.2862  -17.2676
   236  1857  2912  548420.00  2336020.00  21.124703  105.466280  -10.8688  -11.5902
   237   684  2927  536690.00  2335870.00  21.123621  105.353320   -8.9056  -14.4695
   238  3552  2930  565370.00  2335840.00  21.122549  105.629494  -10.4669  -16.0799
   239  1653  2960  546380.00  2335540.00  21.120419  105.446623  -12.9112  -15.0785
   240   570  2963  535550.00  2335510.00  21.120391  105.342335  -11.3638  -23.2513
   241   867  2963  538520.00  2335510.00  21.120331  105.370934  -12.7618  -18.1944
   242   441  2981  534260.00  2335330.00  21.118789  105.329909   -6.9541   -9.9214
   243  1539  3002  545240.00  2335120.00  21.116653  105.435634   -7.7224  -13.1220
   244  5457  3002  584420.00  2335120.00  21.115264  105.812892   -8.6086  -19.3890
   245  1533  3005  545180.00  2335090.00  21.116383  105.435056   -9.8528  -16.3754
   246   441  3008  534260.00  2335060.00  21.116350  105.329904   -7.2918  -10.0110
   247   405  3011  533900.00  2335030.00  21.116085  105.326437  -11.8196  -13.7987
   248   399  3017  533840.00  2334970.00  21.115544  105.325858   -8.1414  -13.8627
   249  4767  3044  577520.00  2334700.00  21.111775  105.746437   -8.5690  -15.2270
   250   438  3050  534230.00  2334640.00  21.112555  105.329606   -9.2333  -13.2641
   251   816  3056  538010.00  2334580.00  21.111939  105.366003   -7.9722  -11.3646
   252   960  3059  539450.00  2334550.00  21.111637  105.379868   -5.2789  -18.0166
   253  2001  3059  549860.00  2334550.00  21.111383  105.480104  -10.6529  -14.9085
   254  1794  3062  547790.00  2334520.00  21.111167  105.460172   -6.1861  -14.4597
   255   972  3071  539570.00  2334430.00  21.110550  105.381021   -7.6607  -13.5711
   256   456  3077  534410.00  2334370.00  21.110112  105.331334   -9.0894  -13.1096
   257   423  3080  534080.00  2334340.00  21.109848  105.328156   -8.2123  -13.5988
   258   435  3083  534200.00  2334310.00  21.109574  105.329311   -6.8501  -13.4388
   259  5472  3098  584570.00  2334160.00  21.106583  105.814289  -12.9159  -14.2205
   260  5628  3104  586130.00  2334100.00  21.105968  105.829306   -6.1017  -12.9739
   261  1830  3107  548150.00  2334070.00  21.107092  105.463626   -6.8478  -16.9621
   262   675  3113  536600.00  2334010.00  21.106817  105.352414   -4.8021  -11.0616
   263   675  3125  536600.00  2333890.00  21.105733  105.352411   -7.3550  -12.5142
   264   768  3137  537530.00  2333770.00  21.104630  105.361363   -6.1159  -11.8563
   265  1011  3155  539960.00  2333590.00  21.102952  105.384756   -8.3139  -10.4087
   266  1518  3161  545030.00  2333530.00  21.102292  105.433570  -11.0189  -17.0456
   267  1833  3164  548180.00  2333500.00  21.101941  105.463898   -8.6469  -14.4219
   268  4062  3167  570470.00  2333470.00  21.100947  105.678506   -6.4670  -13.6966
   269  1026  3173  540110.00  2333410.00  21.101322  105.386196  -15.4929  -18.6401
   270   729  3173  537140.00  2333410.00  21.101385  105.357600  -11.4255  -14.1905
   271   648  3182  536330.00  2333320.00  21.100588  105.349799  -10.1239  -10.8818
   272  4083  3185  570680.00  2333290.00  21.099313  105.680520  -10.5689  -14.1584
   273  3840  3191  568250.00  2333230.00  21.098863  105.657122   -9.0726  -14.5769
   274   645  3191  536300.00  2333230.00  21.099776  105.349509   -1.0753  -10.0670
   275   708  3194  536930.00  2333200.00  21.099492  105.355574  -12.2018  -11.4310
   276  1059  3203  540440.00  2333110.00  21.098605  105.389367  -14.7725  -17.2830
   277  3924  3224  569090.00  2332900.00  21.095850  105.665196  -10.0474  -16.1446
   278   843  3227  538280.00  2332870.00  21.096483  105.368565  -10.5018  -14.6873
   279  1230  3227  542150.00  2332870.00  21.096397  105.405825  -11.0303  -15.3506
   280  1233  3230  542180.00  2332840.00  21.096126  105.406113   -8.7192  -14.4277
   281   393  3236  533780.00  2332780.00  21.095758  105.325237  -11.3849  -17.0040
   282   714  3239  536990.00  2332750.00  21.095425  105.356142  -11.9287  -18.3608
   283   465  3239  534500.00  2332750.00  21.095473  105.332168  -11.5270  -14.9022
   284   474  3245  534590.00  2332690.00  21.094930  105.333034  -14.4365  -18.5187
   285   792  3245  537770.00  2332690.00  21.094867  105.363650   -8.4405  -12.2441
   286  5697  3248  586820.00  2332660.00  21.092926  105.835876  -10.4617  -15.1732
   287   435  3248  534200.00  2332660.00  21.094666  105.329278   -5.5408  -12.2344
   288   819  3251  538040.00  2332630.00  21.094319  105.366248   -8.9468  -11.7843
   289   699  3254  536840.00  2332600.00  21.094073  105.354694    0.0844   -4.4498
   290   654  3254  536390.00  2332600.00  21.094082  105.350362    0.3818   -5.3303
   291   972  3254  539570.00  2332600.00  21.094016  105.380978  -16.9896  -19.9210
   292  1323  3260  543080.00  2332540.00  21.093394  105.414770  -15.8574  -21.3898
   293   993  3260  539780.00  2332540.00  21.093469  105.382999  -10.8771  -17.8431
   294   699  3260  536840.00  2332540.00  21.093530  105.354693    5.5159   -3.0944
   295  1725  3263  547100.00  2332510.00  21.093024  105.453473   -7.4168  -16.6944
   296   630  3263  536150.00  2332510.00  21.093273  105.348049   -9.4635  -16.2344
   297   651  3275  536360.00  2332390.00  21.092185  105.350069   -3.9315  -12.1108
   298   771  3275  537560.00  2332390.00  21.092160  105.361622  -12.0901  -21.3268
   299  3555  3281  565400.00  2332330.00  21.090835  105.629649   -7.8583  -16.7010
   300  4968  3287  579530.00  2332270.00  21.089734  105.765677  -10.9392  -14.5222
   301   561  3287  535460.00  2332270.00  21.091118  105.341401  -11.1988  -20.6616
   302   867  3287  538520.00  2332270.00  21.091056  105.370862   -1.3732  -10.0910
   303   735  3290  537200.00  2332240.00  21.090813  105.358153  -11.1498  -14.9542
   304   687  3290  536720.00  2332240.00  21.090822  105.353531   -7.3810  -11.8121
   305   588  3296  535730.00  2332180.00  21.090300  105.343999   -9.3976  -13.2881
   306  1551  3299  545360.00  2332150.00  21.089815  105.436711   -5.9775  -16.0145
   307   594  3302  535790.00  2332120.00  21.089756  105.344575   -8.2567  -12.6223
   308  1086  3305  540710.00  2332090.00  21.089383  105.391942   -2.4527   -8.5418
   309  6306  3308  592910.00  2332060.00  21.087206  105.894471   -8.8248  -14.7368
   310   576  3311  535610.00  2332030.00  21.088947  105.342840   -7.1171  -12.6922
   311  1095  3311  540800.00  2332030.00  21.088838  105.392807  -11.8636  -16.0059
   312  1242  3317  542270.00  2331970.00  21.088263  105.406958   -8.6711  -18.0780
   313  6384  3317  593690.00  2331970.00  21.086354  105.901974   -8.0190  -14.9615
   314  1116  3323  541010.00  2331910.00  21.087749  105.394826   -7.5881  -12.8198
   315  4662  3323  576470.00  2331910.00  21.086612  105.736203   -8.5836  -14.9945
   316  6390  3329  593750.00  2331850.00  21.085266  105.902545   -7.4301  -13.4893
   317   834  3329  538190.00  2331850.00  21.087268  105.367675   -8.7767  -14.5424
   318   777  3332  537620.00  2331820.00  21.087009  105.362187  -13.4641  -15.6744
   319   699  3332  536840.00  2331820.00  21.087025  105.354678   -2.6342   -8.3193
   320   564  3341  535490.00  2331730.00  21.086238  105.341679   -4.0988  -10.9070
   321   942  3341  539270.00  2331730.00  21.086161  105.378070  -13.1224  -22.5313
   322  6336  3344  593210.00  2331700.00  21.083939  105.897339   -8.8814  -16.4190
   323   981  3344  539660.00  2331700.00  21.085882  105.381824  -12.0716  -18.6039
   324   903  3344  538880.00  2331700.00  21.085898  105.374315   -8.5243  -12.2980
   325  6759  3347  597440.00  2331670.00  21.083447  105.938056   -6.2903  -13.4735
   326  1644  3350  546290.00  2331640.00  21.085184  105.445651   -9.0703  -14.0570
   327   978  3353  539630.00  2331610.00  21.085069  105.381533  -14.0815  -18.6844
   328   924  3353  539090.00  2331610.00  21.085081  105.376334   -6.3195  -11.3602
   329  1353  3356  543380.00  2331580.00  21.084713  105.417634  -10.8376  -18.1485
   330   507  3356  534920.00  2331580.00  21.084894  105.336188   -6.2803  -13.1071
   331   819  3356  538040.00  2331580.00  21.084832  105.366225  -10.7268  -15.9751
   332  1056  3359  540410.00  2331550.00  21.084510  105.389041  -11.2770  -17.7412
   333   555  3359  535400.00  2331550.00  21.084614  105.340809   -8.6450  -12.8368
   334   957  3362  539420.00  2331520.00  21.084261  105.379509   -9.5034  -12.1893
   335   735  3365  537200.00  2331490.00  21.084036  105.358136  -10.7974  -13.5167
   336   927  3368  539120.00  2331460.00  21.083725  105.376620  -11.2048  -16.2636
   337  1368  3368  543530.00  2331460.00  21.083625  105.419075   -9.0923  -21.2646
   338   786  3371  537710.00  2331430.00  21.083483  105.363045  -15.4291  -17.2600
   339   813  3377  537980.00  2331370.00  21.082936  105.365643  -12.1726  -12.1733
   340   474  3377  534590.00  2331370.00  21.083003  105.333007   -5.0490  -15.7115
   341  1056  3377  540410.00  2331370.00  21.082884  105.389037   -7.8132  -13.6975
   342  1050  3380  540350.00  2331340.00  21.082614  105.388458   -9.3231  -12.3690
   343   855  3383  538400.00  2331310.00  21.082385  105.369685   -5.6550  -11.9499
   344  4491  3386  574760.00  2331280.00  21.080990  105.719713   -8.5759  -11.3823
   345  1896  3389  548810.00  2331250.00  21.081595  105.469900  -11.1412  -10.8492
   346  2190  3389  551750.00  2331250.00  21.081514  105.498203   -8.5172  -17.5524
   347   792  3389  537770.00  2331250.00  21.081856  105.363619   -6.3655  -12.1965
   348   489  3392  534740.00  2331220.00  21.081645  105.334448   -7.2657  -16.4554
   349  4728  3392  577130.00  2331220.00  21.080350  105.742525   -7.8620  -14.7458
   350   927  3395  539120.00  2331190.00  21.081285  105.376614   -9.1041  -12.5991
   351   855  3395  538400.00  2331190.00  21.081301  105.369682   -9.0816  -12.3080
   352   855  3407  538400.00  2331070.00  21.080216  105.369680  -11.1053  -17.9859
   353   492  3410  534770.00  2331040.00  21.080018  105.334733  -10.0015  -10.6028
   354   666  3410  536510.00  2331040.00  21.079984  105.351484   -8.5506   -9.8519
   355   543  3419  535280.00  2330950.00  21.079195  105.339641   -4.9955  -11.8430
   356   630  3422  536150.00  2330920.00  21.078907  105.348016   -7.5490  -12.9668
   357  5091  3422  580760.00  2330920.00  21.077483  105.777454   -6.3522  -14.1887
   358  1011  3422  539960.00  2330920.00  21.078828  105.384694  -11.6531  -15.8645
   359  1185  3431  541700.00  2330830.00  21.077976  105.401443   -6.8848  -10.5262
   360   603  3437  535880.00  2330770.00  21.077557  105.345413   -7.2737  -16.6327
   361   858  3440  538430.00  2330740.00  21.077234  105.369961   -8.7651  -14.3956
   362  1503  3446  544880.00  2330680.00  21.076545  105.432052  -10.7350  -16.3336
   363   636  3452  536210.00  2330620.00  21.076195  105.348587   -9.8859  -10.8257
   364  1500  3452  544850.00  2330620.00  21.076004  105.431761   -8.8425  -11.3309
   365   819  3455  538040.00  2330590.00  21.075887  105.366203   -3.3500  -11.1144
   366  1056  3455  540410.00  2330590.00  21.075836  105.389018  -18.7752  -21.3388
   367  1071  3458  540560.00  2330560.00  21.075562  105.390462   -4.2024   -9.6226
   368   867  3464  538520.00  2330500.00  21.075064  105.370822   -8.4984  -17.2833
   369   648  3464  536330.00  2330500.00  21.075108  105.349740   -2.8260  -10.0208
   370   651  3464  536360.00  2330500.00  21.075108  105.350029   -0.6296   -9.4188
   371   702  3467  536870.00  2330470.00  21.074827  105.354938  -10.3102  -14.3278
   372  4860  3473  578450.00  2330410.00  21.072976  105.755195   -7.9515  -13.2409
   373  1077  3476  540620.00  2330380.00  21.073934  105.391035  -13.4763  -19.1872
   374   696  3479  536810.00  2330350.00  21.073744  105.354357    0.2057   -4.1019
   375  4998  3479  579830.00  2330350.00  21.072374  105.768476   -6.1707  -13.6197
   376   522  3482  535070.00  2330320.00  21.073507  105.337607   -6.0606  -10.6353
   377  1077  3482  540620.00  2330320.00  21.073392  105.391034  -11.0501  -14.5320
   378   621  3485  536060.00  2330290.00  21.073216  105.347136   -4.2371  -13.9258
   379   876  3488  538610.00  2330260.00  21.072893  105.371683  -10.8312  -17.7572
   380  4803  3488  577880.00  2330260.00  21.071645  105.749701   -8.4267  -13.2263
   381   867  3491  538520.00  2330230.00  21.072624  105.370816  -12.0476  -19.3373
   382  3765  3494  567500.00  2330200.00  21.071515  105.649783   -7.2041  -14.4382
   383   768  3503  537530.00  2330110.00  21.071560  105.361283   -9.0758  -15.7630
   384  5727  3503  587120.00  2330110.00  21.069874  105.838635   -8.3977  -18.6274
   385  5754  3506  587390.00  2330080.00  21.069590  105.841232   -7.7684  -10.5596
   386  5010  3506  579950.00  2330080.00  21.069929  105.769618  -12.5423  -13.6073
   387   669  3509  536540.00  2330050.00  21.071038  105.351752    5.5338   -2.7837
   388   645  3509  536300.00  2330050.00  21.071043  105.349442   -3.1533   -9.3811
   389   534  3515  535190.00  2329990.00  21.070523  105.338755   -7.1518  -12.3578
   390  2004  3515  549890.00  2329990.00  21.070181  105.480261  -10.3413  -18.2906
   391  4836  3518  578210.00  2329960.00  21.068920  105.752864   -9.8243  -15.6428
   392  1155  3524  541400.00  2329900.00  21.069580  105.398532   -9.9611  -16.3268
   393   627  3530  536120.00  2329840.00  21.069149  105.347704   -2.6753  -10.1854
   394  3867  3530  568520.00  2329840.00  21.068224  105.659587   -6.4897  -15.2110
   395   552  3530  535370.00  2329840.00  21.069164  105.340485   -4.2568  -10.0074
   396  2031  3533  550160.00  2329810.00  21.068548  105.482855   -9.7458  -13.0981
   397  3819  3536  568040.00  2329780.00  21.067700  105.654964   -5.0258  -17.5862
   398   669  3542  536540.00  2329720.00  21.068057  105.351745   -4.6420  -10.1324
   399  1101  3545  540860.00  2329690.00  21.067694  105.393329   -8.5580  -17.2977
   400  5928  3545  589130.00  2329690.00  21.065982  105.857960  -13.4155  -15.6913
   401   870  3548  538550.00  2329660.00  21.067473  105.371092   -9.0761  -13.0825
   402   558  3548  535430.00  2329660.00  21.067536  105.341059   -2.3430  -10.5114
   403  1776  3548  547610.00  2329660.00  21.067260  105.458304  -10.6097  -17.0400
   404  2832  3551  558170.00  2329630.00  21.066684  105.559952   -6.9659  -16.4836
   405  1788  3551  547730.00  2329630.00  21.066986  105.459458   -9.6748  -19.2540
   406   315  3551  533000.00  2329630.00  21.067311  105.317666   -9.5769  -14.9699
   407   852  3554  538370.00  2329600.00  21.066935  105.369358   -8.7827  -12.1038
   408  1149  3554  541340.00  2329600.00  21.066870  105.397947  -11.8218  -16.6978
   409   858  3560  538430.00  2329540.00  21.066392  105.369934   -6.4945  -15.7179
   410  1032  3560  540170.00  2329540.00  21.066354  105.386684   -5.6625  -12.4334
   411  5619  3563  586040.00  2329510.00  21.064504  105.828209   -6.0806  -10.1390
   412   753  3572  537380.00  2329420.00  21.065329  105.359824   -1.1428   -7.0952
   413   957  3578  539420.00  2329360.00  21.064744  105.379460   -8.4986  -16.4572
   414   867  3578  538520.00  2329360.00  21.064763  105.370797  -11.2762  -16.6165
   415  2559  3584  555440.00  2329300.00  21.063788  105.533663   -6.3349  -14.2685
   416   750  3587  537350.00  2329270.00  21.063974  105.359532    0.9803   -6.9559
   417   936  3590  539210.00  2329240.00  21.063664  105.377436  -11.3664  -15.1937
   418   729  3590  537140.00  2329240.00  21.063708  105.357510   -3.8858   -9.1902
   419   963  3593  539480.00  2329210.00  21.063388  105.380034   -6.9323  -17.2273
   420  3828  3599  568130.00  2329150.00  21.062005  105.655805   -9.9374  -14.2209
   421   603  3599  535880.00  2329150.00  21.062919  105.345380   -4.1352   -7.7917
   422  4839  3599  578240.00  2329150.00  21.061601  105.753116  -11.9434  -16.4600
   423   780  3602  537650.00  2329120.00  21.062613  105.362417  -14.0687  -23.4914
   424   951  3602  539360.00  2329120.00  21.062577  105.378877  -10.3760  -20.0196
   425   873  3605  538580.00  2329090.00  21.062323  105.371368  -11.9057  -16.1072
   426  1506  3605  544910.00  2329090.00  21.062178  105.432299  -14.1014  -17.7672
   427  3159  3605  561440.00  2329090.00  21.061699  105.591409   -7.7333  -14.5655
   428   867  3605  538520.00  2329090.00  21.062324  105.370791  -11.6059  -15.8449
   429   849  3608  538340.00  2329060.00  21.062056  105.369057   -9.7640  -18.2025
   430  1485  3608  544700.00  2329060.00  21.061912  105.430277   -6.2039  -18.7968
   431   639  3611  536240.00  2329030.00  21.061828  105.348842   -2.5279   -8.8457
   432   786  3611  537710.00  2329030.00  21.061798  105.362992   -8.9383  -12.5899
   433   918  3611  539030.00  2329030.00  21.061771  105.375698   -8.0448  -14.7673
   434   798  3614  537830.00  2329000.00  21.061525  105.364147  -14.7330  -18.9680
   435  4761  3617  577460.00  2328970.00  21.060008  105.745601   -8.9234  -11.1564
   436  1746  3623  547310.00  2328910.00  21.060492  105.455396   -8.3631  -16.8648
   437  4770  3623  577550.00  2328910.00  21.059462  105.746464   -6.9354  -13.8082
   438  4851  3629  578360.00  2328850.00  21.058885  105.754258   -8.5380  -14.1540
   439   966  3635  539510.00  2328790.00  21.059592  105.380313   -7.8017  -11.0989
   440   468  3635  534530.00  2328790.00  21.059693  105.332378  -12.1231  -18.8375
   441   648  3635  536330.00  2328790.00  21.059658  105.349704   -1.6874   -9.1631
   442  4833  3638  578180.00  2328760.00  21.058080  105.752521   -6.3011  -14.6276
   443   441  3638  534260.00  2328760.00  21.059427  105.329778   -6.2576  -12.2359
   444   537  3641  535220.00  2328730.00  21.059137  105.339018   -8.2636  -14.2387
   445   918  3641  539030.00  2328730.00  21.059060  105.375691  -15.4589  -15.1821
   446   663  3641  536480.00  2328730.00  21.059113  105.351146   -1.6010   -3.7971
   447  1080  3644  540650.00  2328700.00  21.058754  105.391284  -10.8658  -14.2353
   448  5001  3647  579860.00  2328670.00  21.057194  105.768687  -12.4150  -15.5553
   449   414  3650  533990.00  2328640.00  21.058347  105.327177   -0.5068   -6.1399
   450   450  3656  534350.00  2328580.00  21.057799  105.330641    0.7133   -6.3775
   451   264  3656  532490.00  2328580.00  21.057832  105.312737   -7.8789  -12.2831
   452  4842  3656  578270.00  2328580.00  21.056450  105.753379   -7.0691  -12.8689
   453   954  3659  539390.00  2328550.00  21.057426  105.379153  -10.5239  -17.5830
   454   729  3665  537140.00  2328490.00  21.056931  105.357494    0.4161   -5.4431
   455   663  3668  536480.00  2328460.00  21.056673  105.351141   -1.6497  -10.3766
   456  2127  3677  551120.00  2328370.00  21.055510  105.492053   -9.7989  -14.7868
   457  2130  3686  551150.00  2328280.00  21.054696  105.492339  -11.6804  -14.8424
   458   783  3686  537680.00  2328280.00  21.055023  105.362687    4.7702   -4.1913
   459  1707  3695  546920.00  2328190.00  21.053996  105.451622   -8.3867  -12.8782
   460   210  3695  531950.00  2328190.00  21.054318  105.307532   -9.4524  -19.0902
   461   975  3695  539600.00  2328190.00  21.054169  105.381166   -5.4003  -12.1073
   462   537  3698  535220.00  2328160.00  21.053987  105.339006   -7.1644  -14.1553
   463   693  3698  536780.00  2328160.00  21.053957  105.354022   -1.9571  -11.6965
   464   735  3701  537200.00  2328130.00  21.053677  105.358064   -0.8345   -6.7653
   465   606  3704  535910.00  2328100.00  21.053432  105.345647   -1.6905  -10.0536
   466   747  3707  537320.00  2328070.00  21.053132  105.359217    1.2490   -7.4735
   467   876  3710  538610.00  2328040.00  21.052835  105.371633  -10.6826  -17.9299
   468   741  3716  537260.00  2327980.00  21.052321  105.358638    1.1623   -6.7384
   469   600  3716  535850.00  2327980.00  21.052349  105.345067   -9.4015  -13.0691
   470  1053  3719  540380.00  2327950.00  21.051983  105.388668  -13.3839  -16.9624
   471   918  3722  539030.00  2327920.00  21.051742  105.375673  -20.8943  -26.7890
   472  1050  3722  540350.00  2327920.00  21.051713  105.388378   -9.5403  -15.9209
   473   939  3728  539240.00  2327860.00  21.051195  105.377693  -10.5157  -16.7279
   474  2226  3728  552110.00  2327860.00  21.050874  105.501566  -10.0453  -13.2718
   475   840  3731  538250.00  2327830.00  21.050945  105.368164  -14.9396  -19.6741
   476   627  3731  536120.00  2327830.00  21.050988  105.347662  -12.9958  -19.5117
   477   396  3731  533810.00  2327830.00  21.051032  105.325428   -7.8613  -14.5037
   478   504  3734  534890.00  2327800.00  21.050741  105.335823   -0.9349   -8.7532
   479   945  3734  539300.00  2327800.00  21.050652  105.378269   -8.4690  -17.0642
   480   681  3737  536660.00  2327770.00  21.050435  105.352858   -8.6975  -17.4096
   481  1080  3737  540650.00  2327770.00  21.050351  105.391262  -11.5035  -18.7689
   482  1686  3737  546710.00  2327770.00  21.050207  105.449589   -8.9329  -14.3539
   483  4890  3737  578750.00  2327770.00  21.049111  105.757962   -8.1015  -14.9818
   484  2385  3737  553700.00  2327770.00  21.050015  105.516867   -7.6112  -14.0712
   485  6852  3743  598370.00  2327710.00  21.047622  105.946782   -7.0612  -11.3116
   486  6849  3749  598340.00  2327650.00  21.047081  105.946490   -3.5204  -14.7367
   487  1035  3752  540200.00  2327620.00  21.049006  105.386927   -9.0103  -15.4839
   488   849  3755  538340.00  2327590.00  21.048774  105.369024   -3.6150  -17.3568
   489  1071  3755  540560.00  2327590.00  21.048727  105.390392  -16.9618  -20.2347
   490  4845  3758  578300.00  2327560.00  21.047233  105.753621   -9.4318  -10.7163
   491   717  3758  537020.00  2327560.00  21.048530  105.356319   -1.2697   -5.3827
   492  6858  3761  598430.00  2327530.00  21.045992  105.947349   -7.8463  -13.8872
   493   822  3761  538070.00  2327530.00  21.048238  105.366424    1.0028   -5.8145
   494  1050  3761  540350.00  2327530.00  21.048189  105.388369  -12.3177  -17.0547
   495   558  3764  535430.00  2327500.00  21.048020  105.341014   -4.1261   -6.0793
   496   717  3770  537020.00  2327440.00  21.047446  105.356316   -3.6976  -11.8272
   497  2472  3773  554570.00  2327410.00  21.046737  105.525229   -7.0926  -17.7279
   498   927  3776  539120.00  2327380.00  21.046861  105.376527  -11.7512  -18.1578
   499  1347  3776  543320.00  2327380.00  21.046766  105.416951  -10.8928  -18.7782
   500   954  3779  539390.00  2327350.00  21.046584  105.379125   -8.3755  -17.3727
   501  1152  3779  541370.00  2327350.00  21.046540  105.398182   -7.4572  -13.3894
   502   906  3782  538910.00  2327320.00  21.046323  105.374505  -13.1101  -21.1843
   503  1689  3785  546740.00  2327290.00  21.045869  105.449865  -12.5673  -15.6961
   504  1206  3788  541910.00  2327260.00  21.045715  105.403377   -6.9098  -14.7231
   505   870  3788  538550.00  2327260.00  21.045788  105.371038  -16.5911  -21.4878
   506   900  3788  538850.00  2327260.00  21.045782  105.373926  -12.7414  -18.8485
   507   903  3791  538880.00  2327230.00  21.045510  105.374214  -14.0692  -20.6228
   508  1206  3791  541910.00  2327230.00  21.045444  105.403377   -9.9524  -15.5615
   509  1197  3791  541820.00  2327230.00  21.045446  105.402510   -9.3816  -16.0202
   510  1281  3794  542660.00  2327200.00  21.045155  105.410594   -7.0212  -11.6669
   511   933  3794  539180.00  2327200.00  21.045233  105.377101   -8.7988  -16.1525
   512  1167  3803  541520.00  2327110.00  21.044368  105.399620   -0.2146   -8.2279
   513   840  3806  538250.00  2327080.00  21.044168  105.368147    1.8901   -6.3153
   514  1089  3806  540740.00  2327080.00  21.044115  105.392112   -5.7786  -14.3322
   515   567  3806  535520.00  2327080.00  21.044223  105.341872   -0.5876   -8.2141
   516  1041  3809  540260.00  2327050.00  21.043854  105.387492   -8.8797  -14.7616
   517  2382  3809  553670.00  2327050.00  21.043511  105.516556   -7.8331  -12.4893
   518   825  3809  538100.00  2327050.00  21.043900  105.366703   -4.1034   -8.7858
   519   474  3809  534590.00  2327050.00  21.043970  105.332920   -1.8633   -7.6848
   520  1281  3812  542660.00  2327020.00  21.043529  105.410590  -10.8914  -17.7129
   521  6729  3812  597140.00  2327020.00  21.041454  105.934906   -6.5018  -18.2115
   522  2625  3812  556100.00  2327020.00  21.043167  105.539942  -10.1732  -16.6839
   523   537  3815  535220.00  2326990.00  21.043416  105.338982   -7.2982   -9.6133
   524  6861  3815  598460.00  2326990.00  21.041112  105.947607  -10.6804  -16.8830
   525  1179  3818  541640.00  2326960.00  21.043010  105.400771   -4.8098  -10.9583
   526  3825  3818  568100.00  2326960.00  21.042219  105.655430  -12.0690  -16.9326
   527  1647  3821  546320.00  2326930.00  21.042627  105.445813   -9.5176  -17.9174
   528   543  3821  535280.00  2326930.00  21.042872  105.339559   -7.5197   -9.1251
   529   501  3827  534860.00  2326870.00  21.042338  105.335515   -4.6462  -10.8066
   530   636  3830  536210.00  2326840.00  21.042041  105.348508   -2.1691  -13.5107
   531  1266  3830  542510.00  2326840.00  21.041906  105.409142   -7.4492  -13.7110
   532   519  3830  535040.00  2326840.00  21.042064  105.337247   -4.6297  -10.2630
   533   603  3833  535880.00  2326810.00  21.041777  105.345331   -2.2591  -12.6475
   534   579  3836  535640.00  2326780.00  21.041510  105.343020  -10.2189  -17.8076
   535  1083  3836  540680.00  2326780.00  21.041405  105.391528   -2.3086   -7.5707
   536  2148  3842  551330.00  2326720.00  21.040596  105.494025  -11.8755  -11.5032
   537  1302  3845  542870.00  2326690.00  21.040542  105.412603  -10.6498  -14.4094
   538   612  3845  535970.00  2326690.00  21.040691  105.346195   -5.6693  -15.2154
   539  1767  3848  547520.00  2326660.00  21.040157  105.457355   -7.9171  -11.3063
   540  1998  3848  549830.00  2326660.00  21.040095  105.479587   -7.1972  -14.1130
   541  3963  3851  569480.00  2326630.00  21.039186  105.668698   -8.7712  -16.0515
   542   777  3857  537620.00  2326570.00  21.039573  105.362072   -4.9785  -11.3647
   543  3945  3860  569300.00  2326540.00  21.038379  105.666962   -9.2484  -16.0856
   544  3993  3869  569780.00  2326450.00  21.037548  105.671578   -7.2736  -10.8966
   545   675  3869  536600.00  2326450.00  21.038510  105.352253  -12.2350  -18.8577
   546  1686  3869  546710.00  2326450.00  21.038280  105.449554   -7.0435  -13.1196
   547  1086  3872  540710.00  2326420.00  21.038152  105.391808   -9.6482  -12.7972
   548  1206  3872  541910.00  2326420.00  21.038125  105.403357  -11.1363  -13.1169
   549   969  3875  539540.00  2326390.00  21.037906  105.380547   -9.9440  -15.4860
   550   261  3875  532460.00  2326390.00  21.038045  105.312407  -12.8120  -16.9012
   551  1182  3875  541670.00  2326390.00  21.037859  105.401046   -8.4940  -15.9341
   552   276  3881  532610.00  2326330.00  21.037501  105.313850  -12.5777  -21.5337
   553  1119  3881  541040.00  2326330.00  21.037331  105.394982  -15.8534  -15.2471
   554   978  3881  539630.00  2326330.00  21.037362  105.381412  -10.9760  -19.7088
   555  1137  3881  541220.00  2326330.00  21.037327  105.396714   -9.0463  -16.3089
   556  1176  3884  541610.00  2326300.00  21.037048  105.400467   -9.9802  -13.2455
   557  2238  3887  552230.00  2326270.00  21.036505  105.502673   -8.8241  -12.5054
   558  1206  3890  541910.00  2326240.00  21.036499  105.403352  -12.0475  -15.6455
   559   147  3893  531320.00  2326210.00  21.036439  105.301432  -10.8120  -17.1926
   560   339  3893  533240.00  2326210.00  21.036405  105.319911   -9.6078  -15.0325
   561  1773  3896  547580.00  2326180.00  21.035818  105.457919   -7.5282  -13.6244
   562  1212  3905  541970.00  2326090.00  21.035142  105.403926   -7.9005  -14.3519
   563   633  3905  536180.00  2326090.00  21.035265  105.348203   -6.4050  -12.3390
   564  2241  3905  552260.00  2326090.00  21.034878  105.502956  -11.2413  -14.7883
   565  1017  3908  540020.00  2326060.00  21.034914  105.385159   -3.5199  -12.8454
   566   729  3914  537140.00  2326000.00  21.034433  105.357440   -1.5885   -8.8943
   567  1944  3914  549290.00  2326000.00  21.034147  105.474371   -8.3529  -14.7109
   568  1218  3914  542030.00  2326000.00  21.034327  105.404501  -13.5434  -14.9375
   569  1149  3917  541340.00  2325970.00  21.034072  105.397860  -10.6309  -18.8624
   570  4014  3920  569990.00  2325940.00  21.032932  105.673578   -7.3417  -22.1033
   571   924  3920  539090.00  2325940.00  21.033850  105.376206   -7.2757  -11.4497
   572   240  3920  532250.00  2325940.00  21.033983  105.310378  -12.7501  -20.0729
   573  3969  3920  569540.00  2325940.00  21.032949  105.669247  -12.2225  -13.7841
   574  4044  3923  570290.00  2325910.00  21.032650  105.676464   -8.1278  -12.4769
   575   963  3929  539480.00  2325850.00  21.033029  105.379957  -12.0795  -16.1421
   576  2865  3929  558500.00  2325850.00  21.032521  105.563001   -7.3927  -15.8213
   577   498  3932  534830.00  2325820.00  21.032852  105.335205   -5.2053  -17.9838
   578   804  3932  537890.00  2325820.00  21.032791  105.364654   -7.9960  -14.9661
   579   738  3932  537230.00  2325820.00  21.032805  105.358303  -10.6651  -16.5668
   580  1176  3935  541610.00  2325790.00  21.032439  105.400454  -12.2862  -18.8047
   581  4104  3938  570890.00  2325760.00  21.031271  105.682232   -7.4114  -15.3195
   582   822  3944  538070.00  2325700.00  21.031703  105.366384   -5.6402  -14.9997
   583   897  3944  538820.00  2325700.00  21.031687  105.373602   -9.7452  -12.6588
   584   960  3947  539450.00  2325670.00  21.031403  105.379664  -14.0214  -12.1901
   585  1149  3947  541340.00  2325670.00  21.031361  105.397853  -10.9053  -18.7111
   586   735  3953  537200.00  2325610.00  21.030908  105.358009  -15.9972  -19.5491
   587   522  3959  535070.00  2325550.00  21.030408  105.337509  -10.0584  -15.0816
   588  1323  3959  543080.00  2325550.00  21.030237  105.414595   -8.1231  -13.9202
   589   714  3959  536990.00  2325550.00  21.030370  105.355987   -4.7560  -12.9966
   590   738  3962  537230.00  2325520.00  21.030094  105.358296  -16.1990  -20.9975
   591  4086  3962  570710.00  2325520.00  21.029110  105.680490   -9.6165  -15.4512
   592   789  3965  537740.00  2325490.00  21.029812  105.363204   -5.6180  -14.5702
   593  4008  3968  569930.00  2325460.00  21.028598  105.672981   -7.3038  -14.3441
   594   939  3968  539240.00  2325460.00  21.029510  105.377638   -1.0793   -6.8048
   595   972  3968  539570.00  2325460.00  21.029503  105.380814   -4.8580   -9.5277
   596  4020  3968  570050.00  2325460.00  21.028593  105.674136   -7.5456  -15.2302
   597   912  3977  538970.00  2325370.00  21.028703  105.375038   -2.8856   -7.2238
   598   996  3983  539810.00  2325310.00  21.028142  105.383120   -2.5744   -7.7065
   599  1035  3983  540200.00  2325310.00  21.028134  105.386874   -8.9820  -14.4805
   600   780  3989  537650.00  2325250.00  21.027646  105.362332   -6.8915  -13.3997
   601  2214  3989  551990.00  2325250.00  21.027296  105.500333  -12.2120  -18.0408
   602  1038  3992  540230.00  2325220.00  21.027320  105.387160   -7.4651  -15.2080
   603  1182  3995  541670.00  2325190.00  21.027017  105.401017  -12.1287  -17.9729
   604  1050  3998  540350.00  2325160.00  21.026775  105.388314   -7.6370  -13.0475
   605   804  4001  537890.00  2325130.00  21.026557  105.364639  -10.1486  -12.2190
   606  2160  4001  551450.00  2325130.00  21.026227  105.495132  -12.5064  -19.6273
   607   861  4004  538460.00  2325100.00  21.026274  105.370124   -6.1665  -11.2541
   608   888  4004  538730.00  2325100.00  21.026268  105.372722   -1.8483  -10.9852
   609  1053  4004  540380.00  2325100.00  21.026233  105.388601   -8.9330  -12.4209
   610  3015  4007  560000.00  2325070.00  21.025425  105.577409   -8.9812  -15.6712
   611  3084  4013  560690.00  2325010.00  21.024860  105.584047  -10.7426  -19.3249
   612  1131  4019  541160.00  2324950.00  21.024860  105.396104  -10.6825  -16.1503
   613   912  4019  538970.00  2324950.00  21.024908  105.375028   -1.9072   -8.3096
   614  1326  4019  543110.00  2324950.00  21.024815  105.414869   -4.0945   -8.7971
   615   795  4019  537800.00  2324950.00  21.024932  105.363769  -11.5572  -22.6489
   616   867  4022  538520.00  2324920.00  21.024646  105.370697   -2.5115  -10.2903
   617  1515  4025  545000.00  2324890.00  21.024228  105.433056   -6.1351  -12.8734
   618   801  4028  537860.00  2324860.00  21.024118  105.364345   -7.1262  -14.5582
   619   726  4028  537110.00  2324860.00  21.024133  105.357127   -2.3779   -7.7664
   620  1512  4031  544970.00  2324830.00  21.023686  105.432765  -10.0169  -17.5697
   621  1476  4034  544610.00  2324800.00  21.023424  105.429300   -8.3020  -11.0046
   622   933  4034  539180.00  2324800.00  21.023548  105.377046   -3.7720  -13.5229
   623  1185  4034  541700.00  2324800.00  21.023492  105.401297  -12.8082  -15.9586
   624  1083  4037  540680.00  2324770.00  21.023244  105.391480  -12.8857  -25.9634
   625  1125  4040  541100.00  2324740.00  21.022964  105.395521   -8.5387  -20.4048
   626   687  4043  536720.00  2324710.00  21.022786  105.353371  -12.4725  -13.6144
   627  1326  4046  543110.00  2324680.00  21.022376  105.414862   -5.9819  -12.4778
   628   903  4046  538880.00  2324680.00  21.022470  105.374156   -3.3058   -8.6743
   629  2832  4049  558170.00  2324650.00  21.021689  105.559784   -5.6792  -14.2802
   630   936  4058  539210.00  2324560.00  21.021379  105.377329   -6.8858  -10.5350
   631  1446  4058  544310.00  2324560.00  21.021263  105.426407   -5.9067  -13.4312
   632   903  4061  538880.00  2324530.00  21.021115  105.374153   -2.5915   -6.7530
   633   729  4061  537140.00  2324530.00  21.021151  105.357409   -6.2738  -12.7693
   634   861  4067  538460.00  2324470.00  21.020581  105.370110   -1.3959   -8.1769
   635  1074  4070  540590.00  2324440.00  21.020265  105.390606  -13.4344  -14.4005
   636  1425  4073  544100.00  2324410.00  21.019913  105.424382   -2.8358  -12.3827
   637  6291  4073  592760.00  2324410.00  21.018100  105.892615   -8.8624  -16.2578
   638  1332  4073  543170.00  2324410.00  21.019935  105.415433   -7.5616  -12.7673
   639  1302  4076  542870.00  2324380.00  21.019671  105.412545  -10.7973  -10.2386
   640  6360  4079  593450.00  2324350.00  21.017523  105.899251   -6.2793  -17.6426
   641  1287  4082  542720.00  2324320.00  21.019132  105.411100   -8.7447  -11.6660
   642  1587  4082  545720.00  2324320.00  21.019060  105.439969  -10.3128  -15.1624
   643   717  4085  537020.00  2324290.00  21.018985  105.356249  -13.8011  -20.7272
   644  5799  4085  587840.00  2324290.00  21.017258  105.845268   -8.8890  -12.4892
   645  1581  4088  545660.00  2324260.00  21.018519  105.439390   -8.5916  -15.4343
   646  1674  4088  546590.00  2324260.00  21.018496  105.448339   -7.8424  -15.4175
   647  1152  4088  541370.00  2324260.00  21.018621  105.398108  -19.4333  -17.6979
   648   708  4094  536930.00  2324200.00  21.018173  105.355381  -11.2043  -12.6781
   649  3825  4094  568100.00  2324200.00  21.017282  105.655321   -5.4731   -9.5841
   650  1137  4097  541220.00  2324170.00  21.017811  105.396662   -8.8678  -15.0746
   651  2136  4097  551210.00  2324170.00  21.017560  105.492794   -5.7493  -11.5567
   652   726  4100  537110.00  2324140.00  21.017627  105.357112  -13.1401  -16.0813
   653  1275  4103  542600.00  2324110.00  21.017237  105.409940   -7.7091  -16.4298
   654  1320  4103  543050.00  2324110.00  21.017227  105.414271  -14.9143  -18.2790
   655  3840  4109  568250.00  2324050.00  21.015921  105.656758   -9.7409  -14.1786
   656  1635  4109  546200.00  2324050.00  21.016608  105.444581  -11.9001  -18.2025
   657  1476  4112  544610.00  2324020.00  21.016376  105.429280   -2.3441  -13.6159
   658   888  4115  538730.00  2323990.00  21.016239  105.372697   -3.7920  -12.8600
   659  1593  4115  545780.00  2323990.00  21.016077  105.440538  -11.4616  -14.2535
   660  1608  4118  545930.00  2323960.00  21.015802  105.441980  -12.0628  -20.2857
   661  1989  4121  549740.00  2323930.00  21.015432  105.478642   -8.6827  -12.4218
   662  1110  4124  540950.00  2323900.00  21.015377  105.394058   -8.9528  -20.0447
   663  6336  4127  593210.00  2323870.00  21.013199  105.896915  -11.0637  -10.4068
   664   762  4130  537470.00  2323840.00  21.014910  105.360569   -6.5954  -14.7490
   665  1857  4133  548420.00  2323810.00  21.014383  105.465937   -8.4843  -17.5397
   666   768  4154  537530.00  2323600.00  21.012740  105.361141  -13.5647  -20.0351
   667  4023  4154  570080.00  2323600.00  21.011787  105.674349   -8.5708  -14.7876
   668  6564  4169  595490.00  2323450.00  21.009287  105.918829   -7.1329  -16.9172
   669  6309  4178  592940.00  2323360.00  21.008605  105.894290   -7.8106  -17.6823
   670  6573  4181  595580.00  2323330.00  21.008198  105.919689   -7.0000  -12.4890
   671  6549  4181  595340.00  2323330.00  21.008211  105.917380  -10.9071  -13.1281
   672   702  4187  536870.00  2323270.00  21.009771  105.354783  -13.9170  -16.6496
   673  2238  4193  552230.00  2323210.00  21.008857  105.502580   -9.0693  -14.0825
   674  2193  4196  551780.00  2323180.00  21.008599  105.498249   -8.1625  -15.9101
   675  2769  4211  557540.00  2323030.00  21.007072  105.553668   -5.1577  -16.0518
   676  2865  4220  558500.00  2322940.00  21.006229  105.562902  -14.3701  -16.2210
   677  6348  4226  593330.00  2322880.00  21.004248  105.898016   -6.5597  -12.9153
   678  6342  4268  593270.00  2322460.00  21.000457  105.897416   -8.7050  -13.4915
   679  6333  4271  593180.00  2322430.00  21.000191  105.896549   -9.6192  -18.1751
   680  2445  4274  554300.00  2322400.00  21.001479  105.522473  -11.2410  -10.9326
   681  6447  4298  594320.00  2322160.00  20.997693  105.907502   -8.4756  -13.2858
   682  4200  4337  571850.00  2321770.00  20.995184  105.691304  -11.9974  -14.5059
   683  6471  4343  594560.00  2321710.00  20.993615  105.909786   -9.3023  -17.2209
   684  4596  4349  575810.00  2321650.00  20.993941  105.729397   -6.2083  -13.4728
   685  5052  4352  580370.00  2321620.00  20.993477  105.773267  -11.7060  -13.0012
   686  6843  4358  598280.00  2321560.00  20.992065  105.945565   -8.9449  -12.6089
   687  4902  4427  578870.00  2320870.00  20.986766  105.758801  -10.0500  -19.3496
   688  3753  4442  567380.00  2320720.00  20.985867  105.648257  -10.7034  -15.6887
   689  6870  4463  598550.00  2320510.00  20.982565  105.948103   -8.5137  -10.6700
   690  4077  4472  570620.00  2320420.00  20.983035  105.679415   -6.7044  -12.6060
   691  4269  4514  572540.00  2320000.00  20.979165  105.697868  -10.5721  -14.6858
   692  4314  4517  572990.00  2319970.00  20.978877  105.702196   -9.8208  -16.1568
   693  4020  4532  570050.00  2319820.00  20.977636  105.673907   -8.8677  -11.4414
   694  2340  4535  553250.00  2319790.00  20.977927  105.512290  -11.5148  -17.6435
   695  5613  4544  585980.00  2319700.00  20.975876  105.827143  -10.4673  -14.0636
   696  6672  4547  596570.00  2319670.00  20.975080  105.929009   -6.8613  -16.0127
   697  4389  4559  573740.00  2319550.00  20.975052  105.709393   -7.8515  -17.6435
   698  4422  4607  574070.00  2319070.00  20.970702  105.712547   -8.4071  -14.5395
   699  6303  4631  592880.00  2318830.00  20.967681  105.893469   -7.4656  -13.1387
   700  4518  4631  575030.00  2318830.00  20.968495  105.721771  -12.5452  -14.9402
   701  6294  4670  592790.00  2318440.00  20.964162  105.892583  -10.3045  -14.5722
   702  2604  4679  555890.00  2318350.00  20.964838  105.537640  -10.7153  -21.4065
   703  2976  4685  559610.00  2318290.00  20.964179  105.573422  -11.6891  -13.7508
   704  4521  4721  575060.00  2317930.00  20.960362  105.722020   -9.0811  -15.8257
   705  2730  4745  557150.00  2317690.00  20.958836  105.549739   -9.8392  -15.0791
   706  2856  4748  558410.00  2317660.00  20.958526  105.561858  -12.2695  -15.5889
   707  5877  4748  588620.00  2317660.00  20.957321  105.852433  -11.2422  -14.6261
   708  4455  4766  574400.00  2317480.00  20.956323  105.715653   -8.4540  -12.1602
   709  4533  4769  575180.00  2317450.00  20.956020  105.723154   -9.8051  -15.7025
   710  2652  4793  556370.00  2317210.00  20.954523  105.542220   -8.3256  -14.4949
   711  2745  4793  557300.00  2317210.00  20.954495  105.551166  -12.6271   -9.5904
   712  6165  4814  591500.00  2317000.00  20.951217  105.880099   -6.4396  -14.9074
   713  2766  4820  557510.00  2316940.00  20.952048  105.553177   -9.1365  -14.1126
   714  4359  4856  573440.00  2316580.00  20.948230  105.706381  -10.1594  -17.8989
   715  2802  4865  557870.00  2316490.00  20.947971  105.556624   -7.6477  -13.3613
   716  2841  4877  558260.00  2316370.00  20.946875  105.560371   -6.5538  -14.4973
   717  2703  4883  556880.00  2316310.00  20.946376  105.547096   -5.2232   -9.2010
   718  2739  4889  557240.00  2316250.00  20.945823  105.550557   -4.8873  -15.7212
   719  3024  4928  560090.00  2315860.00  20.942208  105.577955   -7.2398  -14.4519
   720  3195  4961  561800.00  2315530.00  20.939170  105.594389  -10.5682  -15.4568
   721  3303  4961  562880.00  2315530.00  20.939133  105.604776  -10.8501  -20.3318
   722  2940  5030  559250.00  2314840.00  20.933019  105.569841  -10.2799  -11.8444
   723  2868  5036  558530.00  2314780.00  20.932500  105.562914  -10.9265  -12.2715
   724  2640  5057  556250.00  2314570.00  20.930674  105.540980  -10.2793  -14.4918
   725  2667  5069  556520.00  2314450.00  20.929581  105.543573   -8.9996  -12.5273
   726  2571  5075  555560.00  2314390.00  20.929068  105.534339   -8.4264  -14.9264
   727  2262  5087  552470.00  2314270.00  20.928074  105.504619  -11.0356  -19.8983
   728  2427  5096  554120.00  2314180.00  20.927214  105.520484  -16.8756  -15.8348
   729  2670  5099  556550.00  2314150.00  20.926870  105.543852  -12.1597  -15.1278
   730  5838  5102  588230.00  2314120.00  20.925356  105.848502   -6.8457  -13.4541
   731  2691  5114  556760.00  2314000.00  20.925508  105.545866  -10.3819  -14.3542
   732  2358  5129  553430.00  2313850.00  20.924252  105.513838   -6.4478  -14.3184
   733  2451  5141  554360.00  2313730.00  20.923141  105.522778   -9.1103  -21.7352
   734  2460  5153  554450.00  2313610.00  20.922054  105.523639  -16.2613  -19.9962
   735  2448  5159  554330.00  2313550.00  20.921515  105.522484   -5.6145  -13.5811
   736  2466  5165  554510.00  2313490.00  20.920968  105.524213  -12.3118  -22.4978
   738  4560  5333  575450.00  2311810.00  20.905052  105.725505   -2.5312  -12.6416
   739  2943  5342  559280.00  2311720.00  20.904828  105.570023   -9.0277  -15.5100
   740  2943  5378  559280.00  2311360.00  20.901576  105.570011   -6.3565  -16.6153
   741  3150  5447  561350.00  2310670.00  20.895274  105.589890   -8.7190  -18.1462
   742  3051  5465  560360.00  2310490.00  20.893680  105.580365   -9.6446  -16.5877
   743  4128  5486  571130.00  2310280.00  20.891400  105.683905   -9.0373  -15.5552
   744  4614  5495  575990.00  2310190.00  20.890393  105.730627  -11.0741  -11.8303
   745  5709  5513  586940.00  2310010.00  20.888285  105.835891   -5.9491  -12.4176
   746  2895  5519  558800.00  2309950.00  20.888851  105.565348   -7.0622  -12.7718
   747  4620  5519  576050.00  2309950.00  20.888222  105.731193   -7.1104  -14.9077
   748  6021  5552  590060.00  2309620.00  20.884612  105.865866   -6.6681  -13.9561
   749  3393  5663  563780.00  2308510.00  20.875675  105.613174   -9.0639  -14.6652
   750  3159  5720  561440.00  2307940.00  20.870604  105.590658  -13.8069  -17.3229
   751  3153  5738  561380.00  2307760.00  20.868980  105.590075   -4.7247   -7.5130
   752  3150  5738  561350.00  2307760.00  20.868981  105.589787   -9.9519  -14.3286
   753  4656  5744  576410.00  2307700.00  20.867879  105.734555   -6.4440  -14.7724
   754  2991  5747  559760.00  2307670.00  20.868220  105.574499  -12.9259  -23.2146
   755  3210  5765  561950.00  2307490.00  20.866521  105.595545   -9.2962  -14.4639
   756  4677  5777  576620.00  2307370.00  20.864888  105.736559   -9.4305  -14.6649
   757  4686  5786  576710.00  2307280.00  20.864072  105.737421  -10.9530  -15.4995
   758  3240  5786  562250.00  2307280.00  20.864614  105.598422  -10.1866  -14.8693
   759  3219  5786  562040.00  2307280.00  20.864621  105.596403  -10.5258  -11.2939
   760  3525  5813  565100.00  2307010.00  20.862076  105.625808   -9.8924  -13.5273
   761  3729  5888  567140.00  2306260.00  20.855227  105.645389  -10.8434  -11.7571
   762  6666  5888  596510.00  2306260.00  20.853930  105.927686   -5.5681  -13.2312
   763  3438  5975  564230.00  2305390.00  20.847470  105.617385  -10.1446  -14.0183
   764  4656  5981  576410.00  2305330.00  20.846466  105.734451  -10.7196  -14.3711
   765  3297  6026  562820.00  2304880.00  20.842910  105.603814   -8.1225  -14.1076
   766  4674  6026  576590.00  2304880.00  20.842392  105.736161   -7.6274  -17.0531
   767  3153  6041  561380.00  2304730.00  20.841603  105.589969   -8.3885  -16.4815
   768  3831  6182  568160.00  2303320.00  20.828626  105.655078  -11.5980  -19.2473
   769  3123  6188  561080.00  2303260.00  20.828331  105.587034  -10.1896  -12.2855
   770  3675  6242  566600.00  2302720.00  20.823262  105.640063  -12.1242  -16.7361
   771  3090  6260  560750.00  2302540.00  20.821836  105.583837   -9.6952  -13.9885
   772  3084  6269  560690.00  2302450.00  20.821025  105.583257   -8.1498  -10.1861
   773  2943  6275  559280.00  2302390.00  20.820528  105.569705   -5.1335  -18.7893
   774  2916  6284  559010.00  2302300.00  20.819724  105.567107  -11.8195  -15.8761
   775  2970  6284  559550.00  2302300.00  20.819707  105.572297  -12.2651  -18.5564
   776  2940  6293  559250.00  2302210.00  20.818903  105.569411  -14.6968  -16.9758
   777  3045  6293  560300.00  2302210.00  20.818869  105.579501    0.4735  -10.6741
   778  2886  6311  558710.00  2302030.00  20.817294  105.564215  -10.1173  -12.6122
   779  2892  6320  558770.00  2301940.00  20.816479  105.564789   -7.9669  -11.9314
   780  2901  6320  558860.00  2301940.00  20.816476  105.565654   -6.0038   -8.6574
   781  2892  6323  558770.00  2301910.00  20.816208  105.564788   -9.0599  -14.0654
   782  2877  6332  558620.00  2301820.00  20.815399  105.563343   -6.3528  -14.3800
   783  3027  6332  560120.00  2301820.00  20.815351  105.577758   -8.3854  -14.4472
   784  3648  6332  566330.00  2301820.00  20.815140  105.637434   -6.6201  -13.8462
   785  5967  6335  589520.00  2301790.00  20.813896  105.860273  -10.1075  -21.4535
   786  2898  6350  558830.00  2301640.00  20.813766  105.565355  -12.8692  -16.6316
   787  3048  6362  560330.00  2301520.00  20.812634  105.579766   -7.6535  -12.1567
   788  3012  6392  559970.00  2301220.00  20.809935  105.576296   -9.6623  -14.1429
   789  2862  6401  558470.00  2301130.00  20.809170  105.561879  -10.8395  -12.2773
   790  5172  6458  581570.00  2300560.00  20.803149  105.783823   -9.1423  -15.2320
   792  3810  6662  567950.00  2298520.00  20.785265  105.652873   -2.3852   -9.6530
   794  3798  6827  567830.00  2296870.00  20.770361  105.651656   -8.0123  -15.1648
   795  3852  6845  568370.00  2296690.00  20.768715  105.656837   -7.1025  -17.6768
   797  3795  6860  567800.00  2296540.00  20.767380  105.651355  -11.8633  -15.9459
   798  4470  6866  574550.00  2296480.00  20.766580  105.716196  -10.5476  -19.9727
   799  3825  6896  568100.00  2296180.00  20.764117  105.654223   -9.8898  -12.0860
   801  3801  6929  567860.00  2295850.00  20.761144  105.651905  -17.2200  -19.6907
   802  3855  6947  568400.00  2295670.00  20.759498  105.657085   -8.4716  -17.6367
   803  3834  6956  568190.00  2295580.00  20.758692  105.655064   -6.5040  -12.3000
   804  3822  6965  568070.00  2295490.00  20.757884  105.653908   -2.0618   -7.5748
   806  3837  6974  568220.00  2295400.00  20.757065  105.655346  -12.1503  -16.2400
   807  3861  7001  568460.00  2295130.00  20.754617  105.657640  -10.1794  -13.5805
   810  3945  7037  569300.00  2294770.00  20.751333  105.665695   -7.9864   -9.9599
   811  3921  7040  569060.00  2294740.00  20.751071  105.663388  -21.4191  -24.6091
   813  3909  7046  568940.00  2294680.00  20.750533  105.662233  -15.7364  -24.3138
   816  3897  7064  568820.00  2294500.00  20.748911  105.661074  -16.4988  -19.7020
   817  3894  7079  568790.00  2294350.00  20.747557  105.660780  -11.9073  -20.6891
   820  3849  7103  568340.00  2294110.00  20.745405  105.656448   -2.0760   -9.2900
   822  3870  7109  568550.00  2294050.00  20.744855  105.658463   -3.1447   -9.8478
   823  6078  7133  590630.00  2293810.00  20.741744  105.870525  -11.2383  -11.9199
   825  4578  7190  575630.00  2293240.00  20.737263  105.726431  -11.2223  -16.9406
   829  3984  7253  569690.00  2292610.00  20.731802  105.669355   -3.5522   -5.6320
   830  3942  7319  569270.00  2291950.00  20.725854  105.665295  -11.1554  -11.1544
   831  4635  7349  576200.00  2291650.00  20.722874  105.731837   -7.4215  -17.1856
   832  3915  7361  569000.00  2291530.00  20.722069  105.662686   -7.5075  -17.0330
   833  3996  7361  569810.00  2291530.00  20.722039  105.670465  -12.1542  -24.7639
   834  4014  7400  569990.00  2291140.00  20.718509  105.672178   -9.5381  -15.1743
   835  4038  7400  570230.00  2291140.00  20.718500  105.674483  -18.4960  -23.2935
   836  4014  7424  569990.00  2290900.00  20.716340  105.672168   -8.2847  -15.6815
   837  3999  7439  569840.00  2290750.00  20.714991  105.670722   -9.7269  -17.2352
   838  4056  7448  570410.00  2290660.00  20.714156  105.676192  -10.0374  -10.8372
   839  4077  7448  570620.00  2290660.00  20.714148  105.678209   -6.8190  -13.8621
   840  4047  7451  570320.00  2290630.00  20.713888  105.675327   -9.1737  -13.9117
   841  4104  7499  570890.00  2290150.00  20.709530  105.680781  -12.1190  -20.6926
   842  4125  7520  571100.00  2289940.00  20.707625  105.682789  -11.6660  -14.5696
   843  4188  7541  571730.00  2289730.00  20.705703  105.688830   -9.8256  -20.0871
   844  4200  7547  571850.00  2289670.00  20.705156  105.689980  -17.5729  -24.6036
   845  4191  7547  571760.00  2289670.00  20.705160  105.689116  -10.6795  -16.6041
   846  4059  7550  570440.00  2289640.00  20.704939  105.676439   -3.1014   -7.5820
   847  4125  7559  571100.00  2289550.00  20.704101  105.682773   -8.4857  -11.4976
   848  4089  7562  570740.00  2289520.00  20.703843  105.679315   -0.8245   -8.0438
   849  4119  7583  571040.00  2289310.00  20.701935  105.682187  -19.0631  -18.0782
   850  4185  7592  571700.00  2289220.00  20.701096  105.688521  -10.2898  -17.6496
   851  4125  7613  571100.00  2289010.00  20.699222  105.682751   -6.8535  -11.1217
   852  4140  7649  571250.00  2288650.00  20.695963  105.684177   -5.1458  -10.0023
   853  4770  7667  577550.00  2288470.00  20.694086  105.744661   -8.3194  -16.0508
   855  4188  7703  571730.00  2288110.00  20.691066  105.688764   -5.6716  -10.4801
   856  4095  8057  570800.00  2284570.00  20.659116  105.679692   -2.6502   -6.8493
   857  4107  8078  570920.00  2284360.00  20.657214  105.680836   -7.4531  -15.1875
   858  4200  8096  571850.00  2284180.00  20.655552  105.689756   -7.6489  -13.9478
   859  4203  8096  571880.00  2284180.00  20.655551  105.690044   -7.2329  -14.0083
   860  4194  8096  571790.00  2284180.00  20.655555  105.689180   -8.9208  -10.0682
   861  4179  8102  571640.00  2284120.00  20.655018  105.687738  -15.3647  -18.5262
   862  4134  8102  571190.00  2284120.00  20.655035  105.683418   -6.2942  -16.8992
   863  4563  8147  575480.00  2283670.00  20.650802  105.724580   -8.7798  -14.5345
   864  4476  8150  574610.00  2283640.00  20.650565  105.716227  -10.1260  -20.2299
   865  4554  8153  575390.00  2283610.00  20.650263  105.723713   -9.5354  -18.1669
   866  4647  8183  576320.00  2283310.00  20.647515  105.732627   -8.8086  -13.4231
   867  4569  8183  575540.00  2283310.00  20.647546  105.725140   -5.3194   -9.6946
   868  4509  8198  574940.00  2283160.00  20.646215  105.719375   -1.4397   -9.5823
   869  4623  8201  576080.00  2283130.00  20.645898  105.730316   -2.6263  -13.1017
   870  4536  8210  575210.00  2283040.00  20.645120  105.721961   -9.3787  -13.0655
   871  4389  8210  573740.00  2283040.00  20.645179  105.707851   -3.6735   -6.1295
   872  4548  8216  575330.00  2282980.00  20.644573  105.723111   -0.6436   -7.2208
   873  4629  8225  576140.00  2282890.00  20.643727  105.730882   -7.9892  -17.5388
   874  4572  8234  575570.00  2282800.00  20.642937  105.725406  -13.4694  -17.3390
   875  4653  8243  576380.00  2282710.00  20.642091  105.733177   -6.7027  -14.7984
   876  4677  8252  576620.00  2282620.00  20.641268  105.735477  -14.8788  -21.9873
   877  4584  8273  575690.00  2282410.00  20.639409  105.726542   -9.1035  -15.8069
   878  4563  8276  575480.00  2282380.00  20.639146  105.724525  -16.7715  -26.2470
   879  4542  8291  575270.00  2282230.00  20.637799  105.722503   -6.6270  -11.4154
   880  4497  8297  574820.00  2282170.00  20.637275  105.718181  -23.4746  -28.9501
   881  4455  8303  574400.00  2282110.00  20.636750  105.714147  -10.3288  -13.1824
   882  4512  8315  574970.00  2281990.00  20.635643  105.719613  -20.7073  -29.9335
   883  4695  8318  576800.00  2281960.00  20.635298  105.737176   -4.1879  -12.8236
   884  4695  8321  576800.00  2281930.00  20.635026  105.737175   -1.6729   -9.8637
   885  4545  8324  575300.00  2281900.00  20.634816  105.722776   -2.9228   -7.5966
   886  4497  8327  574820.00  2281870.00  20.634564  105.718168   -3.6543  -10.4115
   887  4650  8345  576350.00  2281690.00  20.632876  105.732845   -3.6634  -11.8669
   888  4629  8348  576140.00  2281660.00  20.632614  105.730828   -9.7772  -17.7934
   889  4608  8351  575930.00  2281630.00  20.632351  105.728812   -6.2051  -14.0797
   890  4653  8351  576380.00  2281630.00  20.632333  105.733131   -9.9758  -16.9969
   891  4512  8357  574970.00  2281570.00  20.631848  105.719595  -13.7380  -25.7133
   892  4509  8363  574940.00  2281510.00  20.631307  105.719305  -15.6321  -20.0667
   893  4686  8366  576710.00  2281480.00  20.630964  105.736291  -11.9858  -17.0401
   894  4713  8369  576980.00  2281450.00  20.630682  105.738882  -13.5041  -18.3321
   895  4662  8372  576470.00  2281420.00  20.630432  105.733985  -12.1050  -16.4603
   896  4512  8384  574970.00  2281300.00  20.629408  105.719584   -2.1231   -6.0655
   897  4446  8384  574310.00  2281300.00  20.629435  105.713249   -9.5817   -9.5108
   898  4779  8390  577640.00  2281240.00  20.628758  105.745207   -8.4593  -10.8873
   899  4803  8393  577880.00  2281210.00  20.628477  105.747509   -1.3696  -11.2975
   900  4590  8402  575750.00  2281120.00  20.627751  105.727062    3.1275   -6.3405
   901  4584  8405  575690.00  2281090.00  20.627482  105.726485   -1.6005  -11.0955
   902  3987  8411  569720.00  2281030.00  20.627171  105.669185   -8.0662  -14.5259
   903  4521  8414  575060.00  2281000.00  20.626694  105.720435   -5.5913  -12.4988
   904  4824  8420  578090.00  2280940.00  20.626028  105.749512    2.5503   -7.6894
   905  4530  8423  575150.00  2280910.00  20.625877  105.721295   -4.6143   -6.3627
   906  4548  8423  575330.00  2280910.00  20.625870  105.723022   -0.1987   -5.5544
   907  4380  8426  573650.00  2280880.00  20.625666  105.706897   -3.3197   -7.0488
   908  5307  8426  582920.00  2280880.00  20.625279  105.795865   -8.0193  -15.7343
   909  4557  8435  575420.00  2280790.00  20.624782  105.723881   -5.3198   -7.5105
   910  4638  8438  576230.00  2280760.00  20.624478  105.731653    0.9027   -6.2149
   911  4560  8438  575450.00  2280760.00  20.624510  105.724167   -0.9932   -7.9496
   912  4497  8444  574820.00  2280700.00  20.623993  105.718119  -13.3820  -17.0397
   913  4497  8447  574820.00  2280670.00  20.623722  105.718117   -6.2465  -14.2992
   914  4608  8450  575930.00  2280640.00  20.623406  105.728769   -9.8817  -14.6858
   915  4533  8456  575180.00  2280580.00  20.622894  105.721568   -8.7842  -13.6065
   916  4845  8459  578300.00  2280550.00  20.622496  105.751511   -7.4282  -14.0346
   917  4629  8462  576140.00  2280520.00  20.622314  105.730779    0.6583   -8.6397
   918  4689  8480  576740.00  2280340.00  20.620663  105.736530   -8.6414  -12.7807
   919  4461  8480  574460.00  2280340.00  20.620755  105.714648  -15.1157  -21.8772
   920  4569  8480  575540.00  2280340.00  20.620712  105.725013  -15.5577  -19.2952
   921  4776  8492  577610.00  2280220.00  20.619543  105.744874   -2.0800   -7.2242
   922  4419  8492  574040.00  2280220.00  20.619687  105.710612  -11.7218  -19.4281
   923  4548  8498  575330.00  2280160.00  20.619094  105.722990  -20.6228  -22.8603
   924  4677  8510  576620.00  2280040.00  20.617957  105.735365   -5.8281  -21.3967
   925  4923  8510  579080.00  2280040.00  20.617855  105.758974  -16.7142  -26.3286
   926  4602  8522  575870.00  2279920.00  20.616903  105.728162  -10.8818  -16.7053
   927  4635  8528  576200.00  2279860.00  20.616348  105.731327   -2.4870   -9.4802
   928  4536  8534  575210.00  2279800.00  20.615846  105.721823  -14.6296  -16.4940
   929  4590  8546  575750.00  2279680.00  20.614740  105.727000   -8.8234  -18.6653
   930  4764  8546  577490.00  2279680.00  20.614669  105.743699  -12.2300  -13.3298
   931  4794  8549  577790.00  2279650.00  20.614385  105.746576   -7.4848  -12.9796
   932  4677  8558  576620.00  2279560.00  20.613620  105.735344   -1.1130  -10.0026
   933  4752  8561  577370.00  2279530.00  20.613318  105.742541   -8.4998  -17.2003
   934  4518  8564  575030.00  2279500.00  20.613142  105.720083   -3.5305   -7.2979
   935  4845  8576  578300.00  2279380.00  20.611925  105.751459  -12.9094  -19.4462
   936  4755  8591  577400.00  2279230.00  20.610607  105.742815  -19.5961  -19.3886
   937  4761  8603  577460.00  2279110.00  20.609520  105.743386   -6.8067  -13.6717
   938  4551  8606  575360.00  2279080.00  20.609334  105.723232   -5.1367  -11.7471
   939  4596  8609  575810.00  2279050.00  20.609045  105.727549   -3.7850  -15.1331
   940  4869  8612  578540.00  2279020.00  20.608662  105.753746    0.8972   -3.9818
   941  4497  8612  574820.00  2279020.00  20.608814  105.718047   -8.1641  -10.8772
   942  4740  8615  577250.00  2278990.00  20.608444  105.741365  -12.4072  -17.1097
   943  4581  8618  575660.00  2278960.00  20.608238  105.726106   -6.3864  -11.2342
   944  4632  8618  576170.00  2278960.00  20.608217  105.731000   -9.5378  -17.1265
   945  4578  8621  575630.00  2278930.00  20.607968  105.725817   -6.1855  -12.3496
   946  5034  8654  580190.00  2278600.00  20.604797  105.769561  -18.5850  -23.2930
   947  4803  8660  577880.00  2278540.00  20.604352  105.747391  -19.5247  -22.8008
   948  4905  8672  578900.00  2278420.00  20.603226  105.757174  -22.9885  -28.3570
   949  4893  8681  578780.00  2278330.00  20.602417  105.756018  -10.2493  -13.5184
   950  4893  8687  578780.00  2278270.00  20.601875  105.756016   -2.0966  -11.1138
   951  4701  8699  576860.00  2278150.00  20.600871  105.737586  -14.3602  -25.4737
   952  4878  8711  578630.00  2278030.00  20.599713  105.754566   -3.1695   -9.2069
   953  5100  8714  580850.00  2278000.00  20.599348  105.775867  -10.6393  -16.4354
   954  5142  8717  581270.00  2277970.00  20.599059  105.779896  -19.2401  -18.7368
   955  4953  8717  579380.00  2277970.00  20.599139  105.761760   -8.6759  -11.2558
   956  4851  8720  578360.00  2277940.00  20.598911  105.751971  -12.0593  -17.5460
   957  4497  8735  574820.00  2277790.00  20.597700  105.717995   -0.4799   -8.0376
   958  4881  8741  578660.00  2277730.00  20.597001  105.754840   -6.0965  -10.2067
   959  4896  8744  578810.00  2277700.00  20.596724  105.756278   -3.1927   -6.0278
   961  4851  8768  578360.00  2277460.00  20.594574  105.751949  -14.7243  -19.8494
   962  4845  8777  578300.00  2277370.00  20.593764  105.751370  -15.0036  -15.7262
   963  4926  8780  579110.00  2277340.00  20.593459  105.759141  -13.3396  -23.5740
   964  5325  8810  583100.00  2277040.00  20.590576  105.797412   -6.6735   -9.4358
   965  5109  8825  580940.00  2276890.00  20.589315  105.776680  -12.1906  -14.5797
   966  5301  8825  582860.00  2276890.00  20.589231  105.795102   -7.7680  -14.6699
   967  4935  8834  579200.00  2276800.00  20.588576  105.759980   -4.1926  -13.2196
   968  5319  8837  583040.00  2276770.00  20.588139  105.796824   -3.5167   -9.7702
   970  5325  8846  583100.00  2276680.00  20.587323  105.797395   -7.0729  -15.7293
   971  5346  8846  583310.00  2276680.00  20.587314  105.799410  -14.1029  -19.7277
   972  5208  8873  581930.00  2276410.00  20.584935  105.786157   -9.5139  -16.1752
   973  5325  8894  583100.00  2276200.00  20.582986  105.797373   -7.7059  -18.7311
   974  4983  8897  579680.00  2276170.00  20.582863  105.764557  -15.9444  -20.7101
   975  4956  8912  579410.00  2276020.00  20.581519  105.761960   -1.6293   -8.3635
   976  5160  8912  581450.00  2276020.00  20.581432  105.781533   -6.7029  -11.8512
   977  5025  8915  580100.00  2275990.00  20.581219  105.768579  -15.9441  -22.9396
   978  5208  8924  581930.00  2275900.00  20.580327  105.786133  -13.3452  -17.0678
   979  5226  8927  582110.00  2275870.00  20.580048  105.787859  -10.4306  -23.1216
   980  5013  8936  579980.00  2275780.00  20.579327  105.767418  -11.9493  -19.5490
   981  5142  8942  581270.00  2275720.00  20.578729  105.779792   -4.5573   -4.3763
   982  4977  8948  579620.00  2275660.00  20.578258  105.763959   -8.1413  -20.5595
   983  5238  8963  582230.00  2275510.00  20.576790  105.788993  -11.9747  -14.6131
   984  5061  8981  580460.00  2275330.00  20.575240  105.772003  -12.9467  -19.3514
   985  5250  8987  582350.00  2275270.00  20.574616  105.790133  -11.9096  -13.4090
   986  5100  8990  580850.00  2275240.00  20.574410  105.775741   -4.3218  -10.2153
   987  5184  8993  581690.00  2275210.00  20.574103  105.783798   -4.6879  -11.9303
   988  5121  9002  581060.00  2275120.00  20.573317  105.777750   -6.6672  -17.3534
   989  5196  9014  581810.00  2275000.00  20.572201  105.784940   -9.6533  -15.1737
   990  5160  9023  581450.00  2274910.00  20.571403  105.781482  -12.8350  -15.3686
   991  5205  9032  581900.00  2274820.00  20.570570  105.785795   -2.2040   -8.9127
   992  5280  9035  582650.00  2274790.00  20.570266  105.792989   -9.1470  -13.6370
   993  5226  9044  582110.00  2274700.00  20.569477  105.787804  -12.2556  -14.6456
   994  5127  9050  581120.00  2274640.00  20.568978  105.778304  -15.2389  -14.4635
   996  5046  9059  580310.00  2274550.00  20.568199  105.770529  -12.2605  -14.2550
   997  5049  9083  580340.00  2274310.00  20.566030  105.770805  -15.6898  -15.9690
