; ENVI Output of ROIs (5.2) [Wed Nov 27 01:28:42 2019]
; Number of ROIs: 1
; File Dimension: 7647 x 9116
;
; ROI name: EVF: Layer: forest.shp
; ROI rgb value: {255, 255, 255}
; ROI npts: 997
;   ID     X     Y      Map X       Map Y        Lat         Lon        B1        B2
     1  5310   224  582950.00  2362900.00  21.366309  105.800092   -8.6332  -16.7397
     2  5184   272  581690.00  2362420.00  21.362030  105.787916  -10.1534  -17.0541
     3  5217   308  582020.00  2362060.00  21.358763  105.791081  -15.0278  -15.8715
     4  5340   317  583250.00  2361970.00  21.357894  105.802939   -8.2679  -16.8687
     5  5232   353  582170.00  2361610.00  21.354691  105.792506  -13.4349  -15.8648
     7  5169   359  581540.00  2361550.00  21.354177  105.786427   -9.5707  -16.0662
     8  5151   371  581360.00  2361430.00  21.353101  105.784686   -8.2646  -12.4607
    10  5157   404  581420.00  2361100.00  21.350117  105.785248   -9.7255  -10.9929
    11  5322   419  583070.00  2360950.00  21.348687  105.801153  -13.7857  -14.1629
    12  5238   422  582230.00  2360920.00  21.348454  105.793051  -12.9916  -19.8791
    13  5166   425  581510.00  2360890.00  21.348216  105.786106   -8.4519   -9.9271
    14  5175   443  581600.00  2360710.00  21.346586  105.786966  -12.0782  -14.2980
    15  5253   443  582380.00  2360710.00  21.346550  105.794487  -13.4913  -14.0610
    16  5205   446  581900.00  2360680.00  21.346301  105.789857   -6.9247  -10.8206
    17  5319   452  583040.00  2360620.00  21.345707  105.800848  -11.8504  -18.8226
    18  5334   464  583190.00  2360500.00  21.344616  105.802288   -7.5682  -14.4090
    19  5169   464  581540.00  2360500.00  21.344691  105.786377   -9.8135  -17.5388
    20  5274   467  582590.00  2360470.00  21.344372  105.796501   -8.1327  -11.0033
    21  5211   473  581960.00  2360410.00  21.343859  105.790423   -7.7946  -17.4724
    22  5262   488  582470.00  2360260.00  21.342481  105.795333   -4.7234  -10.8161
    23  5295   491  582800.00  2360230.00  21.342195  105.798514  -15.6334  -18.5587
    24  5190   503  581750.00  2360110.00  21.341158  105.788383   -7.4849  -21.1439
    25  5121   506  581060.00  2360080.00  21.340918  105.781728  -10.5534  -12.9358
    26  5208   506  581930.00  2360080.00  21.340879  105.790117   -7.7323   -7.4235
    27  5712   506  586970.00  2360080.00  21.340643  105.838718  -10.1151  -12.6077
    28  5274   521  582590.00  2359930.00  21.339494  105.796475   -6.0332  -10.8088
    29  5895   521  588800.00  2359930.00  21.339199  105.856357   -8.5298  -11.6007
    31  5856   551  588410.00  2359630.00  21.336508  105.852581  -11.9029  -18.7949
    32  5229   578  582140.00  2359360.00  21.334365  105.792108   -8.6714  -15.2534
    34  5298   581  582830.00  2359330.00  21.334062  105.798760  -18.7307  -21.8740
    35  5088   587  580730.00  2359270.00  21.333615  105.778507   -7.5149  -14.6882
    36  5157   587  581420.00  2359270.00  21.333584  105.785160   -6.9281  -16.2574
    37  5859   593  588440.00  2359210.00  21.332712  105.852848   -8.3934  -16.1467
    38  5214   611  581990.00  2359030.00  21.331390  105.790645   -4.2845  -10.4729
    39  5049   632  580340.00  2358820.00  21.329567  105.774725   -7.5920  -12.5438
    41  5310   644  582950.00  2358700.00  21.328365  105.799886  -10.4756  -17.3591
    42  5289   650  582740.00  2358640.00  21.327833  105.797858   -4.8897  -10.8212
    43  5034   650  580190.00  2358640.00  21.327947  105.773270  -10.2352  -18.2574
    44  5727   659  587120.00  2358550.00  21.326814  105.840086   -9.2161  -11.6544
    45  5133   662  581180.00  2358520.00  21.326819  105.782810  -10.9122  -15.1761
    46  5391   671  583760.00  2358430.00  21.325888  105.807683   -8.0740  -13.8005
    47  5757   677  587420.00  2358370.00  21.325173  105.842969   -4.7333  -13.5835
    48  5226   680  582110.00  2358340.00  21.325151  105.791769   -0.8189   -5.9835
    49  5259   689  582440.00  2358250.00  21.324323  105.794946   -8.0163  -12.0818
    50  5373   698  583580.00  2358160.00  21.323457  105.805934  -16.6434  -17.6525
    51  5139   701  581240.00  2358130.00  21.323293  105.783370   -6.8018  -14.5928
    52  5358   701  583430.00  2358130.00  21.323193  105.804486   -5.1165  -10.4439
    53  5472   704  584570.00  2358100.00  21.322869  105.815476   -9.7797  -17.0737
    54  5385   704  583700.00  2358100.00  21.322910  105.807088  -12.2179  -21.0924
    55  5232   716  582170.00  2357980.00  21.321896  105.792330  -10.2190  -11.5989
    56  5190   734  581750.00  2357800.00  21.320289  105.788272  -12.9544  -16.9894
    57  5259   734  582440.00  2357800.00  21.320257  105.794924   -9.5898  -11.6347
    58  5343   737  583280.00  2357770.00  21.319948  105.803022  -13.7926  -16.6589
    59  5142   749  581270.00  2357650.00  21.318955  105.783636   -6.7920  -14.9472
    60  5475   752  584600.00  2357620.00  21.318531  105.815742  -12.4777  -21.0038
    61  5220   758  582050.00  2357560.00  21.318107  105.791153   -3.1760   -9.4831
    62  5013   761  579980.00  2357530.00  21.317928  105.771193  -11.1437  -14.2268
    63  5340   761  583250.00  2357530.00  21.317781  105.802721   -9.9410  -14.5622
    64  5181   770  581660.00  2357440.00  21.317040  105.787387  -13.7233  -17.2478
    65  5364   773  583490.00  2357410.00  21.316686  105.805029   -7.6189  -13.8090
    66  5517   779  585020.00  2357350.00  21.316072  105.819778  -11.1964  -15.3735
    67  5070   779  580550.00  2357350.00  21.316277  105.776680   -4.0719  -10.6271
    68  5136   779  581210.00  2357350.00  21.316247  105.783043   -5.7524  -11.7191
    69  5118   782  581030.00  2357320.00  21.315984  105.781307   -4.6206  -13.6283
    70  5148   806  581330.00  2357080.00  21.313803  105.784188   -9.4827  -15.7366
    71  5310   812  582950.00  2357020.00  21.313187  105.799804   -4.6094   -9.6770
    73  4929   818  579140.00  2356960.00  21.312816  105.763067  -11.0712  -15.8559
    74  5199   839  581840.00  2356750.00  21.310798  105.789089  -12.7505  -15.7213
    76  5325   857  583100.00  2356570.00  21.309115  105.801228   -8.6676  -11.9526
    77  5223   860  582080.00  2356540.00  21.308890  105.791392  -11.9780  -16.7449
    78  5193   869  581780.00  2356450.00  21.308091  105.788496   -9.7968  -15.4774
    79  5340   869  583250.00  2356450.00  21.308024  105.802668  -11.3339  -19.3994
    80  4914   878  578990.00  2356360.00  21.307402  105.761593  -10.3193  -19.1706
    81  5355   881  583400.00  2356330.00  21.306933  105.804108  -11.4189  -11.7832
    82  5691   881  586760.00  2356330.00  21.306775  105.836501   -9.3922  -16.7597
    83  5262   881  582470.00  2356330.00  21.306975  105.795142  -12.7038  -17.7914
    84  5223   884  582080.00  2356300.00  21.306722  105.791381  -12.6166  -16.4360
    85  5133   884  581180.00  2356300.00  21.306763  105.782704   -8.7405  -12.7796
    86  5571   887  585560.00  2356270.00  21.306290  105.824929   -9.7712  -14.5097
    87  5535   896  585200.00  2356180.00  21.305494  105.821454   -9.2487  -13.6610
    88  5412   896  583970.00  2356180.00  21.305551  105.809596   -7.8383  -13.2637
    89  5166   899  581510.00  2356150.00  21.305393  105.785878   -3.6103   -6.2094
    90  5340   899  583250.00  2356150.00  21.305313  105.802653  -16.0167  -20.1265
    91  5682   899  586670.00  2356150.00  21.305153  105.835625   -7.5750  -13.1105
    92  5250   905  582350.00  2356090.00  21.304813  105.793974  -12.2948  -19.8840
    93  5688   908  586730.00  2356060.00  21.304337  105.836198  -10.0906  -19.2948
    94  5007   911  579920.00  2356030.00  21.304379  105.770544   -8.8410  -13.1211
    95  5673   923  586580.00  2355910.00  21.302989  105.834745  -11.2696  -12.1094
    96  5643   926  586280.00  2355880.00  21.302732  105.831851   -9.2395  -13.0703
    97  5235   926  582200.00  2355880.00  21.302922  105.792517  -10.9511  -17.2654
    98  5160   932  581450.00  2355820.00  21.302414  105.785284   -3.9738   -6.0730
    99  5586   935  585710.00  2355790.00  21.301946  105.826351  -14.4681  -18.1708
   100  5118   935  581030.00  2355790.00  21.302162  105.781233   -4.2686   -8.2966
   101  5271   938  582560.00  2355760.00  21.301822  105.795982  -12.4629  -17.0682
   102  5412   941  583970.00  2355730.00  21.301486  105.809574   -6.0082  -12.9211
   103  5178   941  581630.00  2355730.00  21.301593  105.787015   -4.5590  -10.1446
   104  5148   956  581330.00  2355580.00  21.300251  105.784116   -5.9004  -14.1285
   105  5592   959  585770.00  2355550.00  21.299775  105.826918   -3.2990   -8.7430
   106  5136   971  581210.00  2355430.00  21.298901  105.782952   -8.2290  -13.9472
   107  5598   980  585830.00  2355340.00  21.297875  105.827485   -4.6130   -9.8300
   108  5100   986  580850.00  2355280.00  21.297562  105.779474  -11.6678  -18.0144
   109  5691   986  586760.00  2355280.00  21.297289  105.836448  -12.9756  -23.2934
   110  5538   989  585230.00  2355250.00  21.297090  105.821697  -10.7467  -14.0647
   111  5187   995  581720.00  2355190.00  21.296710  105.787857   -2.3866   -8.7440
   112  5049   998  580340.00  2355160.00  21.296501  105.774552  -10.7933  -12.1908
   113  5628  1001  586130.00  2355130.00  21.295964  105.830367  -16.1028  -16.3015
   114  5166  1004  581510.00  2355100.00  21.295906  105.785828   -6.3594  -15.8559
   116  5622  1034  586070.00  2354800.00  21.292985  105.829772   -7.6596  -12.3773
   117  5571  1046  585560.00  2354680.00  21.291925  105.824849  -14.8029  -16.8125
   118  5682  1052  586670.00  2354620.00  21.291330  105.835546   -7.0647  -14.7789
   119  5343  1061  583280.00  2354530.00  21.290676  105.802863   -8.9535  -15.4472
   120  5556  1094  585410.00  2354200.00  21.287596  105.823379  -15.8825  -20.2289
   121  5265  1115  582500.00  2353990.00  21.285833  105.795318   -6.1765  -12.0020
   122  5214  1115  581990.00  2353990.00  21.285856  105.790402  -11.4588  -12.2285
   123  5394  1121  583790.00  2353930.00  21.285232  105.807750  -17.9864  -23.8583
   124  5610  1127  585950.00  2353870.00  21.284589  105.828568   -8.4995  -11.1351
   125  5436  1136  584210.00  2353780.00  21.283857  105.811791  -14.1579  -22.8793
   126  5616  1154  586010.00  2353600.00  21.282147  105.829132  -12.1457  -15.6846
   127  5586  1157  585710.00  2353570.00  21.281890  105.826239  -10.1264  -13.1241
   128  5670  1157  586550.00  2353570.00  21.281850  105.834336   -9.6550  -16.8181
   129  5430  1166  584150.00  2353480.00  21.281150  105.811198  -15.0417  -20.9301
   130  5508  1169  584930.00  2353450.00  21.280842  105.818715  -15.8807  -17.2144
   131  5550  1169  585350.00  2353450.00  21.280823  105.822763   -9.4718  -18.4014
   132  5517  1178  585020.00  2353360.00  21.280025  105.819578   -8.3373  -13.1150
   133  5616  1178  586010.00  2353360.00  21.279978  105.829120  -15.0000  -20.0626
   134  5457  1196  584420.00  2353180.00  21.278427  105.813785   -6.2253  -16.9194
   135  5655  1205  586400.00  2353090.00  21.277521  105.832866  -13.5110  -16.1613
   136  5634  1208  586190.00  2353060.00  21.277260  105.830840   -9.6420  -17.2417
   137  5628  1211  586130.00  2353030.00  21.276991  105.830260   -8.7276  -13.7275
   138  5022  1214  580070.00  2353000.00  21.276998  105.771847  -10.6910  -19.4140
   139  5361  1214  583460.00  2353000.00  21.276845  105.804523   -8.2742   -9.8402
   140  5460  1238  584450.00  2352760.00  21.274631  105.814054  -14.4860  -16.3663
   141  5433  1253  584180.00  2352610.00  21.273289  105.811444  -11.4191  -18.9361
   142  5349  1256  583340.00  2352580.00  21.273056  105.803346   -9.8501  -14.6649
   143  5427  1262  584120.00  2352520.00  21.272478  105.810861  -11.5374  -18.0941
   144  5379  1280  583640.00  2352340.00  21.270874  105.806225  -10.1951  -11.2678
   145  5436  1301  584210.00  2352130.00  21.268951  105.811709  -10.9401  -15.9924
   146  5547  1313  585320.00  2352010.00  21.267815  105.822402  -10.5579  -16.1171
   147  5652  1322  586370.00  2351920.00  21.266952  105.832517  -12.8723  -14.8355
   148  4731  1340  577160.00  2351740.00  21.265741  105.743740   -6.8790  -14.8949
   149  5667  1340  586520.00  2351740.00  21.265318  105.833954  -13.0441  -17.8511
   150  5457  1358  584420.00  2351560.00  21.263791  105.813705  -14.6545  -15.0678
   151  5457  1394  584420.00  2351200.00  21.260539  105.813687   -7.0360  -14.2206
   152  5634  1406  586190.00  2351080.00  21.259371  105.830740  -11.9409  -15.0871
   153  5985  1415  589700.00  2350990.00  21.258388  105.864563  -11.0442  -16.3540
   154  4617  1511  576020.00  2350030.00  21.250340  105.732676   -8.6602  -12.5117
   155  1128  1544  541130.00  2349700.00  21.248484  105.396409   -3.6525  -13.1618
   156  6081  1592  590660.00  2349220.00  21.242350  105.873721  -12.3058  -13.1266
   158   744  1721  537290.00  2347930.00  21.232575  105.359361  -11.0945  -17.7086
   159   876  1748  538610.00  2347660.00  21.230107  105.372076  -10.1963  -15.2695
   160  5790  1757  587750.00  2347570.00  21.227586  105.845594  -12.3631  -13.1112
   161   684  1826  536690.00  2346880.00  21.223100  105.353556   -2.5851  -13.2092
   162  4977  1958  579620.00  2345560.00  21.209801  105.767161   -8.0796  -12.4765
   163   984  2003  539690.00  2345110.00  21.207044  105.382424   -9.8448  -17.9578
   164  5397  2021  583820.00  2344930.00  21.203920  105.807596   -9.6852  -15.5418
   165  4341  2069  573260.00  2344450.00  21.200039  105.705837   -9.0642  -15.5557
   166   738  2108  537230.00  2344060.00  21.197609  105.358698   -9.7694  -17.0763
   167   903  2129  538880.00  2343850.00  21.195677  105.374591  -10.5300  -21.4018
   168  1131  2165  541160.00  2343490.00  21.192375  105.396548   -9.9152  -16.3778
   169   825  2165  538100.00  2343490.00  21.192441  105.367068   -9.1144  -17.4778
   170  5700  2189  586850.00  2343250.00  21.188600  105.836702   -9.9124  -14.4713
   171   837  2201  538220.00  2343130.00  21.189186  105.368216  -10.8874  -18.5510
   172  5280  2216  582650.00  2342980.00  21.186356  105.796229   -6.2105  -15.3740
   173  6345  2309  593300.00  2342050.00  21.177440  105.898769  -12.2298  -15.9954
   174  1005  2321  539900.00  2341930.00  21.178308  105.384373   -8.3480  -12.2544
   175  1002  2330  539870.00  2341840.00  21.177495  105.384082   -4.9996  -11.7578
   176   747  2336  537320.00  2341780.00  21.177007  105.359516   -6.1682  -13.4547
   177  5706  2381  586910.00  2341330.00  21.171251  105.837182   -6.6566  -15.6897
   178   573  2399  535580.00  2341150.00  21.171350  105.342741  -10.0859  -15.2514
   179   399  2420  533840.00  2340940.00  21.169485  105.325976   -5.9444  -12.6076
   180   546  2453  535310.00  2340610.00  21.166476  105.340129  -16.2421  -18.3459
   181  1440  2453  544250.00  2340610.00  21.166281  105.426243   -5.7132  -13.5051
   182  3948  2459  569330.00  2340550.00  21.164958  105.667816   -5.4258  -11.5753
   183  1437  2468  544220.00  2340460.00  21.164926  105.425950  -11.8178  -14.5658
   184  1029  2471  540140.00  2340430.00  21.164750  105.386650  -10.2970  -14.9179
   185   555  2486  535400.00  2340280.00  21.163492  105.340989   -7.0970  -11.5465
   186  1143  2522  541280.00  2339920.00  21.160116  105.397618   -7.8137  -12.7899
   187   426  2534  534110.00  2339800.00  21.159180  105.328554   -9.3451  -14.1611
   188   582  2549  535670.00  2339650.00  21.157795  105.343577  -12.9653  -17.4344
   189  1224  2591  542090.00  2339230.00  21.153863  105.405403   -6.4156  -14.2167
   190   747  2612  537320.00  2339020.00  21.152070  105.359456   -7.8349  -14.4641
   191   453  2618  534380.00  2338960.00  21.151585  105.331137   -9.9434  -14.5529
   192  3267  2660  562520.00  2338540.00  21.147043  105.602149  -10.7590  -14.9427
   193  1836  2669  548210.00  2338450.00  21.146664  105.464327  -12.7666  -13.6718
   194  1056  2672  540410.00  2338420.00  21.146583  105.389203   -7.3946  -11.1456
   195   498  2681  534830.00  2338330.00  21.145885  105.335459   -5.9549  -13.5898
   196   525  2684  535100.00  2338300.00  21.145608  105.338059   -9.8647  -13.4315
   197   708  2684  536930.00  2338300.00  21.145572  105.355684  -10.1165  -15.9469
   198  1065  2687  540500.00  2338270.00  21.145225  105.390066   -7.4171  -15.4311
   199   303  2687  532880.00  2338270.00  21.145379  105.316677  -10.9804  -13.3338
   200  1044  2693  540290.00  2338210.00  21.144688  105.388042   -7.5985  -13.6107
   201  2745  2699  557300.00  2338150.00  21.143691  105.551862  -10.4779  -17.6085
   202   525  2699  535100.00  2338150.00  21.144253  105.338056   -6.3538  -14.7990
   203   369  2702  533540.00  2338120.00  21.144011  105.323030  -10.6445  -13.9914
   204   912  2705  538970.00  2338090.00  21.143632  105.375326   -9.8828  -16.3149
   205   894  2705  538790.00  2338090.00  21.143636  105.373593   -9.5654  -16.3078
   206  1275  2711  542600.00  2338030.00  21.143009  105.410285  -14.2610  -17.9134
   207  5931  2717  589160.00  2337970.00  21.140787  105.858679   -5.7214  -14.6723
   208   738  2723  537230.00  2337910.00  21.142042  105.358565  -10.9412  -15.1062
   209   786  2726  537710.00  2337880.00  21.141761  105.363187   -7.0930  -19.3648
   210  1809  2735  547940.00  2337790.00  21.140708  105.461708  -11.2019  -16.1056
   211  1359  2741  543440.00  2337730.00  21.140279  105.418368   -6.8970  -13.4376
   212  3456  2744  564410.00  2337700.00  21.139388  105.620320   -7.7509  -15.9999
   213  1818  2747  548030.00  2337670.00  21.139622  105.462571  -10.1183  -17.4477
   214   681  2753  536660.00  2337610.00  21.139343  105.353069   -9.5114  -19.3038
   215  1038  2753  540230.00  2337610.00  21.139268  105.387450   -5.3236  -12.2526
   216  4764  2753  577490.00  2337610.00  21.138067  105.746279   -8.5723  -17.5856
   217  1944  2759  549290.00  2337550.00  21.138504  105.474702   -7.1813  -15.1492
   218  3639  2762  566240.00  2337520.00  21.137697  105.637936   -6.6972  -12.4279
   219  1002  2768  539870.00  2337460.00  21.137921  105.383980  -11.7809  -14.2097
   220  1050  2786  540350.00  2337280.00  21.136284  105.388598   -6.6753  -16.5136
   221  3414  2792  563990.00  2337220.00  21.135066  105.616257   -5.5912  -11.5774
   222   456  2798  534410.00  2337160.00  21.135321  105.331390   -7.6876  -15.0572
   223  2355  2822  553400.00  2336920.00  21.132696  105.514264   -4.7319  -13.3233
   224  1044  2834  540290.00  2336800.00  21.131948  105.388009   -8.0117  -12.5649
   225   345  2834  533300.00  2336800.00  21.132089  105.320693  -11.6261  -18.3139
   226  1593  2834  545780.00  2336800.00  21.131819  105.440879  -13.6169  -15.5859
   227   648  2837  536330.00  2336770.00  21.131760  105.349873  -10.1132  -15.2166
   228   516  2846  535010.00  2336680.00  21.130973  105.337159   -9.3038  -14.8264
   229   501  2858  534860.00  2336560.00  21.129891  105.335712  -11.7485  -12.8886
   230  3906  2864  568910.00  2336500.00  21.128382  105.663608   -3.4137  -12.2254
   231   309  2870  532940.00  2336440.00  21.128843  105.317220   -7.8111  -12.4353
   232   420  2879  534050.00  2336350.00  21.128009  105.327907  -10.8239  -14.6367
   233  6057  2879  590420.00  2336350.00  21.126089  105.870727   -7.3122  -11.4495
   234  3492  2903  564770.00  2336110.00  21.125010  105.623727   -9.2893  -13.7746
   235  1413  2909  543980.00  2336050.00  21.125087  105.423525   -8.2944  -15.5360
   236  1857  2912  548420.00  2336020.00  21.124703  105.466280   -9.4300  -16.6804
   237   684  2927  536690.00  2335870.00  21.123621  105.353320   -9.8873  -16.2021
   238  3552  2930  565370.00  2335840.00  21.122549  105.629494   -7.7722  -13.0807
   239  1653  2960  546380.00  2335540.00  21.120419  105.446623   -8.1104  -13.8746
   240   570  2963  535550.00  2335510.00  21.120391  105.342335   -6.1145  -18.4696
   241   867  2963  538520.00  2335510.00  21.120331  105.370934  -16.2926  -17.6862
   242   441  2981  534260.00  2335330.00  21.118789  105.329909   -7.0912  -12.1360
   243  1539  3002  545240.00  2335120.00  21.116653  105.435634   -6.7469  -15.8536
   244  5457  3002  584420.00  2335120.00  21.115264  105.812892   -8.1353  -17.9680
   245  1533  3005  545180.00  2335090.00  21.116383  105.435056  -11.2983  -19.4777
   246   441  3008  534260.00  2335060.00  21.116350  105.329904  -13.5655   -5.6965
   247   405  3011  533900.00  2335030.00  21.116085  105.326437  -10.5951  -15.7669
   248   399  3017  533840.00  2334970.00  21.115544  105.325858   -6.4101  -17.0468
   249  4767  3044  577520.00  2334700.00  21.111775  105.746437   -5.6754  -14.2735
   250   438  3050  534230.00  2334640.00  21.112555  105.329606   -7.8933  -12.1603
   251   816  3056  538010.00  2334580.00  21.111939  105.366003   -6.0637  -13.1956
   252   960  3059  539450.00  2334550.00  21.111637  105.379868   -8.4941  -15.4151
   253  2001  3059  549860.00  2334550.00  21.111383  105.480104   -4.6111  -16.1660
   254  1794  3062  547790.00  2334520.00  21.111167  105.460172   -6.0919  -15.0804
   255   972  3071  539570.00  2334430.00  21.110550  105.381021   -6.5145  -18.8268
   256   456  3077  534410.00  2334370.00  21.110112  105.331334   -3.1730  -14.3672
   257   423  3080  534080.00  2334340.00  21.109848  105.328156   -7.4008  -10.7458
   258   435  3083  534200.00  2334310.00  21.109574  105.329311   -8.9355  -13.7052
   259  5472  3098  584570.00  2334160.00  21.106583  105.814289  -11.4672  -20.1752
   260  5628  3104  586130.00  2334100.00  21.105968  105.829306   -8.8298  -12.4840
   261  1830  3107  548150.00  2334070.00  21.107092  105.463626   -8.1690  -13.3036
   262   675  3113  536600.00  2334010.00  21.106817  105.352414   -2.9381  -12.8779
   263   675  3125  536600.00  2333890.00  21.105733  105.352411   -8.0217  -14.2291
   264   768  3137  537530.00  2333770.00  21.104630  105.361363   -5.8311  -13.4870
   265  1011  3155  539960.00  2333590.00  21.102952  105.384756   -6.4152  -13.3538
   266  1518  3161  545030.00  2333530.00  21.102292  105.433570  -12.6335  -15.0353
   267  1833  3164  548180.00  2333500.00  21.101941  105.463898   -8.9085  -16.1593
   268  4062  3167  570470.00  2333470.00  21.100947  105.678506   -6.6687  -14.9499
   269  1026  3173  540110.00  2333410.00  21.101322  105.386196  -14.6583  -22.1809
   270   729  3173  537140.00  2333410.00  21.101385  105.357600   -7.9998  -15.8585
   271   648  3182  536330.00  2333320.00  21.100588  105.349799  -10.1559  -16.6968
   272  4083  3185  570680.00  2333290.00  21.099313  105.680520   -8.3304  -14.7790
   273  3840  3191  568250.00  2333230.00  21.098863  105.657122   -8.6878  -14.6532
   274   645  3191  536300.00  2333230.00  21.099776  105.349509   -3.2491   -8.2554
   275   708  3194  536930.00  2333200.00  21.099492  105.355574  -10.2233  -10.4125
   276  1059  3203  540440.00  2333110.00  21.098605  105.389367  -10.0311  -13.6467
   277  3924  3224  569090.00  2332900.00  21.095850  105.665196  -10.7288  -17.7384
   278   843  3227  538280.00  2332870.00  21.096483  105.368565   -9.0366  -17.4564
   279  1230  3227  542150.00  2332870.00  21.096397  105.405825   -9.6745  -15.0197
   280  1233  3230  542180.00  2332840.00  21.096126  105.406113   -6.7076  -12.8771
   281   393  3236  533780.00  2332780.00  21.095758  105.325237   -7.3933  -16.1382
   282   714  3239  536990.00  2332750.00  21.095425  105.356142  -16.5526  -18.3728
   283   465  3239  534500.00  2332750.00  21.095473  105.332168  -10.0865  -14.3604
   284   474  3245  534590.00  2332690.00  21.094930  105.333034  -10.7576  -13.5634
   285   792  3245  537770.00  2332690.00  21.094867  105.363650   -9.6467  -15.8949
   286  5697  3248  586820.00  2332660.00  21.092926  105.835876   -9.2579  -18.0734
   287   435  3248  534200.00  2332660.00  21.094666  105.329278   -5.8644   -8.9242
   288   819  3251  538040.00  2332630.00  21.094319  105.366248   -8.7805  -14.6523
   289   699  3254  536840.00  2332600.00  21.094073  105.354694    1.0227   -4.7222
   290   654  3254  536390.00  2332600.00  21.094082  105.350362    2.2464   -7.5641
   291   972  3254  539570.00  2332600.00  21.094016  105.380978  -16.4646  -24.2061
   292  1323  3260  543080.00  2332540.00  21.093394  105.414770  -12.9217  -15.8197
   293   993  3260  539780.00  2332540.00  21.093469  105.382999  -12.5558  -15.6629
   294   699  3260  536840.00  2332540.00  21.093530  105.354693    1.5818   -3.6380
   295  1725  3263  547100.00  2332510.00  21.093024  105.453473   -9.5687  -15.1862
   296   630  3263  536150.00  2332510.00  21.093273  105.348049  -10.0170  -15.8279
   297   651  3275  536360.00  2332390.00  21.092185  105.350069   -7.6029  -11.2162
   298   771  3275  537560.00  2332390.00  21.092160  105.361622  -13.0122  -16.6339
   299  3555  3281  565400.00  2332330.00  21.090835  105.629649   -6.8756  -13.6045
   300  4968  3287  579530.00  2332270.00  21.089734  105.765677  -10.3905  -13.8777
   301   561  3287  535460.00  2332270.00  21.091118  105.341401  -12.1844  -17.1125
   302   867  3287  538520.00  2332270.00  21.091056  105.370862   -0.3089   -8.5796
   303   735  3290  537200.00  2332240.00  21.090813  105.358153  -13.9111  -13.8215
   304   687  3290  536720.00  2332240.00  21.090822  105.353531   -4.1512  -10.4065
   305   588  3296  535730.00  2332180.00  21.090300  105.343999   -7.7770  -20.4950
   306  1551  3299  545360.00  2332150.00  21.089815  105.436711   -2.9222  -14.2674
   307   594  3302  535790.00  2332120.00  21.089756  105.344575   -7.6740  -18.1029
   308  1086  3305  540710.00  2332090.00  21.089383  105.391942   -1.8105  -10.5723
   309  6306  3308  592910.00  2332060.00  21.087206  105.894471   -9.4306  -13.4015
   310   576  3311  535610.00  2332030.00  21.088947  105.342840   -6.5296  -15.2672
   311  1095  3311  540800.00  2332030.00  21.088838  105.392807  -10.4915  -16.3818
   312  1242  3317  542270.00  2331970.00  21.088263  105.406958   -8.0898  -18.0312
   313  6384  3317  593690.00  2331970.00  21.086354  105.901974   -6.3808  -12.5037
   314  1116  3323  541010.00  2331910.00  21.087749  105.394826   -9.2423  -14.8957
   315  4662  3323  576470.00  2331910.00  21.086612  105.736203  -10.1063  -16.8258
   316  6390  3329  593750.00  2331850.00  21.085266  105.902545   -8.2233  -14.8385
   317   834  3329  538190.00  2331850.00  21.087268  105.367675  -12.8327  -12.0697
   318   777  3332  537620.00  2331820.00  21.087009  105.362187  -14.7941  -19.6541
   319   699  3332  536840.00  2331820.00  21.087025  105.354678   -1.0774   -8.4520
   320   564  3341  535490.00  2331730.00  21.086238  105.341679   -3.7148  -10.8708
   321   942  3341  539270.00  2331730.00  21.086161  105.378070  -12.3208  -18.8524
   322  6336  3344  593210.00  2331700.00  21.083939  105.897339  -10.9413  -17.4075
   323   981  3344  539660.00  2331700.00  21.085882  105.381824  -10.4631  -13.1521
   324   903  3344  538880.00  2331700.00  21.085898  105.374315   -8.0080  -15.5411
   325  6759  3347  597440.00  2331670.00  21.083447  105.938056   -6.5593  -15.3476
   326  1644  3350  546290.00  2331640.00  21.085184  105.445651   -8.3787  -10.0186
   327   978  3353  539630.00  2331610.00  21.085069  105.381533  -13.2162  -16.1771
   328   924  3353  539090.00  2331610.00  21.085081  105.376334   -8.5888  -12.6152
   329  1353  3356  543380.00  2331580.00  21.084713  105.417634  -12.5147  -15.0928
   330   507  3356  534920.00  2331580.00  21.084894  105.336188  -10.2775  -12.6320
   331   819  3356  538040.00  2331580.00  21.084832  105.366225   -9.5403  -17.8770
   332  1056  3359  540410.00  2331550.00  21.084510  105.389041   -9.4658  -14.6655
   333   555  3359  535400.00  2331550.00  21.084614  105.340809   -7.7701  -11.9505
   334   957  3362  539420.00  2331520.00  21.084261  105.379509  -10.4678  -17.7200
   335   735  3365  537200.00  2331490.00  21.084036  105.358136   -9.6622  -13.5254
   336   927  3368  539120.00  2331460.00  21.083725  105.376620   -9.9366  -14.9233
   337  1368  3368  543530.00  2331460.00  21.083625  105.419075  -12.4767  -21.1213
   338   786  3371  537710.00  2331430.00  21.083483  105.363045  -10.3431  -13.2047
   339   813  3377  537980.00  2331370.00  21.082936  105.365643  -10.9926  -12.4361
   340   474  3377  534590.00  2331370.00  21.083003  105.333007   -7.5912  -11.8674
   341  1056  3377  540410.00  2331370.00  21.082884  105.389037  -12.2411  -16.8646
   342  1050  3380  540350.00  2331340.00  21.082614  105.388458   -4.9272  -12.0896
   343   855  3383  538400.00  2331310.00  21.082385  105.369685   -5.8373  -11.8503
   344  4491  3386  574760.00  2331280.00  21.080990  105.719713   -7.2253  -12.8740
   345  1896  3389  548810.00  2331250.00  21.081595  105.469900   -8.7802  -13.7217
   346  2190  3389  551750.00  2331250.00  21.081514  105.498203   -7.1805  -11.3813
   347   792  3389  537770.00  2331250.00  21.081856  105.363619   -7.2043  -14.5647
   348   489  3392  534740.00  2331220.00  21.081645  105.334448   -6.1539  -13.8061
   349  4728  3392  577130.00  2331220.00  21.080350  105.742525   -5.8975  -18.2230
   350   927  3395  539120.00  2331190.00  21.081285  105.376614   -5.8350   -9.4988
   351   855  3395  538400.00  2331190.00  21.081301  105.369682  -13.4517  -14.8596
   352   855  3407  538400.00  2331070.00  21.080216  105.369680  -14.0720  -21.1726
   353   492  3410  534770.00  2331040.00  21.080018  105.334733   -5.6689  -11.4182
   354   666  3410  536510.00  2331040.00  21.079984  105.351484   -6.4218   -7.7567
   355   543  3419  535280.00  2330950.00  21.079195  105.339641   -3.0054   -9.4476
   356   630  3422  536150.00  2330920.00  21.078907  105.348016   -6.0341  -14.7000
   357  5091  3422  580760.00  2330920.00  21.077483  105.777454   -9.1576  -11.9697
   358  1011  3422  539960.00  2330920.00  21.078828  105.384694  -11.8992  -16.6669
   359  1185  3431  541700.00  2330830.00  21.077976  105.401443   -5.7813  -12.7096
   360   603  3437  535880.00  2330770.00  21.077557  105.345413   -8.3755  -11.8494
   361   858  3440  538430.00  2330740.00  21.077234  105.369961  -13.3705  -20.8782
   362  1503  3446  544880.00  2330680.00  21.076545  105.432052   -8.9434  -13.6082
   363   636  3452  536210.00  2330620.00  21.076195  105.348587   -6.2173  -12.0832
   364  1500  3452  544850.00  2330620.00  21.076004  105.431761   -4.2466  -16.3930
   365   819  3455  538040.00  2330590.00  21.075887  105.366203   -6.4321  -11.7176
   366  1056  3455  540410.00  2330590.00  21.075836  105.389018  -15.5224  -22.4604
   367  1071  3458  540560.00  2330560.00  21.075562  105.390462   -7.5272  -11.7743
   368   867  3464  538520.00  2330500.00  21.075064  105.370822  -10.5018  -17.0441
   369   648  3464  536330.00  2330500.00  21.075108  105.349740   -2.0570  -12.0996
   370   651  3464  536360.00  2330500.00  21.075108  105.350029   -1.7904   -9.2595
   371   702  3467  536870.00  2330470.00  21.074827  105.354938  -10.3889  -13.3276
   372  4860  3473  578450.00  2330410.00  21.072976  105.755195   -6.5808  -17.2520
   373  1077  3476  540620.00  2330380.00  21.073934  105.391035  -12.9110  -20.7941
   374   696  3479  536810.00  2330350.00  21.073744  105.354357    1.3684   -3.6025
   375  4998  3479  579830.00  2330350.00  21.072374  105.768476   -6.0795  -14.8988
   376   522  3482  535070.00  2330320.00  21.073507  105.337607   -3.8655  -11.3808
   377  1077  3482  540620.00  2330320.00  21.073392  105.391034  -11.0133  -18.8783
   378   621  3485  536060.00  2330290.00  21.073216  105.347136   -4.2848  -14.1613
   379   876  3488  538610.00  2330260.00  21.072893  105.371683  -13.5718  -15.9598
   380  4803  3488  577880.00  2330260.00  21.071645  105.749701   -8.4596  -14.7965
   381   867  3491  538520.00  2330230.00  21.072624  105.370816  -10.8283  -15.0656
   382  3765  3494  567500.00  2330200.00  21.071515  105.649783  -10.3678  -15.0147
   383   768  3503  537530.00  2330110.00  21.071560  105.361283  -10.5976  -14.7615
   384  5727  3503  587120.00  2330110.00  21.069874  105.838635   -7.0081  -13.0437
   385  5754  3506  587390.00  2330080.00  21.069590  105.841232   -7.1598   -9.9837
   386  5010  3506  579950.00  2330080.00  21.069929  105.769618   -8.8057  -14.2374
   387   669  3509  536540.00  2330050.00  21.071038  105.351752    7.4985    0.7156
   388   645  3509  536300.00  2330050.00  21.071043  105.349442   -0.7476   -9.2833
   389   534  3515  535190.00  2329990.00  21.070523  105.338755   -6.6016   -8.5194
   390  2004  3515  549890.00  2329990.00  21.070181  105.480261   -9.0556  -16.1438
   391  4836  3518  578210.00  2329960.00  21.068920  105.752864  -10.3423  -16.5218
   392  1155  3524  541400.00  2329900.00  21.069580  105.398532  -11.7137  -14.0752
   393   627  3530  536120.00  2329840.00  21.069149  105.347704   -1.7841  -10.0318
   394  3867  3530  568520.00  2329840.00  21.068224  105.659587   -8.3167  -20.6035
   395   552  3530  535370.00  2329840.00  21.069164  105.340485   -6.1892  -11.2115
   396  2031  3533  550160.00  2329810.00  21.068548  105.482855   -8.2121  -13.4900
   397  3819  3536  568040.00  2329780.00  21.067700  105.654964   -6.5538  -15.9532
   398   669  3542  536540.00  2329720.00  21.068057  105.351745   -6.6083  -13.0479
   399  1101  3545  540860.00  2329690.00  21.067694  105.393329  -11.5470  -13.4729
   400  5928  3545  589130.00  2329690.00  21.065982  105.857960   -9.5063  -16.8253
   401   870  3548  538550.00  2329660.00  21.067473  105.371092   -6.7251  -18.0868
   402   558  3548  535430.00  2329660.00  21.067536  105.341059   -4.9310   -9.1731
   403  1776  3548  547610.00  2329660.00  21.067260  105.458304   -8.4593  -17.1440
   404  2832  3551  558170.00  2329630.00  21.066684  105.559952   -7.2123  -17.3424
   405  1788  3551  547730.00  2329630.00  21.066986  105.459458   -9.8806  -21.1599
   406   315  3551  533000.00  2329630.00  21.067311  105.317666   -9.3781  -17.5370
   407   852  3554  538370.00  2329600.00  21.066935  105.369358   -5.8212  -13.1215
   408  1149  3554  541340.00  2329600.00  21.066870  105.397947  -16.2030  -17.6192
   409   858  3560  538430.00  2329540.00  21.066392  105.369934   -8.2734  -16.6240
   410  1032  3560  540170.00  2329540.00  21.066354  105.386684   -7.8756  -12.0855
   411  5619  3563  586040.00  2329510.00  21.064504  105.828209  -10.0275  -15.7600
   412   753  3572  537380.00  2329420.00  21.065329  105.359824    0.1445   -5.1787
   413   957  3578  539420.00  2329360.00  21.064744  105.379460   -9.1727  -13.5902
   414   867  3578  538520.00  2329360.00  21.064763  105.370797   -9.2519  -14.3986
   415  2559  3584  555440.00  2329300.00  21.063788  105.533663   -3.8374  -15.8903
   416   750  3587  537350.00  2329270.00  21.063974  105.359532   -1.4386   -7.0178
   417   936  3590  539210.00  2329240.00  21.063664  105.377436  -13.9419  -17.4215
   418   729  3590  537140.00  2329240.00  21.063708  105.357510   -1.1468   -9.5499
   419   963  3593  539480.00  2329210.00  21.063388  105.380034   -7.7268  -15.1020
   420  3828  3599  568130.00  2329150.00  21.062005  105.655805   -8.8257  -14.7440
   421   603  3599  535880.00  2329150.00  21.062919  105.345380   -1.1953   -9.8111
   422  4839  3599  578240.00  2329150.00  21.061601  105.753116   -9.0690  -16.7845
   423   780  3602  537650.00  2329120.00  21.062613  105.362417  -14.5487  -24.1189
   424   951  3602  539360.00  2329120.00  21.062577  105.378877  -12.9060  -17.9873
   425   873  3605  538580.00  2329090.00  21.062323  105.371368  -12.3740  -19.5453
   426  1506  3605  544910.00  2329090.00  21.062178  105.432299   -8.1035  -15.7215
   427  3159  3605  561440.00  2329090.00  21.061699  105.591409   -7.3321  -13.8700
   428   867  3605  538520.00  2329090.00  21.062324  105.370791  -12.6894  -18.1929
   429   849  3608  538340.00  2329060.00  21.062056  105.369057  -10.5949  -17.9498
   430  1485  3608  544700.00  2329060.00  21.061912  105.430277  -10.0055  -13.9038
   431   639  3611  536240.00  2329030.00  21.061828  105.348842   -3.6163   -7.8500
   432   786  3611  537710.00  2329030.00  21.061798  105.362992  -10.4427  -19.2274
   433   918  3611  539030.00  2329030.00  21.061771  105.375698  -10.7577  -12.0158
   434   798  3614  537830.00  2329000.00  21.061525  105.364147  -17.9032  -19.8213
   435  4761  3617  577460.00  2328970.00  21.060008  105.745601   -9.2429  -20.5420
   436  1746  3623  547310.00  2328910.00  21.060492  105.455396  -12.1607  -14.7297
   437  4770  3623  577550.00  2328910.00  21.059462  105.746464   -5.3109  -14.1415
   438  4851  3629  578360.00  2328850.00  21.058885  105.754258   -7.8008  -12.7127
   439   966  3635  539510.00  2328790.00  21.059592  105.380313  -13.3749  -13.7094
   440   468  3635  534530.00  2328790.00  21.059693  105.332378   -9.9743  -17.1958
   441   648  3635  536330.00  2328790.00  21.059658  105.349704   -4.5176  -10.4228
   442  4833  3638  578180.00  2328760.00  21.058080  105.752521   -6.5360  -15.6516
   443   441  3638  534260.00  2328760.00  21.059427  105.329778   -5.7371   -9.2349
   444   537  3641  535220.00  2328730.00  21.059137  105.339018   -5.1164  -17.1200
   445   918  3641  539030.00  2328730.00  21.059060  105.375691  -11.5469  -18.9247
   446   663  3641  536480.00  2328730.00  21.059113  105.351146    2.8143   -8.2198
   447  1080  3644  540650.00  2328700.00  21.058754  105.391284   -6.5179  -15.2977
   448  5001  3647  579860.00  2328670.00  21.057194  105.768687   -8.7058  -17.2597
   449   414  3650  533990.00  2328640.00  21.058347  105.327177   -4.6741  -12.4178
   450   450  3656  534350.00  2328580.00  21.057799  105.330641    1.1285   -4.3674
   451   264  3656  532490.00  2328580.00  21.057832  105.312737   -7.0127  -17.2853
   452  4842  3656  578270.00  2328580.00  21.056450  105.753379   -5.9723  -14.6312
   453   954  3659  539390.00  2328550.00  21.057426  105.379153  -10.6650  -16.2468
   454   729  3665  537140.00  2328490.00  21.056931  105.357494   -2.3859   -5.8523
   455   663  3668  536480.00  2328460.00  21.056673  105.351141   -3.3671  -11.4566
   456  2127  3677  551120.00  2328370.00  21.055510  105.492053   -8.1786  -14.1008
   457  2130  3686  551150.00  2328280.00  21.054696  105.492339   -9.1849  -14.2421
   458   783  3686  537680.00  2328280.00  21.055023  105.362687    0.4453   -8.9669
   459  1707  3695  546920.00  2328190.00  21.053996  105.451622  -10.5958  -13.8625
   460   210  3695  531950.00  2328190.00  21.054318  105.307532   -9.2482  -17.9206
   461   975  3695  539600.00  2328190.00  21.054169  105.381166   -9.2006  -13.5836
   462   537  3698  535220.00  2328160.00  21.053987  105.339006   -8.3325  -15.9404
   463   693  3698  536780.00  2328160.00  21.053957  105.354022   -2.1334  -10.5739
   464   735  3701  537200.00  2328130.00  21.053677  105.358064   -1.5111   -7.8782
   465   606  3704  535910.00  2328100.00  21.053432  105.345647   -4.1186  -13.1613
   466   747  3707  537320.00  2328070.00  21.053132  105.359217    1.8668   -8.3297
   467   876  3710  538610.00  2328040.00  21.052835  105.371633  -13.5641  -16.4353
   468   741  3716  537260.00  2327980.00  21.052321  105.358638   -1.4024   -5.6897
   469   600  3716  535850.00  2327980.00  21.052349  105.345067   -7.5943  -14.4468
   470  1053  3719  540380.00  2327950.00  21.051983  105.388668   -6.3587  -13.4499
   471   918  3722  539030.00  2327920.00  21.051742  105.375673  -16.8060  -23.6953
   472  1050  3722  540350.00  2327920.00  21.051713  105.388378   -7.6650  -17.2702
   473   939  3728  539240.00  2327860.00  21.051195  105.377693  -11.7630  -18.3524
   474  2226  3728  552110.00  2327860.00  21.050874  105.501566   -7.9129  -14.8638
   475   840  3731  538250.00  2327830.00  21.050945  105.368164  -11.4734  -18.9902
   476   627  3731  536120.00  2327830.00  21.050988  105.347662  -15.3766  -19.3703
   477   396  3731  533810.00  2327830.00  21.051032  105.325428   -9.6906  -13.6393
   478   504  3734  534890.00  2327800.00  21.050741  105.335823   -1.6042  -10.3323
   479   945  3734  539300.00  2327800.00  21.050652  105.378269  -11.8572  -15.1036
   480   681  3737  536660.00  2327770.00  21.050435  105.352858   -8.8067  -16.3404
   481  1080  3737  540650.00  2327770.00  21.050351  105.391262  -12.5057  -19.6422
   482  1686  3737  546710.00  2327770.00  21.050207  105.449589   -8.1346  -16.7161
   483  4890  3737  578750.00  2327770.00  21.049111  105.757962   -9.0128  -14.8955
   484  2385  3737  553700.00  2327770.00  21.050015  105.516867  -10.6904  -13.3281
   485  6852  3743  598370.00  2327710.00  21.047622  105.946782   -4.6260  -13.0163
   486  6849  3749  598340.00  2327650.00  21.047081  105.946490   -5.9279  -13.1451
   487  1035  3752  540200.00  2327620.00  21.049006  105.386927  -10.3437  -18.9789
   488   849  3755  538340.00  2327590.00  21.048774  105.369024   -8.8889  -17.9700
   489  1071  3755  540560.00  2327590.00  21.048727  105.390392  -15.3529  -21.3397
   490  4845  3758  578300.00  2327560.00  21.047233  105.753621   -7.2439  -13.4774
   491   717  3758  537020.00  2327560.00  21.048530  105.356319   -1.0210   -7.3415
   492  6858  3761  598430.00  2327530.00  21.045992  105.947349   -6.3172  -12.2224
   493   822  3761  538070.00  2327530.00  21.048238  105.366424   -1.1628   -6.2589
   494  1050  3761  540350.00  2327530.00  21.048189  105.388369   -8.4713  -16.2876
   495   558  3764  535430.00  2327500.00  21.048020  105.341014   -1.1412   -4.9575
   496   717  3770  537020.00  2327440.00  21.047446  105.356316   -5.1295  -11.3450
   497  2472  3773  554570.00  2327410.00  21.046737  105.525229   -7.7582  -19.4681
   498   927  3776  539120.00  2327380.00  21.046861  105.376527   -8.0169  -16.0413
   499  1347  3776  543320.00  2327380.00  21.046766  105.416951   -8.5854  -12.1285
   500   954  3779  539390.00  2327350.00  21.046584  105.379125  -10.8448  -16.8626
   501  1152  3779  541370.00  2327350.00  21.046540  105.398182   -5.9190  -12.0704
   502   906  3782  538910.00  2327320.00  21.046323  105.374505  -13.0322  -19.3889
   503  1689  3785  546740.00  2327290.00  21.045869  105.449865  -11.7409  -16.2665
   504  1206  3788  541910.00  2327260.00  21.045715  105.403377   -9.4057  -14.5138
   505   870  3788  538550.00  2327260.00  21.045788  105.371038  -20.0731  -25.4187
   506   900  3788  538850.00  2327260.00  21.045782  105.373926  -11.8302  -18.8621
   507   903  3791  538880.00  2327230.00  21.045510  105.374214  -11.6390  -15.6630
   508  1206  3791  541910.00  2327230.00  21.045444  105.403377   -9.7847  -12.6888
   509  1197  3791  541820.00  2327230.00  21.045446  105.402510   -8.7494  -13.2735
   510  1281  3794  542660.00  2327200.00  21.045155  105.410594   -7.7612  -13.8408
   511   933  3794  539180.00  2327200.00  21.045233  105.377101   -7.9619  -13.2130
   512  1167  3803  541520.00  2327110.00  21.044368  105.399620   -6.7739   -9.1603
   513   840  3806  538250.00  2327080.00  21.044168  105.368147    1.1421   -7.5527
   514  1089  3806  540740.00  2327080.00  21.044115  105.392112  -11.2920  -16.4144
   515   567  3806  535520.00  2327080.00  21.044223  105.341872   -0.6280  -11.6975
   516  1041  3809  540260.00  2327050.00  21.043854  105.387492   -8.3917  -12.2704
   517  2382  3809  553670.00  2327050.00  21.043511  105.516556   -7.2347  -16.7659
   518   825  3809  538100.00  2327050.00  21.043900  105.366703   -5.6830   -7.6873
   519   474  3809  534590.00  2327050.00  21.043970  105.332920   -4.0513   -8.8395
   520  1281  3812  542660.00  2327020.00  21.043529  105.410590  -12.9795  -17.9087
   521  6729  3812  597140.00  2327020.00  21.041454  105.934906   -7.1132  -19.5026
   522  2625  3812  556100.00  2327020.00  21.043167  105.539942  -12.2374  -15.5783
   523   537  3815  535220.00  2326990.00  21.043416  105.338982   -7.3720  -12.7417
   524  6861  3815  598460.00  2326990.00  21.041112  105.947607   -6.9993  -15.3667
   525  1179  3818  541640.00  2326960.00  21.043010  105.400771   -3.4952   -9.6061
   526  3825  3818  568100.00  2326960.00  21.042219  105.655430   -8.4393  -14.7079
   527  1647  3821  546320.00  2326930.00  21.042627  105.445813  -12.6704  -15.3393
   528   543  3821  535280.00  2326930.00  21.042872  105.339559   -5.8450   -7.6358
   529   501  3827  534860.00  2326870.00  21.042338  105.335515   -5.0652   -6.0651
   530   636  3830  536210.00  2326840.00  21.042041  105.348508   -2.5891  -12.1167
   531  1266  3830  542510.00  2326840.00  21.041906  105.409142  -11.2300   -7.9922
   532   519  3830  535040.00  2326840.00  21.042064  105.337247   -3.2802   -8.7552
   533   603  3833  535880.00  2326810.00  21.041777  105.345331   -5.5033  -10.3611
   534   579  3836  535640.00  2326780.00  21.041510  105.343020  -10.4791  -16.3255
   535  1083  3836  540680.00  2326780.00  21.041405  105.391528   -1.2199   -8.2500
   536  2148  3842  551330.00  2326720.00  21.040596  105.494025  -11.9035  -16.9033
   537  1302  3845  542870.00  2326690.00  21.040542  105.412603   -8.6106  -18.8277
   538   612  3845  535970.00  2326690.00  21.040691  105.346195   -5.1082  -14.4715
   539  1767  3848  547520.00  2326660.00  21.040157  105.457355   -8.7980  -13.0549
   540  1998  3848  549830.00  2326660.00  21.040095  105.479587   -5.2205  -15.2306
   541  3963  3851  569480.00  2326630.00  21.039186  105.668698  -13.5669  -10.4555
   542   777  3857  537620.00  2326570.00  21.039573  105.362072   -3.8387   -7.1674
   543  3945  3860  569300.00  2326540.00  21.038379  105.666962  -11.1128  -16.8729
   544  3993  3869  569780.00  2326450.00  21.037548  105.671578   -6.1727   -9.5868
   545   675  3869  536600.00  2326450.00  21.038510  105.352253  -11.5500  -20.4729
   546  1686  3869  546710.00  2326450.00  21.038280  105.449554   -8.4788  -10.4710
   547  1086  3872  540710.00  2326420.00  21.038152  105.391808   -6.8127  -13.6598
   548  1206  3872  541910.00  2326420.00  21.038125  105.403357  -11.6940  -13.8901
   549   969  3875  539540.00  2326390.00  21.037906  105.380547  -10.1579  -15.0057
   550   261  3875  532460.00  2326390.00  21.038045  105.312407  -10.7608  -14.1681
   551  1182  3875  541670.00  2326390.00  21.037859  105.401046   -9.4333  -11.4542
   552   276  3881  532610.00  2326330.00  21.037501  105.313850  -10.1358  -19.3227
   553  1119  3881  541040.00  2326330.00  21.037331  105.394982  -12.8400  -16.7508
   554   978  3881  539630.00  2326330.00  21.037362  105.381412   -9.0653  -15.4250
   555  1137  3881  541220.00  2326330.00  21.037327  105.396714   -8.9366  -14.7266
   556  1176  3884  541610.00  2326300.00  21.037048  105.400467   -9.1534  -16.6942
   557  2238  3887  552230.00  2326270.00  21.036505  105.502673   -9.9276  -13.8090
   558  1206  3890  541910.00  2326240.00  21.036499  105.403352   -7.6319  -16.2575
   559   147  3893  531320.00  2326210.00  21.036439  105.301432   -7.0204  -16.0236
   560   339  3893  533240.00  2326210.00  21.036405  105.319911   -7.6309  -17.1874
   561  1773  3896  547580.00  2326180.00  21.035818  105.457919   -3.5971  -11.0230
   562  1212  3905  541970.00  2326090.00  21.035142  105.403926  -10.7444  -15.8260
   563   633  3905  536180.00  2326090.00  21.035265  105.348203  -11.4750  -12.0149
   564  2241  3905  552260.00  2326090.00  21.034878  105.502956  -11.6811  -16.8324
   565  1017  3908  540020.00  2326060.00  21.034914  105.385159   -6.2467  -13.7799
   566   729  3914  537140.00  2326000.00  21.034433  105.357440   -0.2212   -9.9967
   567  1944  3914  549290.00  2326000.00  21.034147  105.474371   -9.8743  -15.3426
   568  1218  3914  542030.00  2326000.00  21.034327  105.404501  -12.1982  -15.8334
   569  1149  3917  541340.00  2325970.00  21.034072  105.397860  -10.0611  -15.7901
   570  4014  3920  569990.00  2325940.00  21.032932  105.673578  -10.0282  -16.0571
   571   924  3920  539090.00  2325940.00  21.033850  105.376206   -4.8477  -10.6024
   572   240  3920  532250.00  2325940.00  21.033983  105.310378  -13.9094  -17.4566
   573  3969  3920  569540.00  2325940.00  21.032949  105.669247   -9.1166  -14.2343
   574  4044  3923  570290.00  2325910.00  21.032650  105.676464   -9.4894  -13.8319
   575   963  3929  539480.00  2325850.00  21.033029  105.379957  -11.2039  -18.6130
   576  2865  3929  558500.00  2325850.00  21.032521  105.563001   -9.8225  -13.7862
   577   498  3932  534830.00  2325820.00  21.032852  105.335205  -10.5105  -14.0837
   578   804  3932  537890.00  2325820.00  21.032791  105.364654   -8.1164  -13.5445
   579   738  3932  537230.00  2325820.00  21.032805  105.358303  -11.8731  -16.7046
   580  1176  3935  541610.00  2325790.00  21.032439  105.400454  -13.5048  -14.9131
   581  4104  3938  570890.00  2325760.00  21.031271  105.682232   -9.1229  -16.4276
   582   822  3944  538070.00  2325700.00  21.031703  105.366384   -7.2676  -14.1261
   583   897  3944  538820.00  2325700.00  21.031687  105.373602   -4.0862   -7.8653
   584   960  3947  539450.00  2325670.00  21.031403  105.379664   -9.0773  -11.7326
   585  1149  3947  541340.00  2325670.00  21.031361  105.397853  -13.8707  -17.7240
   586   735  3953  537200.00  2325610.00  21.030908  105.358009  -13.4484  -16.2945
   587   522  3959  535070.00  2325550.00  21.030408  105.337509   -9.3957  -15.2730
   588  1323  3959  543080.00  2325550.00  21.030237  105.414595  -10.6583  -11.3650
   589   714  3959  536990.00  2325550.00  21.030370  105.355987   -2.1733  -10.1104
   590   738  3962  537230.00  2325520.00  21.030094  105.358296  -19.4870  -21.4410
   591  4086  3962  570710.00  2325520.00  21.029110  105.680490   -9.5538  -19.6051
   592   789  3965  537740.00  2325490.00  21.029812  105.363204   -7.4784  -12.8971
   593  4008  3968  569930.00  2325460.00  21.028598  105.672981  -11.6555  -14.4810
   594   939  3968  539240.00  2325460.00  21.029510  105.377638    0.2468   -6.4261
   595   972  3968  539570.00  2325460.00  21.029503  105.380814   -6.0674   -9.6444
   596  4020  3968  570050.00  2325460.00  21.028593  105.674136   -8.7144  -15.8083
   597   912  3977  538970.00  2325370.00  21.028703  105.375038   -3.6257  -10.4142
   598   996  3983  539810.00  2325310.00  21.028142  105.383120    0.1728   -6.6154
   599  1035  3983  540200.00  2325310.00  21.028134  105.386874   -6.8449  -11.6383
   600   780  3989  537650.00  2325250.00  21.027646  105.362332   -8.6465  -14.0051
   601  2214  3989  551990.00  2325250.00  21.027296  105.500333  -11.3461  -18.1939
   602  1038  3992  540230.00  2325220.00  21.027320  105.387160   -9.4718  -12.8387
   603  1182  3995  541670.00  2325190.00  21.027017  105.401017   -9.8630  -20.2391
   604  1050  3998  540350.00  2325160.00  21.026775  105.388314   -8.3174  -12.1316
   605   804  4001  537890.00  2325130.00  21.026557  105.364639   -6.8567  -13.0779
   606  2160  4001  551450.00  2325130.00  21.026227  105.495132   -9.1489  -17.1929
   607   861  4004  538460.00  2325100.00  21.026274  105.370124   -4.4374  -13.9384
   608   888  4004  538730.00  2325100.00  21.026268  105.372722   -0.9870  -11.2579
   609  1053  4004  540380.00  2325100.00  21.026233  105.388601   -7.0616  -18.1731
   610  3015  4007  560000.00  2325070.00  21.025425  105.577409   -9.0486  -15.0269
   611  3084  4013  560690.00  2325010.00  21.024860  105.584047   -9.5307  -17.4597
   612  1131  4019  541160.00  2324950.00  21.024860  105.396104  -10.4812  -19.5610
   613   912  4019  538970.00  2324950.00  21.024908  105.375028   -1.6226  -10.5357
   614  1326  4019  543110.00  2324950.00  21.024815  105.414869   -4.8681   -8.3556
   615   795  4019  537800.00  2324950.00  21.024932  105.363769  -15.0565  -24.6514
   616   867  4022  538520.00  2324920.00  21.024646  105.370697   -1.1770  -11.1280
   617  1515  4025  545000.00  2324890.00  21.024228  105.433056   -7.2147  -10.0769
   618   801  4028  537860.00  2324860.00  21.024118  105.364345   -5.7264  -12.5868
   619   726  4028  537110.00  2324860.00  21.024133  105.357127   -2.7302   -8.8978
   620  1512  4031  544970.00  2324830.00  21.023686  105.432765   -8.9606  -19.5178
   621  1476  4034  544610.00  2324800.00  21.023424  105.429300   -3.6633   -9.7326
   622   933  4034  539180.00  2324800.00  21.023548  105.377046   -5.5467  -13.3897
   623  1185  4034  541700.00  2324800.00  21.023492  105.401297  -11.5692  -19.6251
   624  1083  4037  540680.00  2324770.00  21.023244  105.391480  -10.0149  -18.3598
   625  1125  4040  541100.00  2324740.00  21.022964  105.395521  -11.7627  -18.8855
   626   687  4043  536720.00  2324710.00  21.022786  105.353371  -13.4132  -15.2532
   627  1326  4046  543110.00  2324680.00  21.022376  105.414862   -2.4208  -11.0320
   628   903  4046  538880.00  2324680.00  21.022470  105.374156   -6.6758   -9.8309
   629  2832  4049  558170.00  2324650.00  21.021689  105.559784   -8.3581  -12.9383
   630   936  4058  539210.00  2324560.00  21.021379  105.377329   -5.6591  -10.8358
   631  1446  4058  544310.00  2324560.00  21.021263  105.426407   -2.4353  -12.5412
   632   903  4061  538880.00  2324530.00  21.021115  105.374153   -0.0351   -7.5454
   633   729  4061  537140.00  2324530.00  21.021151  105.357409   -9.3026  -15.0952
   634   861  4067  538460.00  2324470.00  21.020581  105.370110   -2.9891   -7.2497
   635  1074  4070  540590.00  2324440.00  21.020265  105.390606   -6.6341  -17.1995
   636  1425  4073  544100.00  2324410.00  21.019913  105.424382   -4.7175   -7.3219
   637  6291  4073  592760.00  2324410.00  21.018100  105.892615   -9.9150  -15.8076
   638  1332  4073  543170.00  2324410.00  21.019935  105.415433   -6.5103  -12.9747
   639  1302  4076  542870.00  2324380.00  21.019671  105.412545   -9.7082  -18.0510
   640  6360  4079  593450.00  2324350.00  21.017523  105.899251  -10.1948  -14.4349
   641  1287  4082  542720.00  2324320.00  21.019132  105.411100  -10.6045  -11.9149
   642  1587  4082  545720.00  2324320.00  21.019060  105.439969   -7.9064  -12.2991
   643   717  4085  537020.00  2324290.00  21.018985  105.356249  -12.3323  -18.0729
   644  5799  4085  587840.00  2324290.00  21.017258  105.845268   -7.2135  -15.7272
   645  1581  4088  545660.00  2324260.00  21.018519  105.439390   -9.3740  -17.8489
   646  1674  4088  546590.00  2324260.00  21.018496  105.448339   -5.3145  -12.5549
   647  1152  4088  541370.00  2324260.00  21.018621  105.398108  -15.1754  -17.2243
   648   708  4094  536930.00  2324200.00  21.018173  105.355381   -9.2252  -13.6796
   649  3825  4094  568100.00  2324200.00  21.017282  105.655321   -5.7729  -12.7304
   650  1137  4097  541220.00  2324170.00  21.017811  105.396662   -9.2377  -16.0821
   651  2136  4097  551210.00  2324170.00  21.017560  105.492794   -8.8317  -11.6034
   652   726  4100  537110.00  2324140.00  21.017627  105.357112   -8.9326  -19.7350
   653  1275  4103  542600.00  2324110.00  21.017237  105.409940   -7.5577  -11.4510
   654  1320  4103  543050.00  2324110.00  21.017227  105.414271  -15.2518  -19.3726
   655  3840  4109  568250.00  2324050.00  21.015921  105.656758   -9.4491  -13.7357
   656  1635  4109  546200.00  2324050.00  21.016608  105.444581  -12.5634  -21.5243
   657  1476  4112  544610.00  2324020.00  21.016376  105.429280   -1.5285   -9.6306
   658   888  4115  538730.00  2323990.00  21.016239  105.372697   -4.2677  -12.9627
   659  1593  4115  545780.00  2323990.00  21.016077  105.440538   -9.6012  -14.5467
   660  1608  4118  545930.00  2323960.00  21.015802  105.441980  -16.6162  -15.1185
   661  1989  4121  549740.00  2323930.00  21.015432  105.478642   -7.7414  -16.5688
   662  1110  4124  540950.00  2323900.00  21.015377  105.394058   -9.7155  -14.1085
   663  6336  4127  593210.00  2323870.00  21.013199  105.896915   -6.2155  -16.5454
   664   762  4130  537470.00  2323840.00  21.014910  105.360569   -9.3855  -14.0603
   665  1857  4133  548420.00  2323810.00  21.014383  105.465937   -9.5436  -17.0596
   666   768  4154  537530.00  2323600.00  21.012740  105.361141  -13.0446  -18.7309
   667  4023  4154  570080.00  2323600.00  21.011787  105.674349   -6.0883  -12.8582
   668  6564  4169  595490.00  2323450.00  21.009287  105.918829   -8.8103  -16.3833
   669  6309  4178  592940.00  2323360.00  21.008605  105.894290   -7.2463  -16.9897
   670  6573  4181  595580.00  2323330.00  21.008198  105.919689   -7.2480  -16.5291
   671  6549  4181  595340.00  2323330.00  21.008211  105.917380   -9.3720  -12.9767
   672   702  4187  536870.00  2323270.00  21.009771  105.354783  -10.1164  -19.8984
   673  2238  4193  552230.00  2323210.00  21.008857  105.502580   -8.0292  -16.8988
   674  2193  4196  551780.00  2323180.00  21.008599  105.498249   -8.8388  -19.7118
   675  2769  4211  557540.00  2323030.00  21.007072  105.553668   -8.0842  -18.1985
   676  2865  4220  558500.00  2322940.00  21.006229  105.562902   -8.0037  -23.8278
   677  6348  4226  593330.00  2322880.00  21.004248  105.898016   -7.6228  -14.7487
   678  6342  4268  593270.00  2322460.00  21.000457  105.897416   -8.2721  -15.3575
   679  6333  4271  593180.00  2322430.00  21.000191  105.896549   -6.7300  -14.8254
   680  2445  4274  554300.00  2322400.00  21.001479  105.522473   -7.2471  -10.5985
   681  6447  4298  594320.00  2322160.00  20.997693  105.907502   -7.5780  -16.8063
   682  4200  4337  571850.00  2321770.00  20.995184  105.691304   -7.4225  -17.6594
   683  6471  4343  594560.00  2321710.00  20.993615  105.909786  -10.5524  -17.1985
   684  4596  4349  575810.00  2321650.00  20.993941  105.729397   -8.8456  -14.3809
   685  5052  4352  580370.00  2321620.00  20.993477  105.773267   -6.6326  -11.9228
   686  6843  4358  598280.00  2321560.00  20.992065  105.945565   -8.3483  -13.9632
   687  4902  4427  578870.00  2320870.00  20.986766  105.758801  -11.7495  -15.1894
   688  3753  4442  567380.00  2320720.00  20.985867  105.648257   -6.0354  -13.8114
   689  6870  4463  598550.00  2320510.00  20.982565  105.948103  -10.8692  -13.8002
   690  4077  4472  570620.00  2320420.00  20.983035  105.679415   -7.7788  -12.3611
   691  4269  4514  572540.00  2320000.00  20.979165  105.697868  -11.3491  -14.5459
   692  4314  4517  572990.00  2319970.00  20.978877  105.702196  -10.9268  -15.3727
   693  4020  4532  570050.00  2319820.00  20.977636  105.673907   -7.5479  -11.5928
   694  2340  4535  553250.00  2319790.00  20.977927  105.512290  -11.1449  -15.2075
   695  5613  4544  585980.00  2319700.00  20.975876  105.827143   -9.0289  -12.4490
   696  6672  4547  596570.00  2319670.00  20.975080  105.929009   -6.3014  -13.9584
   697  4389  4559  573740.00  2319550.00  20.975052  105.709393   -9.8928  -13.0770
   698  4422  4607  574070.00  2319070.00  20.970702  105.712547   -8.5050  -16.1517
   699  6303  4631  592880.00  2318830.00  20.967681  105.893469   -8.1483  -15.0150
   700  4518  4631  575030.00  2318830.00  20.968495  105.721771   -9.3688  -13.5044
   701  6294  4670  592790.00  2318440.00  20.964162  105.892583  -12.1576  -13.0340
   702  2604  4679  555890.00  2318350.00  20.964838  105.537640  -11.0310  -15.3138
   703  2976  4685  559610.00  2318290.00  20.964179  105.573422  -10.4668  -16.1999
   704  4521  4721  575060.00  2317930.00  20.960362  105.722020   -9.6449  -16.8638
   705  2730  4745  557150.00  2317690.00  20.958836  105.549739  -10.8717  -17.0822
   706  2856  4748  558410.00  2317660.00  20.958526  105.561858   -5.3852  -13.0752
   707  5877  4748  588620.00  2317660.00  20.957321  105.852433  -13.7854  -19.3922
   708  4455  4766  574400.00  2317480.00  20.956323  105.715653   -5.5177  -14.0808
   709  4533  4769  575180.00  2317450.00  20.956020  105.723154   -8.6580  -13.6816
   710  2652  4793  556370.00  2317210.00  20.954523  105.542220   -9.8379  -14.6328
   711  2745  4793  557300.00  2317210.00  20.954495  105.551166   -9.6587  -15.0119
   712  6165  4814  591500.00  2317000.00  20.951217  105.880099   -7.8946  -15.2445
   713  2766  4820  557510.00  2316940.00  20.952048  105.553177   -7.2737  -15.0357
   714  4359  4856  573440.00  2316580.00  20.948230  105.706381   -4.1500  -17.7892
   715  2802  4865  557870.00  2316490.00  20.947971  105.556624   -7.8838  -13.8284
   716  2841  4877  558260.00  2316370.00  20.946875  105.560371   -8.2310  -16.3379
   717  2703  4883  556880.00  2316310.00  20.946376  105.547096   -6.0093  -12.1068
   718  2739  4889  557240.00  2316250.00  20.945823  105.550557   -6.0656  -20.1196
   719  3024  4928  560090.00  2315860.00  20.942208  105.577955  -10.7705  -13.2512
   720  3195  4961  561800.00  2315530.00  20.939170  105.594389   -8.4246  -16.0169
   721  3303  4961  562880.00  2315530.00  20.939133  105.604776   -8.5900  -15.6505
   722  2940  5030  559250.00  2314840.00  20.933019  105.569841  -10.7900  -17.1271
   723  2868  5036  558530.00  2314780.00  20.932500  105.562914   -9.0309  -12.4126
   724  2640  5057  556250.00  2314570.00  20.930674  105.540980  -10.2265  -15.4309
   725  2667  5069  556520.00  2314450.00  20.929581  105.543573   -7.7912  -13.0901
   726  2571  5075  555560.00  2314390.00  20.929068  105.534339   -5.8728   -9.0110
   727  2262  5087  552470.00  2314270.00  20.928074  105.504619  -13.2900  -17.0582
   728  2427  5096  554120.00  2314180.00  20.927214  105.520484   -9.6154  -17.9235
   729  2670  5099  556550.00  2314150.00  20.926870  105.543852  -12.4471  -17.0743
   730  5838  5102  588230.00  2314120.00  20.925356  105.848502   -5.6605  -11.5724
   731  2691  5114  556760.00  2314000.00  20.925508  105.545866  -12.7799  -16.2110
   732  2358  5129  553430.00  2313850.00  20.924252  105.513838   -7.1753  -14.8336
   733  2451  5141  554360.00  2313730.00  20.923141  105.522778   -8.0291  -21.6120
   734  2460  5153  554450.00  2313610.00  20.922054  105.523639  -14.0177  -17.3532
   735  2448  5159  554330.00  2313550.00  20.921515  105.522484   -7.2910  -11.9847
   736  2466  5165  554510.00  2313490.00  20.920968  105.524213  -14.7716  -20.3298
   738  4560  5333  575450.00  2311810.00  20.905052  105.725505   -3.4738  -12.6071
   739  2943  5342  559280.00  2311720.00  20.904828  105.570023   -9.9495  -14.2458
   740  2943  5378  559280.00  2311360.00  20.901576  105.570011   -6.1062  -16.9389
   741  3150  5447  561350.00  2310670.00  20.895274  105.589890   -8.7885  -16.2104
   742  3051  5465  560360.00  2310490.00  20.893680  105.580365   -9.0562  -14.5470
   743  4128  5486  571130.00  2310280.00  20.891400  105.683905   -6.8755  -15.0511
   744  4614  5495  575990.00  2310190.00  20.890393  105.730627   -6.7469  -13.4953
   745  5709  5513  586940.00  2310010.00  20.888285  105.835891   -5.2747  -14.6580
   746  2895  5519  558800.00  2309950.00  20.888851  105.565348   -8.5009   -9.8671
   747  4620  5519  576050.00  2309950.00  20.888222  105.731193   -8.0244  -12.4325
   748  6021  5552  590060.00  2309620.00  20.884612  105.865866   -7.1085  -11.3566
   749  3393  5663  563780.00  2308510.00  20.875675  105.613174   -6.2311  -16.4521
   750  3159  5720  561440.00  2307940.00  20.870604  105.590658   -9.5244  -19.9299
   751  3153  5738  561380.00  2307760.00  20.868980  105.590075   -1.6115   -9.3311
   752  3150  5738  561350.00  2307760.00  20.868981  105.589787   -6.5387  -15.2280
   753  4656  5744  576410.00  2307700.00  20.867879  105.734555   -7.3536  -14.6369
   754  2991  5747  559760.00  2307670.00  20.868220  105.574499   -7.5797  -15.1795
   755  3210  5765  561950.00  2307490.00  20.866521  105.595545   -7.8173  -15.3042
   756  4677  5777  576620.00  2307370.00  20.864888  105.736559   -6.3318  -12.3748
   757  4686  5786  576710.00  2307280.00  20.864072  105.737421  -11.8108  -15.0400
   758  3240  5786  562250.00  2307280.00  20.864614  105.598422  -10.4169  -13.2555
   759  3219  5786  562040.00  2307280.00  20.864621  105.596403   -6.0949  -11.2766
   760  3525  5813  565100.00  2307010.00  20.862076  105.625808   -8.5791  -13.2709
   761  3729  5888  567140.00  2306260.00  20.855227  105.645389   -9.7920  -18.7210
   762  6666  5888  596510.00  2306260.00  20.853930  105.927686   -5.6434  -12.6264
   763  3438  5975  564230.00  2305390.00  20.847470  105.617385   -6.7470  -11.4416
   764  4656  5981  576410.00  2305330.00  20.846466  105.734451  -10.5711  -15.4854
   765  3297  6026  562820.00  2304880.00  20.842910  105.603814  -12.5245  -14.4295
   766  4674  6026  576590.00  2304880.00  20.842392  105.736161  -10.7041  -14.2586
   767  3153  6041  561380.00  2304730.00  20.841603  105.589969   -7.7919  -13.2045
   768  3831  6182  568160.00  2303320.00  20.828626  105.655078  -17.1498  -24.3067
   769  3123  6188  561080.00  2303260.00  20.828331  105.587034   -7.8829  -12.9620
   770  3675  6242  566600.00  2302720.00  20.823262  105.640063   -9.2004  -19.6941
   771  3090  6260  560750.00  2302540.00  20.821836  105.583837  -11.1951  -14.0223
   772  3084  6269  560690.00  2302450.00  20.821025  105.583257   -8.6111  -11.4175
   773  2943  6275  559280.00  2302390.00  20.820528  105.569705   -8.9913  -14.6306
   774  2916  6284  559010.00  2302300.00  20.819724  105.567107   -9.0862  -13.9215
   775  2970  6284  559550.00  2302300.00  20.819707  105.572297  -14.6320  -16.6106
   776  2940  6293  559250.00  2302210.00  20.818903  105.569411  -15.9093  -16.4478
   777  3045  6293  560300.00  2302210.00  20.818869  105.579501   -0.5292   -8.5081
   778  2886  6311  558710.00  2302030.00  20.817294  105.564215   -7.0918  -13.3037
   779  2892  6320  558770.00  2301940.00  20.816479  105.564789   -7.5862  -14.7051
   780  2901  6320  558860.00  2301940.00  20.816476  105.565654   -4.7711  -10.9157
   781  2892  6323  558770.00  2301910.00  20.816208  105.564788   -5.0122  -12.3366
   782  2877  6332  558620.00  2301820.00  20.815399  105.563343   -4.0625  -11.9084
   783  3027  6332  560120.00  2301820.00  20.815351  105.577758  -10.9461  -15.0378
   784  3648  6332  566330.00  2301820.00  20.815140  105.637434   -7.1925  -13.8831
   785  5967  6335  589520.00  2301790.00  20.813896  105.860273  -10.8186  -14.1977
   786  2898  6350  558830.00  2301640.00  20.813766  105.565355   -8.7713  -16.1001
   787  3048  6362  560330.00  2301520.00  20.812634  105.579766  -11.9730  -13.6688
   788  3012  6392  559970.00  2301220.00  20.809935  105.576296  -10.3027  -13.2740
   789  2862  6401  558470.00  2301130.00  20.809170  105.561879   -7.3016  -12.9358
   790  5172  6458  581570.00  2300560.00  20.803149  105.783823  -10.2554  -17.3531
   792  3810  6662  567950.00  2298520.00  20.785265  105.652873   -3.0687   -6.0600
   794  3798  6827  567830.00  2296870.00  20.770361  105.651656  -10.0818  -16.1049
   795  3852  6845  568370.00  2296690.00  20.768715  105.656837   -6.9817  -15.3975
   797  3795  6860  567800.00  2296540.00  20.767380  105.651355  -11.8245  -19.7992
   798  4470  6866  574550.00  2296480.00  20.766580  105.716196  -13.4638  -16.2910
   799  3825  6896  568100.00  2296180.00  20.764117  105.654223  -11.6049  -15.0587
   801  3801  6929  567860.00  2295850.00  20.761144  105.651905  -14.9177  -19.2233
   802  3855  6947  568400.00  2295670.00  20.759498  105.657085  -11.9961  -14.3847
   803  3834  6956  568190.00  2295580.00  20.758692  105.655064   -3.2550  -13.2045
   804  3822  6965  568070.00  2295490.00  20.757884  105.653908   -4.2019   -8.5665
   806  3837  6974  568220.00  2295400.00  20.757065  105.655346  -12.1896  -16.5199
   807  3861  7001  568460.00  2295130.00  20.754617  105.657640  -10.0237  -15.9005
   810  3945  7037  569300.00  2294770.00  20.751333  105.665695   -4.1366  -13.4944
   811  3921  7040  569060.00  2294740.00  20.751071  105.663388  -21.3445  -27.2588
   813  3909  7046  568940.00  2294680.00  20.750533  105.662233  -12.5475  -19.2473
   816  3897  7064  568820.00  2294500.00  20.748911  105.661074  -14.6576  -19.1198
   817  3894  7079  568790.00  2294350.00  20.747557  105.660780  -13.1416  -18.1309
   820  3849  7103  568340.00  2294110.00  20.745405  105.656448   -3.1762   -7.4014
   822  3870  7109  568550.00  2294050.00  20.744855  105.658463   -2.4548   -9.5881
   823  6078  7133  590630.00  2293810.00  20.741744  105.870525   -6.9339  -13.5202
   825  4578  7190  575630.00  2293240.00  20.737263  105.726431  -15.7577  -19.5626
   829  3984  7253  569690.00  2292610.00  20.731802  105.669355   -5.6417  -10.1400
   830  3942  7319  569270.00  2291950.00  20.725854  105.665295   -6.6995   -9.5706
   831  4635  7349  576200.00  2291650.00  20.722874  105.731837   -8.8183  -13.1483
   832  3915  7361  569000.00  2291530.00  20.722069  105.662686   -9.7795  -18.0613
   833  3996  7361  569810.00  2291530.00  20.722039  105.670465  -15.4894  -22.1512
   834  4014  7400  569990.00  2291140.00  20.718509  105.672178  -11.4644  -14.9490
   835  4038  7400  570230.00  2291140.00  20.718500  105.674483  -18.3692  -24.6227
   836  4014  7424  569990.00  2290900.00  20.716340  105.672168   -7.3098  -14.9283
   837  3999  7439  569840.00  2290750.00  20.714991  105.670722   -8.3495  -12.3868
   838  4056  7448  570410.00  2290660.00  20.714156  105.676192   -8.5689  -14.4990
   839  4077  7448  570620.00  2290660.00  20.714148  105.678209   -5.9303  -13.6932
   840  4047  7451  570320.00  2290630.00  20.713888  105.675327   -9.1894  -19.5185
   841  4104  7499  570890.00  2290150.00  20.709530  105.680781   -8.8044  -19.5814
   842  4125  7520  571100.00  2289940.00  20.707625  105.682789  -12.5066  -21.9307
   843  4188  7541  571730.00  2289730.00  20.705703  105.688830  -10.2070  -17.5632
   844  4200  7547  571850.00  2289670.00  20.705156  105.689980  -18.8545  -25.9424
   845  4191  7547  571760.00  2289670.00  20.705160  105.689116  -12.4277  -18.1718
   846  4059  7550  570440.00  2289640.00  20.704939  105.676439   -2.9633   -9.1264
   847  4125  7559  571100.00  2289550.00  20.704101  105.682773   -9.9567  -11.1473
   848  4089  7562  570740.00  2289520.00  20.703843  105.679315   -4.5505   -9.0321
   849  4119  7583  571040.00  2289310.00  20.701935  105.682187  -10.8775  -19.9871
   850  4185  7592  571700.00  2289220.00  20.701096  105.688521   -6.4471  -18.0904
   851  4125  7613  571100.00  2289010.00  20.699222  105.682751   -7.8282  -13.8797
   852  4140  7649  571250.00  2288650.00  20.695963  105.684177   -0.3578   -8.0395
   853  4770  7667  577550.00  2288470.00  20.694086  105.744661   -7.9737  -12.1029
   855  4188  7703  571730.00  2288110.00  20.691066  105.688764   -5.2572  -11.2834
   856  4095  8057  570800.00  2284570.00  20.659116  105.679692   -3.3193   -8.8065
   857  4107  8078  570920.00  2284360.00  20.657214  105.680836   -8.1887  -16.2812
   858  4200  8096  571850.00  2284180.00  20.655552  105.689756   -6.0004  -11.8932
   859  4203  8096  571880.00  2284180.00  20.655551  105.690044   -6.1251  -12.2903
   860  4194  8096  571790.00  2284180.00  20.655555  105.689180   -6.3129   -9.7600
   861  4179  8102  571640.00  2284120.00  20.655018  105.687738  -14.1118  -19.2706
   862  4134  8102  571190.00  2284120.00  20.655035  105.683418   -7.3555  -16.0040
   863  4563  8147  575480.00  2283670.00  20.650802  105.724580  -10.5472  -13.9526
   864  4476  8150  574610.00  2283640.00  20.650565  105.716227  -11.7913  -15.7012
   865  4554  8153  575390.00  2283610.00  20.650263  105.723713  -11.9318  -19.9074
   866  4647  8183  576320.00  2283310.00  20.647515  105.732627  -11.9396  -17.4417
   867  4569  8183  575540.00  2283310.00  20.647546  105.725140   -3.0972  -11.2666
   868  4509  8198  574940.00  2283160.00  20.646215  105.719375   -4.3572   -8.4948
   869  4623  8201  576080.00  2283130.00  20.645898  105.730316   -2.9655  -10.4854
   870  4536  8210  575210.00  2283040.00  20.645120  105.721961  -12.5401  -12.4764
   871  4389  8210  573740.00  2283040.00  20.645179  105.707851    0.5236   -7.5971
   872  4548  8216  575330.00  2282980.00  20.644573  105.723111    1.9450   -8.0971
   873  4629  8225  576140.00  2282890.00  20.643727  105.730882  -11.7807  -17.2157
   874  4572  8234  575570.00  2282800.00  20.642937  105.725406  -13.2988  -15.1654
   875  4653  8243  576380.00  2282710.00  20.642091  105.733177   -6.2798  -10.8732
   876  4677  8252  576620.00  2282620.00  20.641268  105.735477  -11.9217  -18.3169
   877  4584  8273  575690.00  2282410.00  20.639409  105.726542   -5.2552  -13.5888
   878  4563  8276  575480.00  2282380.00  20.639146  105.724525  -15.2308  -19.7621
   879  4542  8291  575270.00  2282230.00  20.637799  105.722503   -8.3030  -15.2245
   880  4497  8297  574820.00  2282170.00  20.637275  105.718181  -24.3903  -28.9881
   881  4455  8303  574400.00  2282110.00  20.636750  105.714147  -11.3035  -13.1227
   882  4512  8315  574970.00  2281990.00  20.635643  105.719613  -19.1433  -27.4687
   883  4695  8318  576800.00  2281960.00  20.635298  105.737176   -0.8685  -10.7825
   884  4695  8321  576800.00  2281930.00  20.635026  105.737175   -0.4396   -9.0472
   885  4545  8324  575300.00  2281900.00  20.634816  105.722776    2.6980   -5.6364
   886  4497  8327  574820.00  2281870.00  20.634564  105.718168   -4.2459  -10.8465
   887  4650  8345  576350.00  2281690.00  20.632876  105.732845   -4.0467  -11.3360
   888  4629  8348  576140.00  2281660.00  20.632614  105.730828  -10.1938  -15.5311
   889  4608  8351  575930.00  2281630.00  20.632351  105.728812   -4.6327  -13.4666
   890  4653  8351  576380.00  2281630.00  20.632333  105.733131  -12.5491  -19.2765
   891  4512  8357  574970.00  2281570.00  20.631848  105.719595  -14.6466  -20.1498
   892  4509  8363  574940.00  2281510.00  20.631307  105.719305  -13.8050  -21.1926
   893  4686  8366  576710.00  2281480.00  20.630964  105.736291  -15.2953  -17.0636
   894  4713  8369  576980.00  2281450.00  20.630682  105.738882  -15.2135  -15.3465
   895  4662  8372  576470.00  2281420.00  20.630432  105.733985   -8.4918  -17.3871
   896  4512  8384  574970.00  2281300.00  20.629408  105.719584   -0.7907   -4.4114
   897  4446  8384  574310.00  2281300.00  20.629435  105.713249   -5.1536  -15.0163
   898  4779  8390  577640.00  2281240.00  20.628758  105.745207   -3.1406  -14.7232
   899  4803  8393  577880.00  2281210.00  20.628477  105.747509   -1.8997  -10.0782
   900  4590  8402  575750.00  2281120.00  20.627751  105.727062   -1.3600  -11.9031
   901  4584  8405  575690.00  2281090.00  20.627482  105.726485   -0.0974   -8.3541
   902  3987  8411  569720.00  2281030.00  20.627171  105.669185  -10.2110  -14.7861
   903  4521  8414  575060.00  2281000.00  20.626694  105.720435   -6.0212  -11.8216
   904  4824  8420  578090.00  2280940.00  20.626028  105.749512    2.5128   -3.4495
   905  4530  8423  575150.00  2280910.00  20.625877  105.721295   -0.6542   -9.6114
   906  4548  8423  575330.00  2280910.00  20.625870  105.723022   -0.0141   -4.6932
   907  4380  8426  573650.00  2280880.00  20.625666  105.706897   -4.7801   -8.1153
   908  5307  8426  582920.00  2280880.00  20.625279  105.795865   -5.8450  -16.0601
   909  4557  8435  575420.00  2280790.00  20.624782  105.723881   -4.5645  -11.7832
   910  4638  8438  576230.00  2280760.00  20.624478  105.731653   -4.7442   -5.4638
   911  4560  8438  575450.00  2280760.00  20.624510  105.724167   -1.9181   -6.0232
   912  4497  8444  574820.00  2280700.00  20.623993  105.718119  -14.1993  -22.3557
   913  4497  8447  574820.00  2280670.00  20.623722  105.718117   -9.0742  -12.0015
   914  4608  8450  575930.00  2280640.00  20.623406  105.728769  -11.2058  -12.4790
   915  4533  8456  575180.00  2280580.00  20.622894  105.721568   -6.4900  -14.6796
   916  4845  8459  578300.00  2280550.00  20.622496  105.751511   -7.6608  -13.7008
   917  4629  8462  576140.00  2280520.00  20.622314  105.730779   -3.4734  -11.4272
   918  4689  8480  576740.00  2280340.00  20.620663  105.736530   -9.2776   -9.6867
   919  4461  8480  574460.00  2280340.00  20.620755  105.714648  -10.4934  -18.3635
   920  4569  8480  575540.00  2280340.00  20.620712  105.725013  -13.6840  -18.6110
   921  4776  8492  577610.00  2280220.00  20.619543  105.744874   -1.9987   -6.2966
   922  4419  8492  574040.00  2280220.00  20.619687  105.710612  -13.5409  -19.8315
   923  4548  8498  575330.00  2280160.00  20.619094  105.722990  -15.3528  -20.7556
   924  4677  8510  576620.00  2280040.00  20.617957  105.735365  -10.1030  -12.8121
   925  4923  8510  579080.00  2280040.00  20.617855  105.758974  -17.0621  -20.3098
   926  4602  8522  575870.00  2279920.00  20.616903  105.728162   -9.9815  -11.5199
   927  4635  8528  576200.00  2279860.00  20.616348  105.731327   -3.8253   -8.7084
   928  4536  8534  575210.00  2279800.00  20.615846  105.721823  -13.4887  -18.4291
   929  4590  8546  575750.00  2279680.00  20.614740  105.727000  -12.6276  -15.5721
   930  4764  8546  577490.00  2279680.00  20.614669  105.743699   -9.1243  -13.2165
   931  4794  8549  577790.00  2279650.00  20.614385  105.746576   -5.9613  -12.5368
   932  4677  8558  576620.00  2279560.00  20.613620  105.735344   -2.4176  -10.0941
   933  4752  8561  577370.00  2279530.00  20.613318  105.742541  -10.1262  -10.2025
   934  4518  8564  575030.00  2279500.00  20.613142  105.720083   -1.7911   -7.7512
   935  4845  8576  578300.00  2279380.00  20.611925  105.751459  -16.1353  -14.4628
   936  4755  8591  577400.00  2279230.00  20.610607  105.742815  -13.3212  -20.3494
   937  4761  8603  577460.00  2279110.00  20.609520  105.743386  -10.3404  -15.8931
   938  4551  8606  575360.00  2279080.00  20.609334  105.723232   -4.6477  -12.4878
   939  4596  8609  575810.00  2279050.00  20.609045  105.727549   -4.6099  -10.4478
   940  4869  8612  578540.00  2279020.00  20.608662  105.753746    1.0180   -4.2318
   941  4497  8612  574820.00  2279020.00  20.608814  105.718047   -5.5640  -14.0428
   942  4740  8615  577250.00  2278990.00  20.608444  105.741365   -6.7710  -15.5268
   943  4581  8618  575660.00  2278960.00  20.608238  105.726106   -4.5413  -12.4376
   944  4632  8618  576170.00  2278960.00  20.608217  105.731000   -9.2100  -16.1372
   945  4578  8621  575630.00  2278930.00  20.607968  105.725817   -6.2654  -11.5095
   946  5034  8654  580190.00  2278600.00  20.604797  105.769561  -21.3737  -21.7420
   947  4803  8660  577880.00  2278540.00  20.604352  105.747391  -21.5908  -20.6904
   948  4905  8672  578900.00  2278420.00  20.603226  105.757174  -19.8839  -25.8574
   949  4893  8681  578780.00  2278330.00  20.602417  105.756018  -12.5578  -11.3574
   950  4893  8687  578780.00  2278270.00  20.601875  105.756016   -2.3244  -12.1617
   951  4701  8699  576860.00  2278150.00  20.600871  105.737586  -18.1602  -21.8602
   952  4878  8711  578630.00  2278030.00  20.599713  105.754566   -5.2783  -14.2551
   953  5100  8714  580850.00  2278000.00  20.599348  105.775867   -9.8036  -15.7660
   954  5142  8717  581270.00  2277970.00  20.599059  105.779896  -16.9785  -23.6441
   955  4953  8717  579380.00  2277970.00  20.599139  105.761760   -8.6570  -12.3268
   956  4851  8720  578360.00  2277940.00  20.598911  105.751971  -12.5234  -16.6984
   957  4497  8735  574820.00  2277790.00  20.597700  105.717995    3.5634   -7.7402
   958  4881  8741  578660.00  2277730.00  20.597001  105.754840   -6.9145   -9.8162
   959  4896  8744  578810.00  2277700.00  20.596724  105.756278   -1.2017   -5.7299
   961  4851  8768  578360.00  2277460.00  20.594574  105.751949  -15.4744  -17.9342
   962  4845  8777  578300.00  2277370.00  20.593764  105.751370  -14.2974  -14.2793
   963  4926  8780  579110.00  2277340.00  20.593459  105.759141  -17.8629  -20.1706
   964  5325  8810  583100.00  2277040.00  20.590576  105.797412   -4.3023  -11.3287
   965  5109  8825  580940.00  2276890.00  20.589315  105.776680  -12.5389  -15.8338
   966  5301  8825  582860.00  2276890.00  20.589231  105.795102   -5.6274  -11.0454
   967  4935  8834  579200.00  2276800.00  20.588576  105.759980   -6.8609  -11.2001
   968  5319  8837  583040.00  2276770.00  20.588139  105.796824   -6.2347  -13.3911
   970  5325  8846  583100.00  2276680.00  20.587323  105.797395   -9.0072  -19.0181
   971  5346  8846  583310.00  2276680.00  20.587314  105.799410  -11.1331  -18.1938
   972  5208  8873  581930.00  2276410.00  20.584935  105.786157   -5.8992  -14.4339
   973  5325  8894  583100.00  2276200.00  20.582986  105.797373  -10.5719  -16.5599
   974  4983  8897  579680.00  2276170.00  20.582863  105.764557  -14.8860  -20.3659
   975  4956  8912  579410.00  2276020.00  20.581519  105.761960   -4.9654   -6.1784
   976  5160  8912  581450.00  2276020.00  20.581432  105.781533   -7.0792   -9.5161
   977  5025  8915  580100.00  2275990.00  20.581219  105.768579  -15.6623  -23.1972
   978  5208  8924  581930.00  2275900.00  20.580327  105.786133  -10.3509  -14.5751
   979  5226  8927  582110.00  2275870.00  20.580048  105.787859  -10.7705  -13.2662
   980  5013  8936  579980.00  2275780.00  20.579327  105.767418  -15.5742  -22.1755
   981  5142  8942  581270.00  2275720.00  20.578729  105.779792   -1.9834   -8.0373
   982  4977  8948  579620.00  2275660.00  20.578258  105.763959  -11.8507  -18.2455
   983  5238  8963  582230.00  2275510.00  20.576790  105.788993  -13.0816  -16.7742
   984  5061  8981  580460.00  2275330.00  20.575240  105.772003  -15.8786  -18.8987
   985  5250  8987  582350.00  2275270.00  20.574616  105.790133   -8.3197  -15.8007
   986  5100  8990  580850.00  2275240.00  20.574410  105.775741   -3.3328  -10.0508
   987  5184  8993  581690.00  2275210.00  20.574103  105.783798   -4.8640  -11.9778
   988  5121  9002  581060.00  2275120.00  20.573317  105.777750   -6.9503  -17.4914
   989  5196  9014  581810.00  2275000.00  20.572201  105.784940   -7.7420  -17.7987
   990  5160  9023  581450.00  2274910.00  20.571403  105.781482  -13.9736  -18.0670
   991  5205  9032  581900.00  2274820.00  20.570570  105.785795   -7.7461   -9.9186
   992  5280  9035  582650.00  2274790.00  20.570266  105.792989   -4.7779  -13.6092
   993  5226  9044  582110.00  2274700.00  20.569477  105.787804  -10.0796  -16.6971
   994  5127  9050  581120.00  2274640.00  20.568978  105.778304  -10.3651  -16.9173
   996  5046  9059  580310.00  2274550.00  20.568199  105.770529   -8.8113  -15.4834
   997  5049  9083  580340.00  2274310.00  20.566030  105.770805  -12.5862  -14.5376
