; ENVI Output of ROIs (5.2) [Wed Nov 27 01:51:36 2019]
; Number of ROIs: 1
; File Dimension: 7647 x 9116
;
; ROI name: EVF: Layer: forest.shp
; ROI rgb value: {255, 255, 255}
; ROI npts: 997
;   ID     X     Y      Map X       Map Y        Lat         Lon        B1        B2
     1  5310   224  582950.00  2362900.00  21.366309  105.800092   -7.5611  -15.4674
     2  5184   272  581690.00  2362420.00  21.362030  105.787916  -13.7978  -16.5306
     3  5217   308  582020.00  2362060.00  21.358763  105.791081  -14.1755  -17.4163
     4  5340   317  583250.00  2361970.00  21.357894  105.802939   -8.5911  -18.4669
     5  5232   353  582170.00  2361610.00  21.354691  105.792506  -15.2227  -17.5229
     7  5169   359  581540.00  2361550.00  21.354177  105.786427   -9.9547  -18.0041
     8  5151   371  581360.00  2361430.00  21.353101  105.784686   -6.8045  -12.9359
    10  5157   404  581420.00  2361100.00  21.350117  105.785248   -4.6836  -13.8092
    11  5322   419  583070.00  2360950.00  21.348687  105.801153  -10.3633  -20.5084
    12  5238   422  582230.00  2360920.00  21.348454  105.793051  -11.5536  -14.7787
    13  5166   425  581510.00  2360890.00  21.348216  105.786106   -6.5976  -12.2064
    14  5175   443  581600.00  2360710.00  21.346586  105.786966   -8.7511  -17.3114
    15  5253   443  582380.00  2360710.00  21.346550  105.794487  -10.9778  -18.4319
    16  5205   446  581900.00  2360680.00  21.346301  105.789857   -6.6831  -13.9952
    17  5319   452  583040.00  2360620.00  21.345707  105.800848  -13.0727  -15.2635
    18  5334   464  583190.00  2360500.00  21.344616  105.802288   -8.5378  -14.3431
    19  5169   464  581540.00  2360500.00  21.344691  105.786377   -9.8064  -17.2923
    20  5274   467  582590.00  2360470.00  21.344372  105.796501   -7.9549  -12.2969
    21  5211   473  581960.00  2360410.00  21.343859  105.790423  -13.2193  -14.1044
    22  5262   488  582470.00  2360260.00  21.342481  105.795333   -7.8164  -10.7146
    23  5295   491  582800.00  2360230.00  21.342195  105.798514  -14.2861  -14.0864
    24  5190   503  581750.00  2360110.00  21.341158  105.788383  -10.5448  -15.1902
    25  5121   506  581060.00  2360080.00  21.340918  105.781728  -10.0473  -14.9437
    26  5208   506  581930.00  2360080.00  21.340879  105.790117   -8.3117  -10.0489
    27  5712   506  586970.00  2360080.00  21.340643  105.838718  -11.0612  -18.3656
    28  5274   521  582590.00  2359930.00  21.339494  105.796475   -4.7756  -13.7955
    29  5895   521  588800.00  2359930.00  21.339199  105.856357   -6.3269  -11.1867
    31  5856   551  588410.00  2359630.00  21.336508  105.852581  -13.9297  -18.1342
    32  5229   578  582140.00  2359360.00  21.334365  105.792108   -6.2136  -12.3032
    34  5298   581  582830.00  2359330.00  21.334062  105.798760  -18.5457  -19.0215
    35  5088   587  580730.00  2359270.00  21.333615  105.778507   -7.6028  -14.0798
    36  5157   587  581420.00  2359270.00  21.333584  105.785160   -8.0639  -12.5599
    37  5859   593  588440.00  2359210.00  21.332712  105.852848  -11.3775  -14.4705
    38  5214   611  581990.00  2359030.00  21.331390  105.790645   -4.8680  -11.4340
    39  5049   632  580340.00  2358820.00  21.329567  105.774725   -6.0950  -11.0888
    41  5310   644  582950.00  2358700.00  21.328365  105.799886  -12.8734  -16.9739
    42  5289   650  582740.00  2358640.00  21.327833  105.797858   -4.1954  -12.6523
    43  5034   650  580190.00  2358640.00  21.327947  105.773270   -9.6797  -19.5135
    44  5727   659  587120.00  2358550.00  21.326814  105.840086   -5.0124  -10.8707
    45  5133   662  581180.00  2358520.00  21.326819  105.782810   -9.7077  -13.9150
    46  5391   671  583760.00  2358430.00  21.325888  105.807683   -5.9070  -14.1616
    47  5757   677  587420.00  2358370.00  21.325173  105.842969   -9.3387  -15.5457
    48  5226   680  582110.00  2358340.00  21.325151  105.791769   -5.6240   -9.7600
    49  5259   689  582440.00  2358250.00  21.324323  105.794946   -9.3846  -10.0920
    50  5373   698  583580.00  2358160.00  21.323457  105.805934  -14.4107  -23.6045
    51  5139   701  581240.00  2358130.00  21.323293  105.783370  -11.8246  -13.4859
    52  5358   701  583430.00  2358130.00  21.323193  105.804486   -5.3678  -16.3041
    53  5472   704  584570.00  2358100.00  21.322869  105.815476  -13.8793  -18.0228
    54  5385   704  583700.00  2358100.00  21.322910  105.807088  -12.1291  -16.8719
    55  5232   716  582170.00  2357980.00  21.321896  105.792330  -10.9895  -11.6723
    56  5190   734  581750.00  2357800.00  21.320289  105.788272  -15.7689  -19.3043
    57  5259   734  582440.00  2357800.00  21.320257  105.794924   -9.4552  -14.2355
    58  5343   737  583280.00  2357770.00  21.319948  105.803022  -12.9929  -16.6577
    59  5142   749  581270.00  2357650.00  21.318955  105.783636   -5.7734  -13.1846
    60  5475   752  584600.00  2357620.00  21.318531  105.815742  -13.8304  -19.1177
    61  5220   758  582050.00  2357560.00  21.318107  105.791153   -7.3177   -8.9401
    62  5013   761  579980.00  2357530.00  21.317928  105.771193   -9.1362  -14.6560
    63  5340   761  583250.00  2357530.00  21.317781  105.802721  -10.4079  -14.7006
    64  5181   770  581660.00  2357440.00  21.317040  105.787387   -8.6455  -19.3481
    65  5364   773  583490.00  2357410.00  21.316686  105.805029   -6.2204  -17.1444
    66  5517   779  585020.00  2357350.00  21.316072  105.819778   -9.1466  -19.3126
    67  5070   779  580550.00  2357350.00  21.316277  105.776680   -7.2883   -6.8935
    68  5136   779  581210.00  2357350.00  21.316247  105.783043   -7.2678  -10.9621
    69  5118   782  581030.00  2357320.00  21.315984  105.781307   -6.2538  -12.0362
    70  5148   806  581330.00  2357080.00  21.313803  105.784188  -13.6881  -16.2666
    71  5310   812  582950.00  2357020.00  21.313187  105.799804   -6.5753   -8.6293
    73  4929   818  579140.00  2356960.00  21.312816  105.763067  -10.0408  -18.3589
    74  5199   839  581840.00  2356750.00  21.310798  105.789089  -11.3491  -15.5686
    76  5325   857  583100.00  2356570.00  21.309115  105.801228   -3.4900  -12.3911
    77  5223   860  582080.00  2356540.00  21.308890  105.791392  -11.0573  -18.1103
    78  5193   869  581780.00  2356450.00  21.308091  105.788496   -8.2150  -20.4945
    79  5340   869  583250.00  2356450.00  21.308024  105.802668  -12.0114  -23.2054
    80  4914   878  578990.00  2356360.00  21.307402  105.761593  -11.5895  -20.0865
    81  5355   881  583400.00  2356330.00  21.306933  105.804108   -8.8049  -12.5325
    82  5691   881  586760.00  2356330.00  21.306775  105.836501  -13.3320  -19.4404
    83  5262   881  582470.00  2356330.00  21.306975  105.795142  -11.6376  -12.1103
    84  5223   884  582080.00  2356300.00  21.306722  105.791381  -12.8064  -18.2546
    85  5133   884  581180.00  2356300.00  21.306763  105.782704  -12.1340   -9.2511
    86  5571   887  585560.00  2356270.00  21.306290  105.824929   -8.8948  -15.5380
    87  5535   896  585200.00  2356180.00  21.305494  105.821454   -7.6832  -14.7482
    88  5412   896  583970.00  2356180.00  21.305551  105.809596   -2.0904  -11.4796
    89  5166   899  581510.00  2356150.00  21.305393  105.785878   -4.9053  -10.5281
    90  5340   899  583250.00  2356150.00  21.305313  105.802653  -16.3477  -15.3691
    91  5682   899  586670.00  2356150.00  21.305153  105.835625   -7.9291  -13.9760
    92  5250   905  582350.00  2356090.00  21.304813  105.793974  -13.3841  -16.1966
    93  5688   908  586730.00  2356060.00  21.304337  105.836198   -8.7976  -21.4727
    94  5007   911  579920.00  2356030.00  21.304379  105.770544   -9.8896  -14.0995
    95  5673   923  586580.00  2355910.00  21.302989  105.834745   -9.6920  -13.4236
    96  5643   926  586280.00  2355880.00  21.302732  105.831851  -11.2552  -11.7455
    97  5235   926  582200.00  2355880.00  21.302922  105.792517  -11.7585  -20.5699
    98  5160   932  581450.00  2355820.00  21.302414  105.785284   -2.4425   -7.1390
    99  5586   935  585710.00  2355790.00  21.301946  105.826351  -12.0888  -18.6970
   100  5118   935  581030.00  2355790.00  21.302162  105.781233   -5.9114  -15.3088
   101  5271   938  582560.00  2355760.00  21.301822  105.795982  -12.6074  -22.5456
   102  5412   941  583970.00  2355730.00  21.301486  105.809574   -8.2815  -11.2237
   103  5178   941  581630.00  2355730.00  21.301593  105.787015   -4.8407   -6.2748
   104  5148   956  581330.00  2355580.00  21.300251  105.784116   -5.6832  -14.2271
   105  5592   959  585770.00  2355550.00  21.299775  105.826918   -3.2090  -10.1652
   106  5136   971  581210.00  2355430.00  21.298901  105.782952   -8.3907  -17.4619
   107  5598   980  585830.00  2355340.00  21.297875  105.827485   -5.3733   -9.6159
   108  5100   986  580850.00  2355280.00  21.297562  105.779474  -12.0531  -18.9250
   109  5691   986  586760.00  2355280.00  21.297289  105.836448  -15.9822  -21.3476
   110  5538   989  585230.00  2355250.00  21.297090  105.821697   -7.5369  -15.0498
   111  5187   995  581720.00  2355190.00  21.296710  105.787857   -5.9619  -10.2582
   112  5049   998  580340.00  2355160.00  21.296501  105.774552  -10.3509  -12.6271
   113  5628  1001  586130.00  2355130.00  21.295964  105.830367  -15.7123  -16.3053
   114  5166  1004  581510.00  2355100.00  21.295906  105.785828   -9.8609  -11.5714
   116  5622  1034  586070.00  2354800.00  21.292985  105.829772  -10.6535  -13.2071
   117  5571  1046  585560.00  2354680.00  21.291925  105.824849  -15.2285  -18.5847
   118  5682  1052  586670.00  2354620.00  21.291330  105.835546   -7.6010  -13.3792
   119  5343  1061  583280.00  2354530.00  21.290676  105.802863  -11.5973  -14.6816
   120  5556  1094  585410.00  2354200.00  21.287596  105.823379  -13.3756  -17.9329
   121  5265  1115  582500.00  2353990.00  21.285833  105.795318   -7.1429  -10.0419
   122  5214  1115  581990.00  2353990.00  21.285856  105.790402  -12.9785  -16.0198
   123  5394  1121  583790.00  2353930.00  21.285232  105.807750  -15.1114  -19.8711
   124  5610  1127  585950.00  2353870.00  21.284589  105.828568  -12.9275  -11.5675
   125  5436  1136  584210.00  2353780.00  21.283857  105.811791  -15.2574  -21.2003
   126  5616  1154  586010.00  2353600.00  21.282147  105.829132  -13.3270  -19.9441
   127  5586  1157  585710.00  2353570.00  21.281890  105.826239   -8.6247  -13.1086
   128  5670  1157  586550.00  2353570.00  21.281850  105.834336  -11.0447  -14.9691
   129  5430  1166  584150.00  2353480.00  21.281150  105.811198  -13.1266  -17.4476
   130  5508  1169  584930.00  2353450.00  21.280842  105.818715   -9.8088  -16.5295
   131  5550  1169  585350.00  2353450.00  21.280823  105.822763  -10.7008  -14.7956
   132  5517  1178  585020.00  2353360.00  21.280025  105.819578   -8.2200  -13.6087
   133  5616  1178  586010.00  2353360.00  21.279978  105.829120  -16.6504  -20.8998
   134  5457  1196  584420.00  2353180.00  21.278427  105.813785   -8.8592  -14.4277
   135  5655  1205  586400.00  2353090.00  21.277521  105.832866  -10.8957  -17.4173
   136  5634  1208  586190.00  2353060.00  21.277260  105.830840   -9.5252  -15.1864
   137  5628  1211  586130.00  2353030.00  21.276991  105.830260   -9.5688  -16.5197
   138  5022  1214  580070.00  2353000.00  21.276998  105.771847  -11.9312  -18.9152
   139  5361  1214  583460.00  2353000.00  21.276845  105.804523   -4.8069   -9.3453
   140  5460  1238  584450.00  2352760.00  21.274631  105.814054  -11.1183  -11.9965
   141  5433  1253  584180.00  2352610.00  21.273289  105.811444  -11.1954  -17.2770
   142  5349  1256  583340.00  2352580.00  21.273056  105.803346   -7.8191  -12.9372
   143  5427  1262  584120.00  2352520.00  21.272478  105.810861  -10.0857  -17.2987
   144  5379  1280  583640.00  2352340.00  21.270874  105.806225   -8.0402  -12.5958
   145  5436  1301  584210.00  2352130.00  21.268951  105.811709  -12.4446  -17.4507
   146  5547  1313  585320.00  2352010.00  21.267815  105.822402  -12.2429  -16.0211
   147  5652  1322  586370.00  2351920.00  21.266952  105.832517  -12.5472  -16.8829
   148  4731  1340  577160.00  2351740.00  21.265741  105.743740   -7.2395  -12.9677
   149  5667  1340  586520.00  2351740.00  21.265318  105.833954  -12.9243  -22.4856
   150  5457  1358  584420.00  2351560.00  21.263791  105.813705  -10.7642  -18.9021
   151  5457  1394  584420.00  2351200.00  21.260539  105.813687   -7.8402  -12.9400
   152  5634  1406  586190.00  2351080.00  21.259371  105.830740   -9.2698  -16.3253
   153  5985  1415  589700.00  2350990.00  21.258388  105.864563  -10.7965  -16.3550
   154  4617  1511  576020.00  2350030.00  21.250340  105.732676   -8.5017  -19.8988
   155  1128  1544  541130.00  2349700.00  21.248484  105.396409   -5.9292  -13.4596
   156  6081  1592  590660.00  2349220.00  21.242350  105.873721  -12.4798  -13.2221
   158   744  1721  537290.00  2347930.00  21.232575  105.359361  -11.8975  -14.5530
   159   876  1748  538610.00  2347660.00  21.230107  105.372076  -11.6091  -14.9430
   160  5790  1757  587750.00  2347570.00  21.227586  105.845594  -10.8086  -15.0471
   161   684  1826  536690.00  2346880.00  21.223100  105.353556   -6.3789  -10.9667
   162  4977  1958  579620.00  2345560.00  21.209801  105.767161  -10.7749  -17.9261
   163   984  2003  539690.00  2345110.00  21.207044  105.382424  -12.9288  -18.0867
   164  5397  2021  583820.00  2344930.00  21.203920  105.807596   -7.3953  -13.1170
   165  4341  2069  573260.00  2344450.00  21.200039  105.705837   -8.5415  -14.3729
   166   738  2108  537230.00  2344060.00  21.197609  105.358698   -9.1318  -14.3561
   167   903  2129  538880.00  2343850.00  21.195677  105.374591   -8.5225  -22.9849
   168  1131  2165  541160.00  2343490.00  21.192375  105.396548   -8.6810  -14.2418
   169   825  2165  538100.00  2343490.00  21.192441  105.367068  -12.3885  -15.8252
   170  5700  2189  586850.00  2343250.00  21.188600  105.836702  -11.0982  -17.6009
   171   837  2201  538220.00  2343130.00  21.189186  105.368216  -14.1432  -15.7543
   172  5280  2216  582650.00  2342980.00  21.186356  105.796229   -8.3423  -13.4449
   173  6345  2309  593300.00  2342050.00  21.177440  105.898769   -9.4519  -15.3634
   174  1005  2321  539900.00  2341930.00  21.178308  105.384373   -8.2458  -14.2769
   175  1002  2330  539870.00  2341840.00  21.177495  105.384082  -10.1747  -12.8504
   176   747  2336  537320.00  2341780.00  21.177007  105.359516   -7.8924  -15.2535
   177  5706  2381  586910.00  2341330.00  21.171251  105.837182   -9.1268  -12.2145
   178   573  2399  535580.00  2341150.00  21.171350  105.342741   -5.4776  -11.2425
   179   399  2420  533840.00  2340940.00  21.169485  105.325976   -8.7658  -14.7485
   180   546  2453  535310.00  2340610.00  21.166476  105.340129  -14.5817  -15.7947
   181  1440  2453  544250.00  2340610.00  21.166281  105.426243  -10.2516  -17.0294
   182  3948  2459  569330.00  2340550.00  21.164958  105.667816   -5.7290  -14.5950
   183  1437  2468  544220.00  2340460.00  21.164926  105.425950   -8.6977  -16.1730
   184  1029  2471  540140.00  2340430.00  21.164750  105.386650   -4.2613  -15.3382
   185   555  2486  535400.00  2340280.00  21.163492  105.340989   -9.8189  -12.7148
   186  1143  2522  541280.00  2339920.00  21.160116  105.397618   -9.1042  -13.9942
   187   426  2534  534110.00  2339800.00  21.159180  105.328554   -9.6852  -17.6469
   188   582  2549  535670.00  2339650.00  21.157795  105.343577  -12.0986  -12.9968
   189  1224  2591  542090.00  2339230.00  21.153863  105.405403   -7.7296  -10.8260
   190   747  2612  537320.00  2339020.00  21.152070  105.359456   -9.0470  -13.3858
   191   453  2618  534380.00  2338960.00  21.151585  105.331137  -12.4935  -17.3176
   192  3267  2660  562520.00  2338540.00  21.147043  105.602149   -8.6874  -16.7833
   193  1836  2669  548210.00  2338450.00  21.146664  105.464327  -10.9202  -16.4050
   194  1056  2672  540410.00  2338420.00  21.146583  105.389203   -7.2917  -15.3938
   195   498  2681  534830.00  2338330.00  21.145885  105.335459   -7.3153  -12.0651
   196   525  2684  535100.00  2338300.00  21.145608  105.338059  -10.1070  -14.3765
   197   708  2684  536930.00  2338300.00  21.145572  105.355684   -8.5954  -19.9200
   198  1065  2687  540500.00  2338270.00  21.145225  105.390066  -11.1320  -13.0159
   199   303  2687  532880.00  2338270.00  21.145379  105.316677   -7.5985  -15.8426
   200  1044  2693  540290.00  2338210.00  21.144688  105.388042  -10.3285  -17.0012
   201  2745  2699  557300.00  2338150.00  21.143691  105.551862   -9.3228  -14.5535
   202   525  2699  535100.00  2338150.00  21.144253  105.338056  -10.6442  -14.1703
   203   369  2702  533540.00  2338120.00  21.144011  105.323030  -12.1578  -13.1760
   204   912  2705  538970.00  2338090.00  21.143632  105.375326   -7.7655  -17.6769
   205   894  2705  538790.00  2338090.00  21.143636  105.373593  -11.6743  -16.3204
   206  1275  2711  542600.00  2338030.00  21.143009  105.410285  -12.7122  -18.1055
   207  5931  2717  589160.00  2337970.00  21.140787  105.858679   -6.8574  -14.0168
   208   738  2723  537230.00  2337910.00  21.142042  105.358565   -9.3552  -17.0554
   209   786  2726  537710.00  2337880.00  21.141761  105.363187   -8.3892  -14.5205
   210  1809  2735  547940.00  2337790.00  21.140708  105.461708   -8.9581  -15.3369
   211  1359  2741  543440.00  2337730.00  21.140279  105.418368  -12.0069  -16.3932
   212  3456  2744  564410.00  2337700.00  21.139388  105.620320   -5.0801  -19.4295
   213  1818  2747  548030.00  2337670.00  21.139622  105.462571  -11.1706  -13.5377
   214   681  2753  536660.00  2337610.00  21.139343  105.353069  -10.4654  -16.7998
   215  1038  2753  540230.00  2337610.00  21.139268  105.387450   -7.7166  -11.3975
   216  4764  2753  577490.00  2337610.00  21.138067  105.746279   -9.9767  -16.2811
   217  1944  2759  549290.00  2337550.00  21.138504  105.474702   -8.9685  -13.4934
   218  3639  2762  566240.00  2337520.00  21.137697  105.637936   -7.6420   -9.5982
   219  1002  2768  539870.00  2337460.00  21.137921  105.383980   -9.9374  -17.8126
   220  1050  2786  540350.00  2337280.00  21.136284  105.388598   -9.6704  -13.7585
   221  3414  2792  563990.00  2337220.00  21.135066  105.616257   -4.1808  -10.3831
   222   456  2798  534410.00  2337160.00  21.135321  105.331390   -8.7761  -14.3587
   223  2355  2822  553400.00  2336920.00  21.132696  105.514264   -6.4446  -12.2571
   224  1044  2834  540290.00  2336800.00  21.131948  105.388009   -6.0921  -13.9871
   225   345  2834  533300.00  2336800.00  21.132089  105.320693  -13.4251  -16.2446
   226  1593  2834  545780.00  2336800.00  21.131819  105.440879  -10.5387  -15.8394
   227   648  2837  536330.00  2336770.00  21.131760  105.349873   -7.1269  -14.4461
   228   516  2846  535010.00  2336680.00  21.130973  105.337159   -9.0472  -15.0903
   229   501  2858  534860.00  2336560.00  21.129891  105.335712  -12.1106  -14.8023
   230  3906  2864  568910.00  2336500.00  21.128382  105.663608   -4.8915  -14.4786
   231   309  2870  532940.00  2336440.00  21.128843  105.317220   -6.6895  -11.1846
   232   420  2879  534050.00  2336350.00  21.128009  105.327907  -12.4994  -16.2204
   233  6057  2879  590420.00  2336350.00  21.126089  105.870727   -6.2584  -14.7815
   234  3492  2903  564770.00  2336110.00  21.125010  105.623727   -8.3503  -14.4086
   235  1413  2909  543980.00  2336050.00  21.125087  105.423525   -6.8285  -15.0309
   236  1857  2912  548420.00  2336020.00  21.124703  105.466280  -11.7488  -15.2064
   237   684  2927  536690.00  2335870.00  21.123621  105.353320   -9.9610  -19.8683
   238  3552  2930  565370.00  2335840.00  21.122549  105.629494   -9.3863  -13.2334
   239  1653  2960  546380.00  2335540.00  21.120419  105.446623   -6.6559  -16.4261
   240   570  2963  535550.00  2335510.00  21.120391  105.342335   -1.6232  -15.3002
   241   867  2963  538520.00  2335510.00  21.120331  105.370934  -14.9989  -20.4073
   242   441  2981  534260.00  2335330.00  21.118789  105.329909   -6.3943  -11.7254
   243  1539  3002  545240.00  2335120.00  21.116653  105.435634   -7.4002  -10.4955
   244  5457  3002  584420.00  2335120.00  21.115264  105.812892   -8.0541  -19.4123
   245  1533  3005  545180.00  2335090.00  21.116383  105.435056  -11.4556  -17.7385
   246   441  3008  534260.00  2335060.00  21.116350  105.329904   -4.7017  -13.5032
   247   405  3011  533900.00  2335030.00  21.116085  105.326437   -9.7324  -17.6358
   248   399  3017  533840.00  2334970.00  21.115544  105.325858  -15.5275  -17.8241
   249  4767  3044  577520.00  2334700.00  21.111775  105.746437   -8.4362  -14.3094
   250   438  3050  534230.00  2334640.00  21.112555  105.329606   -8.6680  -12.3075
   251   816  3056  538010.00  2334580.00  21.111939  105.366003   -7.6049  -14.1992
   252   960  3059  539450.00  2334550.00  21.111637  105.379868   -8.7630  -14.9114
   253  2001  3059  549860.00  2334550.00  21.111383  105.480104   -9.2476  -14.5014
   254  1794  3062  547790.00  2334520.00  21.111167  105.460172  -10.2764  -16.7039
   255   972  3071  539570.00  2334430.00  21.110550  105.381021   -5.3776  -15.0396
   256   456  3077  534410.00  2334370.00  21.110112  105.331334   -9.0682  -14.0516
   257   423  3080  534080.00  2334340.00  21.109848  105.328156   -5.4529  -10.8530
   258   435  3083  534200.00  2334310.00  21.109574  105.329311   -9.7305  -16.8497
   259  5472  3098  584570.00  2334160.00  21.106583  105.814289  -10.4776  -18.3666
   260  5628  3104  586130.00  2334100.00  21.105968  105.829306   -8.9094  -18.8004
   261  1830  3107  548150.00  2334070.00  21.107092  105.463626   -9.2047  -12.7699
   262   675  3113  536600.00  2334010.00  21.106817  105.352414   -3.4638  -11.0846
   263   675  3125  536600.00  2333890.00  21.105733  105.352411   -4.6189  -10.4130
   264   768  3137  537530.00  2333770.00  21.104630  105.361363   -4.2823  -11.1851
   265  1011  3155  539960.00  2333590.00  21.102952  105.384756   -5.1860  -11.6758
   266  1518  3161  545030.00  2333530.00  21.102292  105.433570   -9.1778  -19.4440
   267  1833  3164  548180.00  2333500.00  21.101941  105.463898  -13.8618  -17.4376
   268  4062  3167  570470.00  2333470.00  21.100947  105.678506  -10.0917  -15.4575
   269  1026  3173  540110.00  2333410.00  21.101322  105.386196  -14.4374  -16.3130
   270   729  3173  537140.00  2333410.00  21.101385  105.357600   -8.6033  -15.7997
   271   648  3182  536330.00  2333320.00  21.100588  105.349799   -9.2038  -13.7888
   272  4083  3185  570680.00  2333290.00  21.099313  105.680520   -8.9511  -14.5694
   273  3840  3191  568250.00  2333230.00  21.098863  105.657122   -5.3421  -17.7748
   274   645  3191  536300.00  2333230.00  21.099776  105.349509   -6.3853  -10.0327
   275   708  3194  536930.00  2333200.00  21.099492  105.355574   -7.0140  -10.2084
   276  1059  3203  540440.00  2333110.00  21.098605  105.389367  -10.7172  -14.4709
   277  3924  3224  569090.00  2332900.00  21.095850  105.665196  -11.2978  -14.7319
   278   843  3227  538280.00  2332870.00  21.096483  105.368565   -7.7990  -11.6320
   279  1230  3227  542150.00  2332870.00  21.096397  105.405825   -6.6481  -16.0723
   280  1233  3230  542180.00  2332840.00  21.096126  105.406113   -8.2821  -14.6857
   281   393  3236  533780.00  2332780.00  21.095758  105.325237  -11.4717  -16.8068
   282   714  3239  536990.00  2332750.00  21.095425  105.356142  -16.3253  -19.5803
   283   465  3239  534500.00  2332750.00  21.095473  105.332168   -8.4302  -14.3136
   284   474  3245  534590.00  2332690.00  21.094930  105.333034   -9.1784  -15.9145
   285   792  3245  537770.00  2332690.00  21.094867  105.363650  -10.7634  -15.0102
   286  5697  3248  586820.00  2332660.00  21.092926  105.835876   -9.4269  -14.6148
   287   435  3248  534200.00  2332660.00  21.094666  105.329278   -3.9488  -14.3170
   288   819  3251  538040.00  2332630.00  21.094319  105.366248   -7.9106  -11.4361
   289   699  3254  536840.00  2332600.00  21.094073  105.354694    0.5469   -7.1391
   290   654  3254  536390.00  2332600.00  21.094082  105.350362   -2.0485   -7.2128
   291   972  3254  539570.00  2332600.00  21.094016  105.380978  -16.0586  -24.0282
   292  1323  3260  543080.00  2332540.00  21.093394  105.414770  -12.4302  -14.9552
   293   993  3260  539780.00  2332540.00  21.093469  105.382999  -13.9942  -16.1681
   294   699  3260  536840.00  2332540.00  21.093530  105.354693    5.5053   -2.3911
   295  1725  3263  547100.00  2332510.00  21.093024  105.453473  -14.3033  -18.7909
   296   630  3263  536150.00  2332510.00  21.093273  105.348049   -8.7664  -19.0476
   297   651  3275  536360.00  2332390.00  21.092185  105.350069   -9.2059  -16.9140
   298   771  3275  537560.00  2332390.00  21.092160  105.361622  -12.1209  -12.2013
   299  3555  3281  565400.00  2332330.00  21.090835  105.629649   -7.6128  -14.1991
   300  4968  3287  579530.00  2332270.00  21.089734  105.765677   -8.2388  -16.2834
   301   561  3287  535460.00  2332270.00  21.091118  105.341401  -13.6196  -15.7620
   302   867  3287  538520.00  2332270.00  21.091056  105.370862   -2.1116   -8.7533
   303   735  3290  537200.00  2332240.00  21.090813  105.358153   -9.6050  -16.0592
   304   687  3290  536720.00  2332240.00  21.090822  105.353531   -7.1290  -13.8798
   305   588  3296  535730.00  2332180.00  21.090300  105.343999  -11.2965  -14.9117
   306  1551  3299  545360.00  2332150.00  21.089815  105.436711   -2.5193  -11.9252
   307   594  3302  535790.00  2332120.00  21.089756  105.344575   -8.1482  -13.4729
   308  1086  3305  540710.00  2332090.00  21.089383  105.391942   -4.4186   -5.3204
   309  6306  3308  592910.00  2332060.00  21.087206  105.894471   -8.1036  -15.4439
   310   576  3311  535610.00  2332030.00  21.088947  105.342840   -9.7769  -12.1498
   311  1095  3311  540800.00  2332030.00  21.088838  105.392807  -10.5996  -13.4449
   312  1242  3317  542270.00  2331970.00  21.088263  105.406958   -9.0937  -16.3001
   313  6384  3317  593690.00  2331970.00  21.086354  105.901974   -9.2190  -13.1526
   314  1116  3323  541010.00  2331910.00  21.087749  105.394826  -11.1764  -13.6955
   315  4662  3323  576470.00  2331910.00  21.086612  105.736203   -9.6377  -14.8686
   316  6390  3329  593750.00  2331850.00  21.085266  105.902545   -6.6006  -15.7543
   317   834  3329  538190.00  2331850.00  21.087268  105.367675   -8.9246  -15.7684
   318   777  3332  537620.00  2331820.00  21.087009  105.362187  -11.8834  -19.5954
   319   699  3332  536840.00  2331820.00  21.087025  105.354678   -4.8356  -12.4428
   320   564  3341  535490.00  2331730.00  21.086238  105.341679   -4.0197  -11.7694
   321   942  3341  539270.00  2331730.00  21.086161  105.378070   -9.8884  -18.2985
   322  6336  3344  593210.00  2331700.00  21.083939  105.897339   -7.9355  -11.7512
   323   981  3344  539660.00  2331700.00  21.085882  105.381824   -9.2708  -13.2037
   324   903  3344  538880.00  2331700.00  21.085898  105.374315   -8.5447  -11.7298
   325  6759  3347  597440.00  2331670.00  21.083447  105.938056   -9.2466  -13.7507
   326  1644  3350  546290.00  2331640.00  21.085184  105.445651   -6.0540  -17.0262
   327   978  3353  539630.00  2331610.00  21.085069  105.381533  -12.7358  -13.8153
   328   924  3353  539090.00  2331610.00  21.085081  105.376334   -6.9911  -13.6944
   329  1353  3356  543380.00  2331580.00  21.084713  105.417634  -12.2703  -17.5203
   330   507  3356  534920.00  2331580.00  21.084894  105.336188   -8.1387  -12.9015
   331   819  3356  538040.00  2331580.00  21.084832  105.366225  -14.2039  -18.7065
   332  1056  3359  540410.00  2331550.00  21.084510  105.389041  -15.2758  -12.1554
   333   555  3359  535400.00  2331550.00  21.084614  105.340809   -3.7138  -13.6086
   334   957  3362  539420.00  2331520.00  21.084261  105.379509   -6.6514  -16.8454
   335   735  3365  537200.00  2331490.00  21.084036  105.358136   -7.8471  -13.0393
   336   927  3368  539120.00  2331460.00  21.083725  105.376620   -8.6935  -18.2093
   337  1368  3368  543530.00  2331460.00  21.083625  105.419075  -12.1808  -19.3921
   338   786  3371  537710.00  2331430.00  21.083483  105.363045  -13.1392  -13.4421
   339   813  3377  537980.00  2331370.00  21.082936  105.365643  -12.1706  -18.4200
   340   474  3377  534590.00  2331370.00  21.083003  105.333007   -7.6992  -11.5559
   341  1056  3377  540410.00  2331370.00  21.082884  105.389037   -9.7373  -15.8620
   342  1050  3380  540350.00  2331340.00  21.082614  105.388458   -9.7723  -13.3841
   343   855  3383  538400.00  2331310.00  21.082385  105.369685  -10.2738  -17.5652
   344  4491  3386  574760.00  2331280.00  21.080990  105.719713   -7.9251  -14.7810
   345  1896  3389  548810.00  2331250.00  21.081595  105.469900   -4.4105   -8.4846
   346  2190  3389  551750.00  2331250.00  21.081514  105.498203   -6.0911  -11.8643
   347   792  3389  537770.00  2331250.00  21.081856  105.363619   -6.9146  -11.7738
   348   489  3392  534740.00  2331220.00  21.081645  105.334448   -1.9419  -12.8571
   349  4728  3392  577130.00  2331220.00  21.080350  105.742525   -7.9509  -12.0051
   350   927  3395  539120.00  2331190.00  21.081285  105.376614  -12.1121  -11.6606
   351   855  3395  538400.00  2331190.00  21.081301  105.369682  -10.2016  -14.9190
   352   855  3407  538400.00  2331070.00  21.080216  105.369680   -9.9671  -16.4954
   353   492  3410  534770.00  2331040.00  21.080018  105.334733   -7.6156  -16.7052
   354   666  3410  536510.00  2331040.00  21.079984  105.351484   -6.3015  -12.5673
   355   543  3419  535280.00  2330950.00  21.079195  105.339641   -2.3304   -8.1478
   356   630  3422  536150.00  2330920.00  21.078907  105.348016   -8.1689  -13.6299
   357  5091  3422  580760.00  2330920.00  21.077483  105.777454   -8.2036  -13.7521
   358  1011  3422  539960.00  2330920.00  21.078828  105.384694  -13.9351  -14.1998
   359  1185  3431  541700.00  2330830.00  21.077976  105.401443   -5.9734  -15.6757
   360   603  3437  535880.00  2330770.00  21.077557  105.345413   -5.7326  -12.9204
   361   858  3440  538430.00  2330740.00  21.077234  105.369961  -14.1788  -19.4601
   362  1503  3446  544880.00  2330680.00  21.076545  105.432052  -13.2792  -14.4628
   363   636  3452  536210.00  2330620.00  21.076195  105.348587   -5.0326   -9.6140
   364  1500  3452  544850.00  2330620.00  21.076004  105.431761   -7.5962  -12.6449
   365   819  3455  538040.00  2330590.00  21.075887  105.366203   -3.3613   -9.2477
   366  1056  3455  540410.00  2330590.00  21.075836  105.389018  -21.0924  -22.8754
   367  1071  3458  540560.00  2330560.00  21.075562  105.390462   -7.9115  -14.9190
   368   867  3464  538520.00  2330500.00  21.075064  105.370822   -9.4585  -16.9625
   369   648  3464  536330.00  2330500.00  21.075108  105.349740   -3.8850   -6.6226
   370   651  3464  536360.00  2330500.00  21.075108  105.350029   -4.9880   -5.8927
   371   702  3467  536870.00  2330470.00  21.074827  105.354938   -9.7129  -12.9514
   372  4860  3473  578450.00  2330410.00  21.072976  105.755195   -9.0325  -16.4532
   373  1077  3476  540620.00  2330380.00  21.073934  105.391035  -12.0485  -20.2892
   374   696  3479  536810.00  2330350.00  21.073744  105.354357    3.0332   -7.0025
   375  4998  3479  579830.00  2330350.00  21.072374  105.768476   -7.0335  -15.6686
   376   522  3482  535070.00  2330320.00  21.073507  105.337607   -3.7490  -11.4211
   377  1077  3482  540620.00  2330320.00  21.073392  105.391034  -12.4467  -16.3722
   378   621  3485  536060.00  2330290.00  21.073216  105.347136   -3.9200  -11.8182
   379   876  3488  538610.00  2330260.00  21.072893  105.371683  -15.1481  -22.1691
   380  4803  3488  577880.00  2330260.00  21.071645  105.749701   -9.3491  -16.4329
   381   867  3491  538520.00  2330230.00  21.072624  105.370816  -12.0956  -19.3391
   382  3765  3494  567500.00  2330200.00  21.071515  105.649783  -10.2731  -14.6504
   383   768  3503  537530.00  2330110.00  21.071560  105.361283   -9.5391  -15.5007
   384  5727  3503  587120.00  2330110.00  21.069874  105.838635   -7.5588  -13.3011
   385  5754  3506  587390.00  2330080.00  21.069590  105.841232   -7.3072  -10.5962
   386  5010  3506  579950.00  2330080.00  21.069929  105.769618   -6.1888  -14.9994
   387   669  3509  536540.00  2330050.00  21.071038  105.351752    4.8723   -3.7420
   388   645  3509  536300.00  2330050.00  21.071043  105.349442   -0.8665   -8.3174
   389   534  3515  535190.00  2329990.00  21.070523  105.338755   -5.6190   -9.4984
   390  2004  3515  549890.00  2329990.00  21.070181  105.480261   -9.4717  -18.5950
   391  4836  3518  578210.00  2329960.00  21.068920  105.752864  -10.9202  -15.9930
   392  1155  3524  541400.00  2329900.00  21.069580  105.398532   -8.0853  -17.1518
   393   627  3530  536120.00  2329840.00  21.069149  105.347704    0.0705   -8.5495
   394  3867  3530  568520.00  2329840.00  21.068224  105.659587   -9.3912  -16.5460
   395   552  3530  535370.00  2329840.00  21.069164  105.340485   -6.4421  -11.1725
   396  2031  3533  550160.00  2329810.00  21.068548  105.482855   -6.7872  -15.2703
   397  3819  3536  568040.00  2329780.00  21.067700  105.654964   -8.3779  -12.4317
   398   669  3542  536540.00  2329720.00  21.068057  105.351745   -4.8056  -12.7458
   399  1101  3545  540860.00  2329690.00  21.067694  105.393329   -9.1308  -12.9793
   400  5928  3545  589130.00  2329690.00  21.065982  105.857960  -10.1456  -15.7160
   401   870  3548  538550.00  2329660.00  21.067473  105.371092   -7.5990  -13.5246
   402   558  3548  535430.00  2329660.00  21.067536  105.341059   -7.1746  -14.9467
   403  1776  3548  547610.00  2329660.00  21.067260  105.458304   -9.7390  -15.0674
   404  2832  3551  558170.00  2329630.00  21.066684  105.559952   -8.1386  -18.7569
   405  1788  3551  547730.00  2329630.00  21.066986  105.459458   -9.8768  -18.0470
   406   315  3551  533000.00  2329630.00  21.067311  105.317666  -11.2411  -11.8646
   407   852  3554  538370.00  2329600.00  21.066935  105.369358   -9.2449  -16.2721
   408  1149  3554  541340.00  2329600.00  21.066870  105.397947  -10.7174  -17.2956
   409   858  3560  538430.00  2329540.00  21.066392  105.369934   -9.9542  -19.6332
   410  1032  3560  540170.00  2329540.00  21.066354  105.386684   -6.5310  -10.8261
   411  5619  3563  586040.00  2329510.00  21.064504  105.828209   -6.2981   -9.5675
   412   753  3572  537380.00  2329420.00  21.065329  105.359824    1.7246   -7.8186
   413   957  3578  539420.00  2329360.00  21.064744  105.379460   -9.3372  -13.3389
   414   867  3578  538520.00  2329360.00  21.064763  105.370797   -8.6622  -13.7904
   415  2559  3584  555440.00  2329300.00  21.063788  105.533663   -7.9755  -10.8679
   416   750  3587  537350.00  2329270.00  21.063974  105.359532    1.8733  -10.6689
   417   936  3590  539210.00  2329240.00  21.063664  105.377436  -12.5567  -19.2689
   418   729  3590  537140.00  2329240.00  21.063708  105.357510   -2.8469   -7.6190
   419   963  3593  539480.00  2329210.00  21.063388  105.380034   -7.5422  -17.2151
   420  3828  3599  568130.00  2329150.00  21.062005  105.655805   -8.5520  -14.0162
   421   603  3599  535880.00  2329150.00  21.062919  105.345380   -5.2751  -11.7335
   422  4839  3599  578240.00  2329150.00  21.061601  105.753116   -9.9683  -21.1083
   423   780  3602  537650.00  2329120.00  21.062613  105.362417  -17.0116  -19.0147
   424   951  3602  539360.00  2329120.00  21.062577  105.378877  -11.8277  -17.8911
   425   873  3605  538580.00  2329090.00  21.062323  105.371368  -12.9932  -19.9398
   426  1506  3605  544910.00  2329090.00  21.062178  105.432299  -13.1357  -16.0547
   427  3159  3605  561440.00  2329090.00  21.061699  105.591409   -6.7383  -15.0509
   428   867  3605  538520.00  2329090.00  21.062324  105.370791   -9.5304  -23.0770
   429   849  3608  538340.00  2329060.00  21.062056  105.369057  -10.8404  -16.1680
   430  1485  3608  544700.00  2329060.00  21.061912  105.430277   -9.6869  -17.0765
   431   639  3611  536240.00  2329030.00  21.061828  105.348842   -3.8647   -9.6721
   432   786  3611  537710.00  2329030.00  21.061798  105.362992  -11.1129  -19.2562
   433   918  3611  539030.00  2329030.00  21.061771  105.375698   -8.6800  -15.9029
   434   798  3614  537830.00  2329000.00  21.061525  105.364147  -11.0358  -18.5125
   435  4761  3617  577460.00  2328970.00  21.060008  105.745601   -7.1874  -13.8998
   436  1746  3623  547310.00  2328910.00  21.060492  105.455396  -10.0577  -14.4071
   437  4770  3623  577550.00  2328910.00  21.059462  105.746464   -8.5446  -14.1391
   438  4851  3629  578360.00  2328850.00  21.058885  105.754258   -9.5397  -16.8301
   439   966  3635  539510.00  2328790.00  21.059592  105.380313  -11.4864  -17.8814
   440   468  3635  534530.00  2328790.00  21.059693  105.332378   -9.7064  -16.8554
   441   648  3635  536330.00  2328790.00  21.059658  105.349704   -0.9482  -11.8722
   442  4833  3638  578180.00  2328760.00  21.058080  105.752521  -13.4623  -17.8408
   443   441  3638  534260.00  2328760.00  21.059427  105.329778   -2.0403   -9.4351
   444   537  3641  535220.00  2328730.00  21.059137  105.339018   -8.1842  -12.2463
   445   918  3641  539030.00  2328730.00  21.059060  105.375691  -12.9636  -19.9025
   446   663  3641  536480.00  2328730.00  21.059113  105.351146   -0.7934   -6.3225
   447  1080  3644  540650.00  2328700.00  21.058754  105.391284   -6.7173  -14.7737
   448  5001  3647  579860.00  2328670.00  21.057194  105.768687  -11.5061  -13.5782
   449   414  3650  533990.00  2328640.00  21.058347  105.327177   -4.7162   -7.5427
   450   450  3656  534350.00  2328580.00  21.057799  105.330641   -0.8025   -6.2108
   451   264  3656  532490.00  2328580.00  21.057832  105.312737   -8.2976  -11.9712
   452  4842  3656  578270.00  2328580.00  21.056450  105.753379   -5.1380  -13.6853
   453   954  3659  539390.00  2328550.00  21.057426  105.379153  -11.6101  -17.0167
   454   729  3665  537140.00  2328490.00  21.056931  105.357494   -1.8097   -6.0199
   455   663  3668  536480.00  2328460.00  21.056673  105.351141   -3.2631  -10.5076
   456  2127  3677  551120.00  2328370.00  21.055510  105.492053  -11.1149  -15.9119
   457  2130  3686  551150.00  2328280.00  21.054696  105.492339   -7.7426  -15.9695
   458   783  3686  537680.00  2328280.00  21.055023  105.362687    3.8905   -5.4373
   459  1707  3695  546920.00  2328190.00  21.053996  105.451622   -8.3099  -14.0555
   460   210  3695  531950.00  2328190.00  21.054318  105.307532  -12.0576  -16.6688
   461   975  3695  539600.00  2328190.00  21.054169  105.381166   -8.5582  -15.5464
   462   537  3698  535220.00  2328160.00  21.053987  105.339006   -9.5196   -9.6181
   463   693  3698  536780.00  2328160.00  21.053957  105.354022   -5.5795  -12.4330
   464   735  3701  537200.00  2328130.00  21.053677  105.358064   -0.8431   -8.3058
   465   606  3704  535910.00  2328100.00  21.053432  105.345647   -4.5070  -12.6401
   466   747  3707  537320.00  2328070.00  21.053132  105.359217    0.2006   -9.6481
   467   876  3710  538610.00  2328040.00  21.052835  105.371633  -10.6496  -17.0023
   468   741  3716  537260.00  2327980.00  21.052321  105.358638    1.1543   -2.8039
   469   600  3716  535850.00  2327980.00  21.052349  105.345067   -7.5847  -15.2885
   470  1053  3719  540380.00  2327950.00  21.051983  105.388668  -12.1636  -13.4372
   471   918  3722  539030.00  2327920.00  21.051742  105.375673  -18.9296  -28.0431
   472  1050  3722  540350.00  2327920.00  21.051713  105.388378   -6.2348  -13.1108
   473   939  3728  539240.00  2327860.00  21.051195  105.377693  -12.2253  -14.0299
   474  2226  3728  552110.00  2327860.00  21.050874  105.501566   -5.5461  -15.6521
   475   840  3731  538250.00  2327830.00  21.050945  105.368164  -14.7137  -14.9098
   476   627  3731  536120.00  2327830.00  21.050988  105.347662  -16.0380  -22.7124
   477   396  3731  533810.00  2327830.00  21.051032  105.325428   -8.2848  -12.6375
   478   504  3734  534890.00  2327800.00  21.050741  105.335823   -3.2194   -7.4258
   479   945  3734  539300.00  2327800.00  21.050652  105.378269   -9.8229  -14.7388
   480   681  3737  536660.00  2327770.00  21.050435  105.352858   -9.4329  -16.1203
   481  1080  3737  540650.00  2327770.00  21.050351  105.391262  -12.2047  -15.3707
   482  1686  3737  546710.00  2327770.00  21.050207  105.449589   -6.8740  -15.5597
   483  4890  3737  578750.00  2327770.00  21.049111  105.757962   -8.1324  -16.5303
   484  2385  3737  553700.00  2327770.00  21.050015  105.516867   -5.9285  -13.8319
   485  6852  3743  598370.00  2327710.00  21.047622  105.946782   -4.2445  -14.4057
   486  6849  3749  598340.00  2327650.00  21.047081  105.946490   -6.6871  -13.0316
   487  1035  3752  540200.00  2327620.00  21.049006  105.386927   -7.1930  -17.7655
   488   849  3755  538340.00  2327590.00  21.048774  105.369024   -7.7457  -12.7393
   489  1071  3755  540560.00  2327590.00  21.048727  105.390392  -19.0774  -24.7308
   490  4845  3758  578300.00  2327560.00  21.047233  105.753621   -6.5817   -9.9918
   491   717  3758  537020.00  2327560.00  21.048530  105.356319   -1.5346   -8.8059
   492  6858  3761  598430.00  2327530.00  21.045992  105.947349   -5.9235  -17.6005
   493   822  3761  538070.00  2327530.00  21.048238  105.366424   -2.5855   -5.6830
   494  1050  3761  540350.00  2327530.00  21.048189  105.388369  -14.3636  -17.3538
   495   558  3764  535430.00  2327500.00  21.048020  105.341014    0.0694   -4.9041
   496   717  3770  537020.00  2327440.00  21.047446  105.356316   -4.2153  -13.6954
   497  2472  3773  554570.00  2327410.00  21.046737  105.525229   -7.6996  -15.9956
   498   927  3776  539120.00  2327380.00  21.046861  105.376527  -11.5216  -19.6369
   499  1347  3776  543320.00  2327380.00  21.046766  105.416951   -9.6049  -14.1018
   500   954  3779  539390.00  2327350.00  21.046584  105.379125   -8.0907  -16.0421
   501  1152  3779  541370.00  2327350.00  21.046540  105.398182   -8.2147  -12.6414
   502   906  3782  538910.00  2327320.00  21.046323  105.374505  -10.9000  -17.5658
   503  1689  3785  546740.00  2327290.00  21.045869  105.449865  -12.4005  -15.8420
   504  1206  3788  541910.00  2327260.00  21.045715  105.403377   -8.6310  -15.5595
   505   870  3788  538550.00  2327260.00  21.045788  105.371038  -13.0747  -22.5328
   506   900  3788  538850.00  2327260.00  21.045782  105.373926   -9.4054  -20.8360
   507   903  3791  538880.00  2327230.00  21.045510  105.374214  -15.6698  -20.9567
   508  1206  3791  541910.00  2327230.00  21.045444  105.403377   -6.6775  -12.0719
   509  1197  3791  541820.00  2327230.00  21.045446  105.402510   -9.6815  -13.4693
   510  1281  3794  542660.00  2327200.00  21.045155  105.410594   -3.9580  -11.6021
   511   933  3794  539180.00  2327200.00  21.045233  105.377101   -7.6490  -13.6865
   512  1167  3803  541520.00  2327110.00  21.044368  105.399620   -3.6127   -7.7776
   513   840  3806  538250.00  2327080.00  21.044168  105.368147    1.5551   -6.8314
   514  1089  3806  540740.00  2327080.00  21.044115  105.392112   -7.5455  -19.1694
   515   567  3806  535520.00  2327080.00  21.044223  105.341872   -0.8927   -7.2325
   516  1041  3809  540260.00  2327050.00  21.043854  105.387492   -7.6070  -18.0570
   517  2382  3809  553670.00  2327050.00  21.043511  105.516556   -9.3292  -18.6210
   518   825  3809  538100.00  2327050.00  21.043900  105.366703   -1.5861  -10.5504
   519   474  3809  534590.00  2327050.00  21.043970  105.332920   -2.6674   -9.5186
   520  1281  3812  542660.00  2327020.00  21.043529  105.410590   -7.8440  -17.9517
   521  6729  3812  597140.00  2327020.00  21.041454  105.934906   -6.7079  -13.4437
   522  2625  3812  556100.00  2327020.00  21.043167  105.539942  -12.4945  -17.4103
   523   537  3815  535220.00  2326990.00  21.043416  105.338982   -7.8403  -11.0024
   524  6861  3815  598460.00  2326990.00  21.041112  105.947607   -9.8253  -16.3003
   525  1179  3818  541640.00  2326960.00  21.043010  105.400771   -4.3363  -11.4575
   526  3825  3818  568100.00  2326960.00  21.042219  105.655430   -7.0338  -12.4587
   527  1647  3821  546320.00  2326930.00  21.042627  105.445813  -11.4793  -15.6592
   528   543  3821  535280.00  2326930.00  21.042872  105.339559   -4.8145   -9.5946
   529   501  3827  534860.00  2326870.00  21.042338  105.335515   -5.2679   -8.8742
   530   636  3830  536210.00  2326840.00  21.042041  105.348508   -3.6922   -8.3179
   531  1266  3830  542510.00  2326840.00  21.041906  105.409142   -9.2669   -9.5906
   532   519  3830  535040.00  2326840.00  21.042064  105.337247   -5.9351   -9.7901
   533   603  3833  535880.00  2326810.00  21.041777  105.345331   -6.4764  -11.4629
   534   579  3836  535640.00  2326780.00  21.041510  105.343020   -8.4972  -12.0462
   535  1083  3836  540680.00  2326780.00  21.041405  105.391528   -5.5281   -9.0669
   536  2148  3842  551330.00  2326720.00  21.040596  105.494025   -7.4266  -19.7742
   537  1302  3845  542870.00  2326690.00  21.040542  105.412603   -9.7089  -16.9978
   538   612  3845  535970.00  2326690.00  21.040691  105.346195   -7.0210  -13.1511
   539  1767  3848  547520.00  2326660.00  21.040157  105.457355   -6.8254  -15.8132
   540  1998  3848  549830.00  2326660.00  21.040095  105.479587   -9.0949  -12.8238
   541  3963  3851  569480.00  2326630.00  21.039186  105.668698  -11.7040  -14.6769
   542   777  3857  537620.00  2326570.00  21.039573  105.362072   -2.2477   -8.0841
   543  3945  3860  569300.00  2326540.00  21.038379  105.666962  -10.4722  -19.7776
   544  3993  3869  569780.00  2326450.00  21.037548  105.671578   -7.3970  -14.6590
   545   675  3869  536600.00  2326450.00  21.038510  105.352253  -15.0382  -19.6352
   546  1686  3869  546710.00  2326450.00  21.038280  105.449554   -7.5562  -17.8751
   547  1086  3872  540710.00  2326420.00  21.038152  105.391808   -5.0809  -14.6564
   548  1206  3872  541910.00  2326420.00  21.038125  105.403357  -10.9566  -12.7878
   549   969  3875  539540.00  2326390.00  21.037906  105.380547  -10.3616  -16.1159
   550   261  3875  532460.00  2326390.00  21.038045  105.312407  -10.1967  -16.3832
   551  1182  3875  541670.00  2326390.00  21.037859  105.401046  -13.0692  -13.6618
   552   276  3881  532610.00  2326330.00  21.037501  105.313850  -12.9730  -19.3628
   553  1119  3881  541040.00  2326330.00  21.037331  105.394982  -14.9603  -20.9359
   554   978  3881  539630.00  2326330.00  21.037362  105.381412   -6.4582  -13.7779
   555  1137  3881  541220.00  2326330.00  21.037327  105.396714   -9.6171  -12.7571
   556  1176  3884  541610.00  2326300.00  21.037048  105.400467  -11.4485  -13.3594
   557  2238  3887  552230.00  2326270.00  21.036505  105.502673  -14.0807  -16.6787
   558  1206  3890  541910.00  2326240.00  21.036499  105.403352  -11.5822  -18.5131
   559   147  3893  531320.00  2326210.00  21.036439  105.301432   -4.0663  -14.5201
   560   339  3893  533240.00  2326210.00  21.036405  105.319911  -16.3454  -19.2113
   561  1773  3896  547580.00  2326180.00  21.035818  105.457919   -9.4932  -11.6922
   562  1212  3905  541970.00  2326090.00  21.035142  105.403926   -6.1701  -16.5447
   563   633  3905  536180.00  2326090.00  21.035265  105.348203  -10.2374  -16.1458
   564  2241  3905  552260.00  2326090.00  21.034878  105.502956   -9.0173  -14.3030
   565  1017  3908  540020.00  2326060.00  21.034914  105.385159   -7.1219  -10.1397
   566   729  3914  537140.00  2326000.00  21.034433  105.357440   -3.4023   -7.2766
   567  1944  3914  549290.00  2326000.00  21.034147  105.474371   -7.8564  -14.1440
   568  1218  3914  542030.00  2326000.00  21.034327  105.404501   -8.8040  -15.8508
   569  1149  3917  541340.00  2325970.00  21.034072  105.397860  -11.9656  -13.7375
   570  4014  3920  569990.00  2325940.00  21.032932  105.673578  -10.1746  -18.4659
   571   924  3920  539090.00  2325940.00  21.033850  105.376206   -4.3514  -18.2191
   572   240  3920  532250.00  2325940.00  21.033983  105.310378   -9.1951  -18.9291
   573  3969  3920  569540.00  2325940.00  21.032949  105.669247  -10.9100  -17.9913
   574  4044  3923  570290.00  2325910.00  21.032650  105.676464   -9.9908  -14.0593
   575   963  3929  539480.00  2325850.00  21.033029  105.379957  -13.9845  -20.8415
   576  2865  3929  558500.00  2325850.00  21.032521  105.563001  -10.3172  -14.6370
   577   498  3932  534830.00  2325820.00  21.032852  105.335205   -6.3305  -17.0516
   578   804  3932  537890.00  2325820.00  21.032791  105.364654   -9.4013  -14.1041
   579   738  3932  537230.00  2325820.00  21.032805  105.358303  -10.2191  -16.3412
   580  1176  3935  541610.00  2325790.00  21.032439  105.400454  -12.2177  -16.5063
   581  4104  3938  570890.00  2325760.00  21.031271  105.682232   -9.9558  -14.0740
   582   822  3944  538070.00  2325700.00  21.031703  105.366384   -6.7699  -13.8646
   583   897  3944  538820.00  2325700.00  21.031687  105.373602   -3.0979   -9.3654
   584   960  3947  539450.00  2325670.00  21.031403  105.379664   -5.2539  -14.1656
   585  1149  3947  541340.00  2325670.00  21.031361  105.397853   -8.6460  -17.1298
   586   735  3953  537200.00  2325610.00  21.030908  105.358009  -12.9743  -20.3435
   587   522  3959  535070.00  2325550.00  21.030408  105.337509   -9.6165  -13.5549
   588  1323  3959  543080.00  2325550.00  21.030237  105.414595   -6.0035  -12.5313
   589   714  3959  536990.00  2325550.00  21.030370  105.355987   -6.2803  -10.9703
   590   738  3962  537230.00  2325520.00  21.030094  105.358296  -17.1142  -19.0437
   591  4086  3962  570710.00  2325520.00  21.029110  105.680490   -9.5157  -16.1017
   592   789  3965  537740.00  2325490.00  21.029812  105.363204   -6.9772  -12.1360
   593  4008  3968  569930.00  2325460.00  21.028598  105.672981   -8.6677  -15.6101
   594   939  3968  539240.00  2325460.00  21.029510  105.377638    1.0872   -7.3500
   595   972  3968  539570.00  2325460.00  21.029503  105.380814   -6.5396  -11.1021
   596  4020  3968  570050.00  2325460.00  21.028593  105.674136   -9.1033  -13.8063
   597   912  3977  538970.00  2325370.00  21.028703  105.375038   -0.7117   -8.7545
   598   996  3983  539810.00  2325310.00  21.028142  105.383120   -0.4742  -10.2592
   599  1035  3983  540200.00  2325310.00  21.028134  105.386874   -9.7526  -13.4497
   600   780  3989  537650.00  2325250.00  21.027646  105.362332   -8.2960  -13.9731
   601  2214  3989  551990.00  2325250.00  21.027296  105.500333  -10.6065  -16.2871
   602  1038  3992  540230.00  2325220.00  21.027320  105.387160   -4.2404  -16.4439
   603  1182  3995  541670.00  2325190.00  21.027017  105.401017  -10.0078  -14.7891
   604  1050  3998  540350.00  2325160.00  21.026775  105.388314  -10.1511  -15.2657
   605   804  4001  537890.00  2325130.00  21.026557  105.364639  -10.4226  -14.3923
   606  2160  4001  551450.00  2325130.00  21.026227  105.495132  -11.4945  -16.0775
   607   861  4004  538460.00  2325100.00  21.026274  105.370124   -7.6263   -9.8915
   608   888  4004  538730.00  2325100.00  21.026268  105.372722   -1.4727   -5.7804
   609  1053  4004  540380.00  2325100.00  21.026233  105.388601   -7.9082  -11.8232
   610  3015  4007  560000.00  2325070.00  21.025425  105.577409   -7.1748  -16.7270
   611  3084  4013  560690.00  2325010.00  21.024860  105.584047  -10.4036  -16.8219
   612  1131  4019  541160.00  2324950.00  21.024860  105.396104  -10.5100  -19.7684
   613   912  4019  538970.00  2324950.00  21.024908  105.375028   -0.9857  -10.0816
   614  1326  4019  543110.00  2324950.00  21.024815  105.414869   -3.6762   -7.9124
   615   795  4019  537800.00  2324950.00  21.024932  105.363769  -11.1520  -17.5939
   616   867  4022  538520.00  2324920.00  21.024646  105.370697   -4.0327  -11.7364
   617  1515  4025  545000.00  2324890.00  21.024228  105.433056   -5.6660  -12.6855
   618   801  4028  537860.00  2324860.00  21.024118  105.364345   -5.8024  -12.2976
   619   726  4028  537110.00  2324860.00  21.024133  105.357127   -0.9868   -8.2373
   620  1512  4031  544970.00  2324830.00  21.023686  105.432765  -10.7965  -17.0665
   621  1476  4034  544610.00  2324800.00  21.023424  105.429300   -4.4371  -12.0041
   622   933  4034  539180.00  2324800.00  21.023548  105.377046   -7.0003  -11.1789
   623  1185  4034  541700.00  2324800.00  21.023492  105.401297  -10.3881  -16.9589
   624  1083  4037  540680.00  2324770.00  21.023244  105.391480  -12.7909  -22.0102
   625  1125  4040  541100.00  2324740.00  21.022964  105.395521  -10.7283  -18.1913
   626   687  4043  536720.00  2324710.00  21.022786  105.353371  -12.7001  -14.9091
   627  1326  4046  543110.00  2324680.00  21.022376  105.414862   -2.1943  -12.8518
   628   903  4046  538880.00  2324680.00  21.022470  105.374156   -4.4772  -12.3936
   629  2832  4049  558170.00  2324650.00  21.021689  105.559784   -7.2386  -17.2152
   630   936  4058  539210.00  2324560.00  21.021379  105.377329   -7.3223  -11.5097
   631  1446  4058  544310.00  2324560.00  21.021263  105.426407   -6.6624  -14.6656
   632   903  4061  538880.00  2324530.00  21.021115  105.374153   -0.1619   -7.0282
   633   729  4061  537140.00  2324530.00  21.021151  105.357409   -5.8899  -13.7459
   634   861  4067  538460.00  2324470.00  21.020581  105.370110   -0.6125   -9.8728
   635  1074  4070  540590.00  2324440.00  21.020265  105.390606   -9.9517  -13.7956
   636  1425  4073  544100.00  2324410.00  21.019913  105.424382   -4.5918  -10.4556
   637  6291  4073  592760.00  2324410.00  21.018100  105.892615   -8.1120  -15.3371
   638  1332  4073  543170.00  2324410.00  21.019935  105.415433   -5.4409  -13.4118
   639  1302  4076  542870.00  2324380.00  21.019671  105.412545   -9.2507  -14.0288
   640  6360  4079  593450.00  2324350.00  21.017523  105.899251   -8.4833  -18.3228
   641  1287  4082  542720.00  2324320.00  21.019132  105.411100   -8.0058  -13.5644
   642  1587  4082  545720.00  2324320.00  21.019060  105.439969   -5.1414  -13.0380
   643   717  4085  537020.00  2324290.00  21.018985  105.356249  -13.7441  -12.7982
   644  5799  4085  587840.00  2324290.00  21.017258  105.845268  -10.8265  -12.9585
   645  1581  4088  545660.00  2324260.00  21.018519  105.439390   -8.6970  -16.4974
   646  1674  4088  546590.00  2324260.00  21.018496  105.448339   -5.8846  -13.4908
   647  1152  4088  541370.00  2324260.00  21.018621  105.398108  -13.7019  -18.5513
   648   708  4094  536930.00  2324200.00  21.018173  105.355381   -9.1144  -18.3770
   649  3825  4094  568100.00  2324200.00  21.017282  105.655321   -6.7510  -14.1299
   650  1137  4097  541220.00  2324170.00  21.017811  105.396662  -10.4539  -17.5902
   651  2136  4097  551210.00  2324170.00  21.017560  105.492794   -7.2604  -13.5348
   652   726  4100  537110.00  2324140.00  21.017627  105.357112  -13.1325  -15.6922
   653  1275  4103  542600.00  2324110.00  21.017237  105.409940   -6.4747  -12.6861
   654  1320  4103  543050.00  2324110.00  21.017227  105.414271  -16.6892  -20.2304
   655  3840  4109  568250.00  2324050.00  21.015921  105.656758   -7.8646  -13.6753
   656  1635  4109  546200.00  2324050.00  21.016608  105.444581  -13.1605  -17.7123
   657  1476  4112  544610.00  2324020.00  21.016376  105.429280   -5.3092  -10.5881
   658   888  4115  538730.00  2323990.00  21.016239  105.372697   -4.2129  -12.0145
   659  1593  4115  545780.00  2323990.00  21.016077  105.440538  -13.2527  -15.4174
   660  1608  4118  545930.00  2323960.00  21.015802  105.441980  -13.3259  -24.1806
   661  1989  4121  549740.00  2323930.00  21.015432  105.478642   -7.4809  -10.6721
   662  1110  4124  540950.00  2323900.00  21.015377  105.394058   -8.9851  -18.2969
   663  6336  4127  593210.00  2323870.00  21.013199  105.896915   -7.6389  -13.1437
   664   762  4130  537470.00  2323840.00  21.014910  105.360569   -7.5498  -16.9699
   665  1857  4133  548420.00  2323810.00  21.014383  105.465937  -10.5255  -14.1777
   666   768  4154  537530.00  2323600.00  21.012740  105.361141  -13.0570  -17.2072
   667  4023  4154  570080.00  2323600.00  21.011787  105.674349   -7.6982  -16.3622
   668  6564  4169  595490.00  2323450.00  21.009287  105.918829   -9.4967  -17.0028
   669  6309  4178  592940.00  2323360.00  21.008605  105.894290   -5.5600  -12.1949
   670  6573  4181  595580.00  2323330.00  21.008198  105.919689   -4.9541  -19.5864
   671  6549  4181  595340.00  2323330.00  21.008211  105.917380   -6.3945  -16.9900
   672   702  4187  536870.00  2323270.00  21.009771  105.354783  -14.1678  -14.5824
   673  2238  4193  552230.00  2323210.00  21.008857  105.502580   -8.2848  -14.5735
   674  2193  4196  551780.00  2323180.00  21.008599  105.498249   -8.7647  -18.8280
   675  2769  4211  557540.00  2323030.00  21.007072  105.553668   -7.5298  -17.6119
   676  2865  4220  558500.00  2322940.00  21.006229  105.562902   -9.9356  -16.2729
   677  6348  4226  593330.00  2322880.00  21.004248  105.898016   -6.3163  -18.3735
   678  6342  4268  593270.00  2322460.00  21.000457  105.897416   -9.6987  -14.8173
   679  6333  4271  593180.00  2322430.00  21.000191  105.896549  -10.5430  -13.6766
   680  2445  4274  554300.00  2322400.00  21.001479  105.522473   -7.0511  -11.7989
   681  6447  4298  594320.00  2322160.00  20.997693  105.907502   -8.1759  -15.2290
   682  4200  4337  571850.00  2321770.00  20.995184  105.691304   -6.6043  -14.6111
   683  6471  4343  594560.00  2321710.00  20.993615  105.909786   -8.8646  -15.6791
   684  4596  4349  575810.00  2321650.00  20.993941  105.729397  -12.5674  -11.0751
   685  5052  4352  580370.00  2321620.00  20.993477  105.773267   -6.6510  -15.1716
   686  6843  4358  598280.00  2321560.00  20.992065  105.945565   -9.9715  -14.0617
   687  4902  4427  578870.00  2320870.00  20.986766  105.758801   -9.9513  -23.8661
   688  3753  4442  567380.00  2320720.00  20.985867  105.648257   -7.7284  -16.3902
   689  6870  4463  598550.00  2320510.00  20.982565  105.948103  -12.2431  -15.6492
   690  4077  4472  570620.00  2320420.00  20.983035  105.679415  -10.3834  -11.9030
   691  4269  4514  572540.00  2320000.00  20.979165  105.697868  -14.6330  -12.0390
   692  4314  4517  572990.00  2319970.00  20.978877  105.702196  -15.0939  -14.3368
   693  4020  4532  570050.00  2319820.00  20.977636  105.673907   -6.7845  -14.5780
   694  2340  4535  553250.00  2319790.00  20.977927  105.512290  -10.8987  -16.7020
   695  5613  4544  585980.00  2319700.00  20.975876  105.827143   -6.3142  -13.1874
   696  6672  4547  596570.00  2319670.00  20.975080  105.929009  -10.0288  -15.3924
   697  4389  4559  573740.00  2319550.00  20.975052  105.709393   -9.7183  -15.2423
   698  4422  4607  574070.00  2319070.00  20.970702  105.712547   -7.0959  -17.5315
   699  6303  4631  592880.00  2318830.00  20.967681  105.893469   -7.9575  -14.8581
   700  4518  4631  575030.00  2318830.00  20.968495  105.721771   -8.7755  -17.8199
   701  6294  4670  592790.00  2318440.00  20.964162  105.892583  -10.5711  -17.4121
   702  2604  4679  555890.00  2318350.00  20.964838  105.537640   -9.8354  -15.6690
   703  2976  4685  559610.00  2318290.00  20.964179  105.573422  -13.1415  -20.8445
   704  4521  4721  575060.00  2317930.00  20.960362  105.722020   -7.9990  -14.0554
   705  2730  4745  557150.00  2317690.00  20.958836  105.549739   -9.1721  -14.6485
   706  2856  4748  558410.00  2317660.00  20.958526  105.561858   -9.8875  -14.3423
   707  5877  4748  588620.00  2317660.00  20.957321  105.852433  -11.7405  -14.7607
   708  4455  4766  574400.00  2317480.00  20.956323  105.715653   -6.2908  -12.2501
   709  4533  4769  575180.00  2317450.00  20.956020  105.723154  -11.1934  -18.1162
   710  2652  4793  556370.00  2317210.00  20.954523  105.542220  -10.0050  -16.6878
   711  2745  4793  557300.00  2317210.00  20.954495  105.551166   -6.7812  -13.7037
   712  6165  4814  591500.00  2317000.00  20.951217  105.880099  -11.0354  -16.1064
   713  2766  4820  557510.00  2316940.00  20.952048  105.553177   -6.7450  -15.0514
   714  4359  4856  573440.00  2316580.00  20.948230  105.706381   -8.1550  -15.2837
   715  2802  4865  557870.00  2316490.00  20.947971  105.556624   -3.5672  -16.8984
   716  2841  4877  558260.00  2316370.00  20.946875  105.560371   -8.8350  -15.1025
   717  2703  4883  556880.00  2316310.00  20.946376  105.547096   -4.8803  -10.4065
   718  2739  4889  557240.00  2316250.00  20.945823  105.550557   -7.9574  -20.6966
   719  3024  4928  560090.00  2315860.00  20.942208  105.577955   -9.1813  -13.1997
   720  3195  4961  561800.00  2315530.00  20.939170  105.594389   -7.7047  -13.6419
   721  3303  4961  562880.00  2315530.00  20.939133  105.604776   -8.6838  -15.4119
   722  2940  5030  559250.00  2314840.00  20.933019  105.569841  -13.1357  -17.9583
   723  2868  5036  558530.00  2314780.00  20.932500  105.562914   -9.5440  -15.8002
   724  2640  5057  556250.00  2314570.00  20.930674  105.540980  -12.3697  -15.3983
   725  2667  5069  556520.00  2314450.00  20.929581  105.543573   -9.1618  -13.1244
   726  2571  5075  555560.00  2314390.00  20.929068  105.534339   -7.2184  -11.7859
   727  2262  5087  552470.00  2314270.00  20.928074  105.504619  -13.8109  -17.2102
   728  2427  5096  554120.00  2314180.00  20.927214  105.520484  -13.4331  -18.5429
   729  2670  5099  556550.00  2314150.00  20.926870  105.543852  -11.0871  -19.5823
   730  5838  5102  588230.00  2314120.00  20.925356  105.848502   -8.9437  -16.5078
   731  2691  5114  556760.00  2314000.00  20.925508  105.545866   -9.6191  -15.5846
   732  2358  5129  553430.00  2313850.00  20.924252  105.513838   -5.9431  -16.7113
   733  2451  5141  554360.00  2313730.00  20.923141  105.522778  -18.7723  -16.7951
   734  2460  5153  554450.00  2313610.00  20.922054  105.523639  -15.7565  -18.8436
   735  2448  5159  554330.00  2313550.00  20.921515  105.522484   -4.6851  -11.0348
   736  2466  5165  554510.00  2313490.00  20.920968  105.524213  -14.6904  -18.7240
   737  2976  5237  559610.00  2312770.00  20.914305  105.573232       NaN       NaN
   738  4560  5333  575450.00  2311810.00  20.905052  105.725505   -6.3409  -12.2916
   739  2943  5342  559280.00  2311720.00  20.904828  105.570023  -13.4621  -16.6925
   740  2943  5378  559280.00  2311360.00  20.901576  105.570011  -10.6000  -15.8139
   741  3150  5447  561350.00  2310670.00  20.895274  105.589890   -9.8297  -18.1545
   742  3051  5465  560360.00  2310490.00  20.893680  105.580365   -7.3549  -16.1539
   743  4128  5486  571130.00  2310280.00  20.891400  105.683905   -8.2336  -21.5347
   744  4614  5495  575990.00  2310190.00  20.890393  105.730627   -5.9995  -14.2063
   745  5709  5513  586940.00  2310010.00  20.888285  105.835891   -9.5912  -16.2203
   746  2895  5519  558800.00  2309950.00  20.888851  105.565348   -4.6882  -15.3382
   747  4620  5519  576050.00  2309950.00  20.888222  105.731193   -8.8929  -12.6564
   748  6021  5552  590060.00  2309620.00  20.884612  105.865866   -7.2584  -16.8667
   749  3393  5663  563780.00  2308510.00  20.875675  105.613174   -6.4573  -11.7087
   750  3159  5720  561440.00  2307940.00  20.870604  105.590658  -13.8104  -14.6706
   751  3153  5738  561380.00  2307760.00  20.868980  105.590075   -6.0977  -11.1034
   752  3150  5738  561350.00  2307760.00  20.868981  105.589787   -7.4135  -11.0432
   753  4656  5744  576410.00  2307700.00  20.867879  105.734555   -7.5414  -13.6077
   754  2991  5747  559760.00  2307670.00  20.868220  105.574499  -10.7436  -20.4348
   755  3210  5765  561950.00  2307490.00  20.866521  105.595545   -8.9479  -13.0614
   756  4677  5777  576620.00  2307370.00  20.864888  105.736559   -9.3896  -15.0531
   757  4686  5786  576710.00  2307280.00  20.864072  105.737421  -10.4622  -12.1081
   758  3240  5786  562250.00  2307280.00  20.864614  105.598422  -10.3722  -17.2329
   759  3219  5786  562040.00  2307280.00  20.864621  105.596403   -6.9397  -15.0626
   760  3525  5813  565100.00  2307010.00  20.862076  105.625808   -8.1717  -15.2275
   761  3729  5888  567140.00  2306260.00  20.855227  105.645389   -6.3273  -12.1990
   762  6666  5888  596510.00  2306260.00  20.853930  105.927686   -6.3988  -17.2624
   763  3438  5975  564230.00  2305390.00  20.847470  105.617385   -7.6883  -14.5022
   764  4656  5981  576410.00  2305330.00  20.846466  105.734451   -9.8875  -20.2351
   765  3297  6026  562820.00  2304880.00  20.842910  105.603814   -7.5617  -12.6223
   766  4674  6026  576590.00  2304880.00  20.842392  105.736161   -9.1941  -20.6740
   767  3153  6041  561380.00  2304730.00  20.841603  105.589969   -7.9538  -14.5089
   768  3831  6182  568160.00  2303320.00  20.828626  105.655078  -14.4042  -22.9957
   769  3123  6188  561080.00  2303260.00  20.828331  105.587034   -5.9486  -14.1691
   770  3675  6242  566600.00  2302720.00  20.823262  105.640063  -11.1543  -14.8433
   771  3090  6260  560750.00  2302540.00  20.821836  105.583837  -10.0699  -11.5088
   772  3084  6269  560690.00  2302450.00  20.821025  105.583257   -6.2075  -12.4279
   773  2943  6275  559280.00  2302390.00  20.820528  105.569705   -8.5081  -11.5552
   774  2916  6284  559010.00  2302300.00  20.819724  105.567107   -9.6034  -17.5684
   775  2970  6284  559550.00  2302300.00  20.819707  105.572297  -14.5546  -16.6338
   776  2940  6293  559250.00  2302210.00  20.818903  105.569411  -12.7282  -16.7639
   777  3045  6293  560300.00  2302210.00  20.818869  105.579501   -0.3607  -12.0333
   778  2886  6311  558710.00  2302030.00  20.817294  105.564215   -7.1884  -16.3649
   779  2892  6320  558770.00  2301940.00  20.816479  105.564789   -8.6566  -13.8094
   780  2901  6320  558860.00  2301940.00  20.816476  105.565654   -3.7851  -11.5600
   781  2892  6323  558770.00  2301910.00  20.816208  105.564788   -3.3237  -10.4853
   782  2877  6332  558620.00  2301820.00  20.815399  105.563343   -4.6414  -14.6392
   783  3027  6332  560120.00  2301820.00  20.815351  105.577758   -9.0989  -15.5640
   784  3648  6332  566330.00  2301820.00  20.815140  105.637434   -7.4542  -15.9911
   785  5967  6335  589520.00  2301790.00  20.813896  105.860273   -8.0298  -17.8479
   786  2898  6350  558830.00  2301640.00  20.813766  105.565355  -13.2684  -13.4906
   787  3048  6362  560330.00  2301520.00  20.812634  105.579766   -8.8679  -15.9822
   788  3012  6392  559970.00  2301220.00  20.809935  105.576296  -10.1891  -15.3713
   789  2862  6401  558470.00  2301130.00  20.809170  105.561879  -10.7031  -18.7337
   790  5172  6458  581570.00  2300560.00  20.803149  105.783823   -9.9786  -15.7955
   792  3810  6662  567950.00  2298520.00  20.785265  105.652873   -1.7739   -9.1724
   794  3798  6827  567830.00  2296870.00  20.770361  105.651656   -9.4415  -11.9506
   795  3852  6845  568370.00  2296690.00  20.768715  105.656837  -12.2462  -15.4271
   797  3795  6860  567800.00  2296540.00  20.767380  105.651355   -9.2974  -15.6704
   798  4470  6866  574550.00  2296480.00  20.766580  105.716196   -8.5160  -18.4073
   799  3825  6896  568100.00  2296180.00  20.764117  105.654223   -5.9461  -14.5664
   801  3801  6929  567860.00  2295850.00  20.761144  105.651905  -14.5669  -21.1576
   802  3855  6947  568400.00  2295670.00  20.759498  105.657085  -11.2660  -14.2548
   803  3834  6956  568190.00  2295580.00  20.758692  105.655064   -6.6584   -8.2970
   804  3822  6965  568070.00  2295490.00  20.757884  105.653908   -0.1544   -9.3237
   806  3837  6974  568220.00  2295400.00  20.757065  105.655346  -10.1967  -14.6799
   807  3861  7001  568460.00  2295130.00  20.754617  105.657640   -9.9313  -11.0487
   810  3945  7037  569300.00  2294770.00  20.751333  105.665695   -5.8054  -11.5720
   811  3921  7040  569060.00  2294740.00  20.751071  105.663388  -20.0169  -34.8210
   813  3909  7046  568940.00  2294680.00  20.750533  105.662233  -16.4339  -18.9035
   816  3897  7064  568820.00  2294500.00  20.748911  105.661074  -15.5451  -20.8464
   817  3894  7079  568790.00  2294350.00  20.747557  105.660780  -14.2893  -22.1365
   820  3849  7103  568340.00  2294110.00  20.745405  105.656448   -4.6342   -7.8055
   822  3870  7109  568550.00  2294050.00  20.744855  105.658463   -4.4246   -8.2987
   823  6078  7133  590630.00  2293810.00  20.741744  105.870525   -9.6070  -13.2833
   825  4578  7190  575630.00  2293240.00  20.737263  105.726431  -15.5056  -19.3727
   829  3984  7253  569690.00  2292610.00  20.731802  105.669355   -5.7844   -6.1585
   830  3942  7319  569270.00  2291950.00  20.725854  105.665295   -3.7061   -9.1557
   831  4635  7349  576200.00  2291650.00  20.722874  105.731837   -7.3230  -16.6489
   832  3915  7361  569000.00  2291530.00  20.722069  105.662686   -9.4621  -15.9867
   833  3996  7361  569810.00  2291530.00  20.722039  105.670465  -16.1882  -20.7855
   834  4014  7400  569990.00  2291140.00  20.718509  105.672178  -10.4198  -19.9426
   835  4038  7400  570230.00  2291140.00  20.718500  105.674483  -17.4254  -24.2261
   836  4014  7424  569990.00  2290900.00  20.716340  105.672168   -7.3196  -11.2272
   837  3999  7439  569840.00  2290750.00  20.714991  105.670722   -7.0405  -15.8003
   838  4056  7448  570410.00  2290660.00  20.714156  105.676192   -6.9355  -12.8341
   839  4077  7448  570620.00  2290660.00  20.714148  105.678209   -1.5722  -13.9507
   840  4047  7451  570320.00  2290630.00  20.713888  105.675327  -12.9355  -15.7204
   841  4104  7499  570890.00  2290150.00  20.709530  105.680781  -11.5522  -16.4827
   842  4125  7520  571100.00  2289940.00  20.707625  105.682789   -9.4444  -18.3698
   843  4188  7541  571730.00  2289730.00  20.705703  105.688830  -10.7180  -15.7071
   844  4200  7547  571850.00  2289670.00  20.705156  105.689980  -15.6147  -19.1632
   845  4191  7547  571760.00  2289670.00  20.705160  105.689116  -12.5959  -15.4776
   846  4059  7550  570440.00  2289640.00  20.704939  105.676439   -0.2532   -5.2761
   847  4125  7559  571100.00  2289550.00  20.704101  105.682773   -7.3248   -8.6801
   848  4089  7562  570740.00  2289520.00  20.703843  105.679315   -4.9901  -10.0825
   849  4119  7583  571040.00  2289310.00  20.701935  105.682187  -15.3957  -21.0370
   850  4185  7592  571700.00  2289220.00  20.701096  105.688521   -6.8142   -9.7293
   851  4125  7613  571100.00  2289010.00  20.699222  105.682751  -11.5948  -14.3183
   852  4140  7649  571250.00  2288650.00  20.695963  105.684177    1.7205   -4.2887
   853  4770  7667  577550.00  2288470.00  20.694086  105.744661   -3.5058  -13.2493
   855  4188  7703  571730.00  2288110.00  20.691066  105.688764   -6.5557  -11.8385
   856  4095  8057  570800.00  2284570.00  20.659116  105.679692   -3.2481  -15.1386
   857  4107  8078  570920.00  2284360.00  20.657214  105.680836   -9.1505  -14.7126
   858  4200  8096  571850.00  2284180.00  20.655552  105.689756   -7.0809  -12.3787
   859  4203  8096  571880.00  2284180.00  20.655551  105.690044   -9.8038  -14.5808
   860  4194  8096  571790.00  2284180.00  20.655555  105.689180   -7.0515   -8.4307
   861  4179  8102  571640.00  2284120.00  20.655018  105.687738  -15.9156  -18.5941
   862  4134  8102  571190.00  2284120.00  20.655035  105.683418   -9.0987  -14.9831
   863  4563  8147  575480.00  2283670.00  20.650802  105.724580   -7.7265  -10.8307
   864  4476  8150  574610.00  2283640.00  20.650565  105.716227  -15.1450  -22.6659
   865  4554  8153  575390.00  2283610.00  20.650263  105.723713  -10.5982  -18.9301
   866  4647  8183  576320.00  2283310.00  20.647515  105.732627   -8.5703  -16.1853
   867  4569  8183  575540.00  2283310.00  20.647546  105.725140    0.9787   -6.2194
   868  4509  8198  574940.00  2283160.00  20.646215  105.719375   -1.8339  -10.2475
   869  4623  8201  576080.00  2283130.00  20.645898  105.730316   -4.5305  -10.5807
   870  4536  8210  575210.00  2283040.00  20.645120  105.721961   -6.6881  -15.8331
   871  4389  8210  573740.00  2283040.00  20.645179  105.707851   -0.2427   -6.9472
   872  4548  8216  575330.00  2282980.00  20.644573  105.723111   -0.4974   -5.0824
   873  4629  8225  576140.00  2282890.00  20.643727  105.730882  -11.4434  -19.6102
   874  4572  8234  575570.00  2282800.00  20.642937  105.725406  -14.8478  -19.5594
   875  4653  8243  576380.00  2282710.00  20.642091  105.733177   -5.5755  -17.1763
   876  4677  8252  576620.00  2282620.00  20.641268  105.735477  -13.2903  -22.3033
   877  4584  8273  575690.00  2282410.00  20.639409  105.726542   -8.7458  -17.6889
   878  4563  8276  575480.00  2282380.00  20.639146  105.724525  -12.4287  -22.0440
   879  4542  8291  575270.00  2282230.00  20.637799  105.722503   -5.2932   -8.8222
   880  4497  8297  574820.00  2282170.00  20.637275  105.718181  -28.2650  -24.2641
   881  4455  8303  574400.00  2282110.00  20.636750  105.714147  -12.3214  -18.3026
   882  4512  8315  574970.00  2281990.00  20.635643  105.719613  -20.5942  -25.0159
   883  4695  8318  576800.00  2281960.00  20.635298  105.737176   -2.1163   -7.3843
   884  4695  8321  576800.00  2281930.00  20.635026  105.737175   -1.3345   -8.0003
   885  4545  8324  575300.00  2281900.00  20.634816  105.722776    0.7164   -5.7809
   886  4497  8327  574820.00  2281870.00  20.634564  105.718168  -10.6361  -12.8884
   887  4650  8345  576350.00  2281690.00  20.632876  105.732845   -5.4843  -13.8470
   888  4629  8348  576140.00  2281660.00  20.632614  105.730828  -12.5952  -19.9189
   889  4608  8351  575930.00  2281630.00  20.632351  105.728812   -6.1653  -14.0630
   890  4653  8351  576380.00  2281630.00  20.632333  105.733131  -13.1715  -15.2795
   891  4512  8357  574970.00  2281570.00  20.631848  105.719595  -13.3339  -22.8597
   892  4509  8363  574940.00  2281510.00  20.631307  105.719305  -14.7243  -23.2694
   893  4686  8366  576710.00  2281480.00  20.630964  105.736291  -13.0655  -20.7736
   894  4713  8369  576980.00  2281450.00  20.630682  105.738882  -12.3733  -22.0931
   895  4662  8372  576470.00  2281420.00  20.630432  105.733985  -10.6684  -13.0332
   896  4512  8384  574970.00  2281300.00  20.629408  105.719584   -3.2919   -3.4920
   897  4446  8384  574310.00  2281300.00  20.629435  105.713249   -2.3691  -13.6792
   898  4779  8390  577640.00  2281240.00  20.628758  105.745207   -3.9036  -11.8728
   899  4803  8393  577880.00  2281210.00  20.628477  105.747509   -1.4293  -10.7157
   900  4590  8402  575750.00  2281120.00  20.627751  105.727062   -5.7618   -6.2527
   901  4584  8405  575690.00  2281090.00  20.627482  105.726485   -2.2473  -10.3872
   902  3987  8411  569720.00  2281030.00  20.627171  105.669185   -9.7078  -17.5521
   903  4521  8414  575060.00  2281000.00  20.626694  105.720435   -2.1076  -10.6706
   904  4824  8420  578090.00  2280940.00  20.626028  105.749512    0.3255   -1.2415
   905  4530  8423  575150.00  2280910.00  20.625877  105.721295    0.6931   -6.5890
   906  4548  8423  575330.00  2280910.00  20.625870  105.723022   -0.0038   -3.7302
   907  4380  8426  573650.00  2280880.00  20.625666  105.706897   -0.9216   -8.2174
   908  5307  8426  582920.00  2280880.00  20.625279  105.795865   -7.1472  -14.5030
   909  4557  8435  575420.00  2280790.00  20.624782  105.723881   -1.3871   -5.3720
   910  4638  8438  576230.00  2280760.00  20.624478  105.731653    1.6882   -4.7844
   911  4560  8438  575450.00  2280760.00  20.624510  105.724167   -1.9741   -8.7369
   912  4497  8444  574820.00  2280700.00  20.623993  105.718119  -12.6552  -16.2573
   913  4497  8447  574820.00  2280670.00  20.623722  105.718117   -7.6701   -9.1516
   914  4608  8450  575930.00  2280640.00  20.623406  105.728769   -9.1987  -17.7509
   915  4533  8456  575180.00  2280580.00  20.622894  105.721568   -9.1183  -12.6279
   916  4845  8459  578300.00  2280550.00  20.622496  105.751511   -8.2611  -11.8299
   917  4629  8462  576140.00  2280520.00  20.622314  105.730779   -2.9830   -9.4572
   918  4689  8480  576740.00  2280340.00  20.620663  105.736530   -7.4201  -13.1401
   919  4461  8480  574460.00  2280340.00  20.620755  105.714648  -12.5248  -17.5416
   920  4569  8480  575540.00  2280340.00  20.620712  105.725013  -13.7648  -18.1095
   921  4776  8492  577610.00  2280220.00  20.619543  105.744874   -0.9610   -7.7381
   922  4419  8492  574040.00  2280220.00  20.619687  105.710612  -11.3252  -14.5582
   923  4548  8498  575330.00  2280160.00  20.619094  105.722990  -15.9967  -28.6259
   924  4677  8510  576620.00  2280040.00  20.617957  105.735365  -10.4362  -17.6044
   925  4923  8510  579080.00  2280040.00  20.617855  105.758974  -18.6869  -30.0389
   926  4602  8522  575870.00  2279920.00  20.616903  105.728162   -6.5178  -15.9789
   927  4635  8528  576200.00  2279860.00  20.616348  105.731327   -1.8458   -7.5167
   928  4536  8534  575210.00  2279800.00  20.615846  105.721823  -16.4290  -19.2055
   929  4590  8546  575750.00  2279680.00  20.614740  105.727000  -11.3680  -15.6261
   930  4764  8546  577490.00  2279680.00  20.614669  105.743699  -11.4915  -21.0590
   931  4794  8549  577790.00  2279650.00  20.614385  105.746576   -2.3574  -10.6873
   932  4677  8558  576620.00  2279560.00  20.613620  105.735344   -6.6800  -14.8416
   933  4752  8561  577370.00  2279530.00  20.613318  105.742541  -11.6175  -12.1982
   934  4518  8564  575030.00  2279500.00  20.613142  105.720083   -5.3891   -9.4685
   935  4845  8576  578300.00  2279380.00  20.611925  105.751459  -15.5835  -17.0931
   936  4755  8591  577400.00  2279230.00  20.610607  105.742815  -10.6656  -17.4020
   937  4761  8603  577460.00  2279110.00  20.609520  105.743386   -7.7047  -16.2472
   938  4551  8606  575360.00  2279080.00  20.609334  105.723232   -5.0250  -11.8386
   939  4596  8609  575810.00  2279050.00  20.609045  105.727549   -6.5947  -11.7820
   940  4869  8612  578540.00  2279020.00  20.608662  105.753746   -1.3222   -4.4924
   941  4497  8612  574820.00  2279020.00  20.608814  105.718047   -5.3525  -12.6995
   942  4740  8615  577250.00  2278990.00  20.608444  105.741365   -7.6856  -16.3387
   943  4581  8618  575660.00  2278960.00  20.608238  105.726106   -6.3393  -12.5693
   944  4632  8618  576170.00  2278960.00  20.608217  105.731000   -8.1851  -15.5373
   945  4578  8621  575630.00  2278930.00  20.607968  105.725817   -9.3568  -13.3078
   946  5034  8654  580190.00  2278600.00  20.604797  105.769561  -22.3944  -28.5888
   947  4803  8660  577880.00  2278540.00  20.604352  105.747391  -22.8873  -24.6021
   948  4905  8672  578900.00  2278420.00  20.603226  105.757174  -25.4474  -26.5860
   949  4893  8681  578780.00  2278330.00  20.602417  105.756018   -8.7980  -16.7894
   950  4893  8687  578780.00  2278270.00  20.601875  105.756016   -6.1172   -9.3511
   951  4701  8699  576860.00  2278150.00  20.600871  105.737586  -13.7860  -19.8334
   952  4878  8711  578630.00  2278030.00  20.599713  105.754566   -4.8351  -14.3647
   953  5100  8714  580850.00  2278000.00  20.599348  105.775867   -7.8181  -14.7891
   954  5142  8717  581270.00  2277970.00  20.599059  105.779896  -16.5119  -21.4374
   955  4953  8717  579380.00  2277970.00  20.599139  105.761760  -10.5118  -19.9671
   956  4851  8720  578360.00  2277940.00  20.598911  105.751971  -12.8966  -16.9956
   957  4497  8735  574820.00  2277790.00  20.597700  105.717995   -0.4461  -10.2171
   958  4881  8741  578660.00  2277730.00  20.597001  105.754840   -4.0530   -9.6121
   959  4896  8744  578810.00  2277700.00  20.596724  105.756278   -2.7538   -4.6102
   961  4851  8768  578360.00  2277460.00  20.594574  105.751949  -15.3177  -22.7236
   962  4845  8777  578300.00  2277370.00  20.593764  105.751370  -11.5751  -13.9966
   963  4926  8780  579110.00  2277340.00  20.593459  105.759141  -18.9054  -26.9212
   964  5325  8810  583100.00  2277040.00  20.590576  105.797412    0.7651  -12.7201
   965  5109  8825  580940.00  2276890.00  20.589315  105.776680  -14.2128  -18.2015
   966  5301  8825  582860.00  2276890.00  20.589231  105.795102   -9.5739  -16.0787
   967  4935  8834  579200.00  2276800.00  20.588576  105.759980   -7.2140   -8.9862
   968  5319  8837  583040.00  2276770.00  20.588139  105.796824   -3.9149  -18.4979
   970  5325  8846  583100.00  2276680.00  20.587323  105.797395   -7.6926  -19.9386
   971  5346  8846  583310.00  2276680.00  20.587314  105.799410  -16.8584  -27.4886
   972  5208  8873  581930.00  2276410.00  20.584935  105.786157   -8.7769  -14.3372
   973  5325  8894  583100.00  2276200.00  20.582986  105.797373   -9.1454  -15.7361
   974  4983  8897  579680.00  2276170.00  20.582863  105.764557  -13.8513  -24.7681
   975  4956  8912  579410.00  2276020.00  20.581519  105.761960   -1.6202   -5.3210
   976  5160  8912  581450.00  2276020.00  20.581432  105.781533   -7.5481  -10.1355
   977  5025  8915  580100.00  2275990.00  20.581219  105.768579  -18.7999  -26.8067
   978  5208  8924  581930.00  2275900.00  20.580327  105.786133   -6.1113  -14.5182
   979  5226  8927  582110.00  2275870.00  20.580048  105.787859   -8.0857  -20.4632
   980  5013  8936  579980.00  2275780.00  20.579327  105.767418  -11.5662  -17.1006
   981  5142  8942  581270.00  2275720.00  20.578729  105.779792   -2.6624  -11.8789
   982  4977  8948  579620.00  2275660.00  20.578258  105.763959  -11.7902  -22.5848
   983  5238  8963  582230.00  2275510.00  20.576790  105.788993  -11.7133  -14.8525
   984  5061  8981  580460.00  2275330.00  20.575240  105.772003  -12.0440  -21.2486
   985  5250  8987  582350.00  2275270.00  20.574616  105.790133  -10.1593  -15.1569
   986  5100  8990  580850.00  2275240.00  20.574410  105.775741    0.0106   -8.7281
   987  5184  8993  581690.00  2275210.00  20.574103  105.783798   -5.7030  -11.2970
   988  5121  9002  581060.00  2275120.00  20.573317  105.777750   -9.4171  -19.7610
   989  5196  9014  581810.00  2275000.00  20.572201  105.784940   -6.9353  -12.1106
   990  5160  9023  581450.00  2274910.00  20.571403  105.781482  -11.1734  -19.3116
   991  5205  9032  581900.00  2274820.00  20.570570  105.785795   -6.9398  -12.6934
   992  5280  9035  582650.00  2274790.00  20.570266  105.792989   -5.7129   -8.4417
   993  5226  9044  582110.00  2274700.00  20.569477  105.787804   -9.9420  -15.2690
   994  5127  9050  581120.00  2274640.00  20.568978  105.778304  -14.8874  -17.7299
   996  5046  9059  580310.00  2274550.00  20.568199  105.770529   -7.6909  -13.8772
   997  5049  9083  580340.00  2274310.00  20.566030  105.770805  -13.7194  -20.0418
