; ENVI Output of ROIs (5.2) [Tue Nov 26 16:20:54 2019]
; Number of ROIs: 1
; File Dimension: 7647 x 9116
;
; ROI name: EVF: Layer: forest.shp
; ROI rgb value: {255, 255, 0}
; ROI npts: 997
;   ID     X     Y      Map X       Map Y        Lat         Lon        B1        B2
     1  5310   224  582950.00  2362900.00  21.366309  105.800092   -7.9338  -13.1958
     2  5184   272  581690.00  2362420.00  21.362030  105.787916  -10.6601  -17.8784
     3  5217   308  582020.00  2362060.00  21.358763  105.791081  -12.1461  -16.3557
     4  5340   317  583250.00  2361970.00  21.357894  105.802939   -6.3211  -15.4204
     5  5232   353  582170.00  2361610.00  21.354691  105.792506  -13.0818  -19.7005
     7  5169   359  581540.00  2361550.00  21.354177  105.786427   -8.8086  -16.2219
     8  5151   371  581360.00  2361430.00  21.353101  105.784686   -9.4602  -15.9816
    10  5157   404  581420.00  2361100.00  21.350117  105.785248   -2.6083  -12.3105
    11  5322   419  583070.00  2360950.00  21.348687  105.801153  -10.9065  -19.9737
    12  5238   422  582230.00  2360920.00  21.348454  105.793051  -11.2371  -18.1309
    13  5166   425  581510.00  2360890.00  21.348216  105.786106  -12.1860  -14.8619
    14  5175   443  581600.00  2360710.00  21.346586  105.786966   -5.6689  -12.5677
    15  5253   443  582380.00  2360710.00  21.346550  105.794487  -14.1861  -19.4383
    16  5205   446  581900.00  2360680.00  21.346301  105.789857   -6.5593  -13.5199
    17  5319   452  583040.00  2360620.00  21.345707  105.800848  -13.3535  -18.0410
    18  5334   464  583190.00  2360500.00  21.344616  105.802288  -14.6543  -16.4810
    19  5169   464  581540.00  2360500.00  21.344691  105.786377   -8.0129  -15.8786
    20  5274   467  582590.00  2360470.00  21.344372  105.796501   -6.3216  -11.0890
    21  5211   473  581960.00  2360410.00  21.343859  105.790423   -5.5230  -13.0010
    22  5262   488  582470.00  2360260.00  21.342481  105.795333   -8.8338   -7.6315
    23  5295   491  582800.00  2360230.00  21.342195  105.798514  -11.7746  -17.6437
    24  5190   503  581750.00  2360110.00  21.341158  105.788383  -10.8494  -15.2084
    25  5121   506  581060.00  2360080.00  21.340918  105.781728  -12.7503  -15.6878
    26  5208   506  581930.00  2360080.00  21.340879  105.790117   -8.4183  -14.1347
    27  5712   506  586970.00  2360080.00  21.340643  105.838718  -11.0027  -15.8994
    28  5274   521  582590.00  2359930.00  21.339494  105.796475   -8.7473  -11.4335
    29  5895   521  588800.00  2359930.00  21.339199  105.856357   -6.7366  -11.2432
    31  5856   551  588410.00  2359630.00  21.336508  105.852581  -14.9354  -17.8138
    32  5229   578  582140.00  2359360.00  21.334365  105.792108   -8.0020  -14.5496
    34  5298   581  582830.00  2359330.00  21.334062  105.798760  -13.5118  -22.5271
    35  5088   587  580730.00  2359270.00  21.333615  105.778507   -8.0064  -11.7424
    36  5157   587  581420.00  2359270.00  21.333584  105.785160   -8.6993  -14.0797
    37  5859   593  588440.00  2359210.00  21.332712  105.852848   -9.5700  -18.8800
    38  5214   611  581990.00  2359030.00  21.331390  105.790645   -2.0263  -12.0684
    39  5049   632  580340.00  2358820.00  21.329567  105.774725   -9.4251  -12.1285
    41  5310   644  582950.00  2358700.00  21.328365  105.799886   -8.7888  -17.4169
    42  5289   650  582740.00  2358640.00  21.327833  105.797858   -2.9882  -11.2649
    43  5034   650  580190.00  2358640.00  21.327947  105.773270  -15.0686  -15.3314
    44  5727   659  587120.00  2358550.00  21.326814  105.840086   -2.9016  -12.6357
    45  5133   662  581180.00  2358520.00  21.326819  105.782810  -10.5282  -13.4260
    46  5391   671  583760.00  2358430.00  21.325888  105.807683   -6.6681  -11.7504
    47  5757   677  587420.00  2358370.00  21.325173  105.842969   -4.8372  -12.0886
    48  5226   680  582110.00  2358340.00  21.325151  105.791769   -4.9050   -6.4845
    49  5259   689  582440.00  2358250.00  21.324323  105.794946   -5.0319  -11.7270
    50  5373   698  583580.00  2358160.00  21.323457  105.805934  -14.2807  -20.0174
    51  5139   701  581240.00  2358130.00  21.323293  105.783370   -8.4179  -11.7110
    52  5358   701  583430.00  2358130.00  21.323193  105.804486   -8.3175  -11.0126
    53  5472   704  584570.00  2358100.00  21.322869  105.815476  -13.2920  -16.4211
    54  5385   704  583700.00  2358100.00  21.322910  105.807088  -11.9743  -21.2159
    55  5232   716  582170.00  2357980.00  21.321896  105.792330   -7.4398  -12.4840
    56  5190   734  581750.00  2357800.00  21.320289  105.788272  -16.2530  -20.6063
    57  5259   734  582440.00  2357800.00  21.320257  105.794924  -10.4523  -14.3024
    58  5343   737  583280.00  2357770.00  21.319948  105.803022  -14.1864  -20.0250
    59  5142   749  581270.00  2357650.00  21.318955  105.783636   -7.9296  -13.2836
    60  5475   752  584600.00  2357620.00  21.318531  105.815742  -14.1068  -21.2212
    61  5220   758  582050.00  2357560.00  21.318107  105.791153   -6.3592  -10.3732
    62  5013   761  579980.00  2357530.00  21.317928  105.771193  -12.0646  -14.6634
    63  5340   761  583250.00  2357530.00  21.317781  105.802721  -10.4010  -16.7022
    64  5181   770  581660.00  2357440.00  21.317040  105.787387   -9.6267  -18.4479
    65  5364   773  583490.00  2357410.00  21.316686  105.805029   -5.9372  -11.9379
    66  5517   779  585020.00  2357350.00  21.316072  105.819778  -11.1603  -17.9715
    67  5070   779  580550.00  2357350.00  21.316277  105.776680   -7.5220   -9.4589
    68  5136   779  581210.00  2357350.00  21.316247  105.783043   -7.9462  -13.6366
    69  5118   782  581030.00  2357320.00  21.315984  105.781307   -7.2463  -11.0377
    70  5148   806  581330.00  2357080.00  21.313803  105.784188  -11.0405  -17.2441
    71  5310   812  582950.00  2357020.00  21.313187  105.799804  -10.6377  -11.0467
    73  4929   818  579140.00  2356960.00  21.312816  105.763067  -10.7014  -16.5394
    74  5199   839  581840.00  2356750.00  21.310798  105.789089  -14.9167  -14.9905
    76  5325   857  583100.00  2356570.00  21.309115  105.801228   -7.3507  -11.1734
    77  5223   860  582080.00  2356540.00  21.308890  105.791392  -10.9293  -18.1164
    78  5193   869  581780.00  2356450.00  21.308091  105.788496   -8.3334  -16.4129
    79  5340   869  583250.00  2356450.00  21.308024  105.802668  -17.9352  -17.5113
    80  4914   878  578990.00  2356360.00  21.307402  105.761593   -8.3036  -17.2871
    81  5355   881  583400.00  2356330.00  21.306933  105.804108  -12.1964  -13.5779
    82  5691   881  586760.00  2356330.00  21.306775  105.836501   -9.7386  -15.1601
    83  5262   881  582470.00  2356330.00  21.306975  105.795142  -10.0435  -13.1669
    84  5223   884  582080.00  2356300.00  21.306722  105.791381  -10.5048  -19.6132
    85  5133   884  581180.00  2356300.00  21.306763  105.782704  -13.7425  -11.3528
    86  5571   887  585560.00  2356270.00  21.306290  105.824929   -7.0765  -15.8198
    87  5535   896  585200.00  2356180.00  21.305494  105.821454   -9.2492  -17.2951
    88  5412   896  583970.00  2356180.00  21.305551  105.809596   -7.2400  -10.8301
    89  5166   899  581510.00  2356150.00  21.305393  105.785878   -2.3854   -7.3559
    90  5340   899  583250.00  2356150.00  21.305313  105.802653  -12.4401  -18.1891
    91  5682   899  586670.00  2356150.00  21.305153  105.835625   -7.1437  -12.0949
    92  5250   905  582350.00  2356090.00  21.304813  105.793974  -10.1491  -15.3082
    93  5688   908  586730.00  2356060.00  21.304337  105.836198  -13.1310  -16.4117
    94  5007   911  579920.00  2356030.00  21.304379  105.770544   -4.5420  -16.4489
    95  5673   923  586580.00  2355910.00  21.302989  105.834745  -11.6873  -19.6008
    96  5643   926  586280.00  2355880.00  21.302732  105.831851   -8.8791  -14.9388
    97  5235   926  582200.00  2355880.00  21.302922  105.792517  -10.2457  -17.7704
    98  5160   932  581450.00  2355820.00  21.302414  105.785284   -1.7113   -7.5497
    99  5586   935  585710.00  2355790.00  21.301946  105.826351  -16.4687  -22.2639
   100  5118   935  581030.00  2355790.00  21.302162  105.781233   -5.3442  -11.5328
   101  5271   938  582560.00  2355760.00  21.301822  105.795982  -17.6333  -18.9652
   102  5412   941  583970.00  2355730.00  21.301486  105.809574  -11.3342  -13.6806
   103  5178   941  581630.00  2355730.00  21.301593  105.787015   -4.7134   -8.2141
   104  5148   956  581330.00  2355580.00  21.300251  105.784116   -6.6747  -14.7349
   105  5592   959  585770.00  2355550.00  21.299775  105.826918   -1.6252  -11.1095
   106  5136   971  581210.00  2355430.00  21.298901  105.782952   -8.0880  -16.2728
   107  5598   980  585830.00  2355340.00  21.297875  105.827485   -8.8083  -12.8099
   108  5100   986  580850.00  2355280.00  21.297562  105.779474  -12.3354  -22.6108
   109  5691   986  586760.00  2355280.00  21.297289  105.836448  -16.1824  -18.7586
   110  5538   989  585230.00  2355250.00  21.297090  105.821697   -6.9269  -12.8248
   111  5187   995  581720.00  2355190.00  21.296710  105.787857   -5.0470  -12.5632
   112  5049   998  580340.00  2355160.00  21.296501  105.774552   -6.8823  -15.9001
   113  5628  1001  586130.00  2355130.00  21.295964  105.830367  -13.8254  -16.8140
   114  5166  1004  581510.00  2355100.00  21.295906  105.785828   -7.6476  -10.5118
   116  5622  1034  586070.00  2354800.00  21.292985  105.829772   -6.3942  -11.8144
   117  5571  1046  585560.00  2354680.00  21.291925  105.824849  -12.9079  -16.1556
   118  5682  1052  586670.00  2354620.00  21.291330  105.835546   -6.7219  -10.0409
   119  5343  1061  583280.00  2354530.00  21.290676  105.802863  -12.3062  -16.3621
   120  5556  1094  585410.00  2354200.00  21.287596  105.823379  -11.5173  -18.6685
   121  5265  1115  582500.00  2353990.00  21.285833  105.795318   -8.1077  -13.0650
   122  5214  1115  581990.00  2353990.00  21.285856  105.790402  -10.7380  -13.0483
   123  5394  1121  583790.00  2353930.00  21.285232  105.807750  -16.9123  -20.9087
   124  5610  1127  585950.00  2353870.00  21.284589  105.828568   -9.6183  -16.4202
   125  5436  1136  584210.00  2353780.00  21.283857  105.811791  -14.9242  -18.9138
   126  5616  1154  586010.00  2353600.00  21.282147  105.829132  -11.9266  -17.3008
   127  5586  1157  585710.00  2353570.00  21.281890  105.826239   -6.6305  -13.5529
   128  5670  1157  586550.00  2353570.00  21.281850  105.834336   -8.9427  -14.0210
   129  5430  1166  584150.00  2353480.00  21.281150  105.811198  -14.9902  -15.9090
   130  5508  1169  584930.00  2353450.00  21.280842  105.818715  -12.8799  -18.6802
   131  5550  1169  585350.00  2353450.00  21.280823  105.822763   -8.7592  -16.4463
   132  5517  1178  585020.00  2353360.00  21.280025  105.819578   -4.4938  -12.3637
   133  5616  1178  586010.00  2353360.00  21.279978  105.829120  -14.3732  -20.2748
   134  5457  1196  584420.00  2353180.00  21.278427  105.813785   -5.9250  -14.0830
   135  5655  1205  586400.00  2353090.00  21.277521  105.832866  -11.3563  -16.4054
   136  5634  1208  586190.00  2353060.00  21.277260  105.830840  -11.3527  -14.3020
   137  5628  1211  586130.00  2353030.00  21.276991  105.830260  -11.2194  -14.4096
   138  5022  1214  580070.00  2353000.00  21.276998  105.771847   -7.1428  -20.5285
   139  5361  1214  583460.00  2353000.00  21.276845  105.804523   -6.8230  -13.7105
   140  5460  1238  584450.00  2352760.00  21.274631  105.814054  -11.8115  -18.3865
   141  5433  1253  584180.00  2352610.00  21.273289  105.811444  -11.1702  -15.8637
   142  5349  1256  583340.00  2352580.00  21.273056  105.803346   -6.9659  -13.5617
   143  5427  1262  584120.00  2352520.00  21.272478  105.810861  -12.6426  -19.2135
   144  5379  1280  583640.00  2352340.00  21.270874  105.806225   -8.9987  -12.1452
   145  5436  1301  584210.00  2352130.00  21.268951  105.811709   -8.2500  -14.0132
   146  5547  1313  585320.00  2352010.00  21.267815  105.822402  -10.0075  -15.0940
   147  5652  1322  586370.00  2351920.00  21.266952  105.832517  -16.2593  -17.2237
   148  4731  1340  577160.00  2351740.00  21.265741  105.743740   -7.2456  -15.5304
   149  5667  1340  586520.00  2351740.00  21.265318  105.833954  -13.6771  -17.1660
   150  5457  1358  584420.00  2351560.00  21.263791  105.813705  -14.1823  -14.1223
   151  5457  1394  584420.00  2351200.00  21.260539  105.813687  -11.0401  -15.6158
   152  5634  1406  586190.00  2351080.00  21.259371  105.830740   -9.9166  -13.0351
   153  5985  1415  589700.00  2350990.00  21.258388  105.864563  -12.2236  -17.4089
   154  4617  1511  576020.00  2350030.00  21.250340  105.732676   -9.2253  -17.5133
   155  1128  1544  541130.00  2349700.00  21.248484  105.396409   -8.8623  -13.2946
   156  6081  1592  590660.00  2349220.00  21.242350  105.873721   -6.0378  -15.7366
   158   744  1721  537290.00  2347930.00  21.232575  105.359361  -10.0760  -15.2375
   159   876  1748  538610.00  2347660.00  21.230107  105.372076  -10.6167  -13.6669
   160  5790  1757  587750.00  2347570.00  21.227586  105.845594   -8.1235  -17.2983
   161   684  1826  536690.00  2346880.00  21.223100  105.353556   -6.5382  -10.2482
   162  4977  1958  579620.00  2345560.00  21.209801  105.767161   -5.8199  -15.0767
   163   984  2003  539690.00  2345110.00  21.207044  105.382424   -9.9845  -18.7491
   164  5397  2021  583820.00  2344930.00  21.203920  105.807596   -7.9702  -13.6894
   165  4341  2069  573260.00  2344450.00  21.200039  105.705837   -7.3581  -15.7875
   166   738  2108  537230.00  2344060.00  21.197609  105.358698   -6.7458  -14.8354
   167   903  2129  538880.00  2343850.00  21.195677  105.374591  -10.6092  -14.4239
   168  1131  2165  541160.00  2343490.00  21.192375  105.396548   -5.8082  -12.7012
   169   825  2165  538100.00  2343490.00  21.192441  105.367068   -9.0270  -14.6590
   170  5700  2189  586850.00  2343250.00  21.188600  105.836702  -12.1163  -14.2131
   171   837  2201  538220.00  2343130.00  21.189186  105.368216  -11.1400  -20.8494
   172  5280  2216  582650.00  2342980.00  21.186356  105.796229  -11.8195  -15.4613
   173  6345  2309  593300.00  2342050.00  21.177440  105.898769  -12.4393  -12.1899
   174  1005  2321  539900.00  2341930.00  21.178308  105.384373  -10.7449  -13.9421
   175  1002  2330  539870.00  2341840.00  21.177495  105.384082   -7.6597  -11.2874
   176   747  2336  537320.00  2341780.00  21.177007  105.359516   -6.6139  -15.4958
   177  5706  2381  586910.00  2341330.00  21.171251  105.837182   -7.7948  -15.1743
   178   573  2399  535580.00  2341150.00  21.171350  105.342741   -9.6185  -12.8655
   179   399  2420  533840.00  2340940.00  21.169485  105.325976   -7.2086  -12.4714
   180   546  2453  535310.00  2340610.00  21.166476  105.340129  -13.6273  -22.4040
   181  1440  2453  544250.00  2340610.00  21.166281  105.426243   -8.8726  -12.6037
   182  3948  2459  569330.00  2340550.00  21.164958  105.667816   -5.4042  -13.9819
   183  1437  2468  544220.00  2340460.00  21.164926  105.425950  -10.4740  -15.0476
   184  1029  2471  540140.00  2340430.00  21.164750  105.386650   -9.8487  -14.3464
   185   555  2486  535400.00  2340280.00  21.163492  105.340989  -14.2638  -20.2393
   186  1143  2522  541280.00  2339920.00  21.160116  105.397618   -8.4884  -13.1560
   187   426  2534  534110.00  2339800.00  21.159180  105.328554  -13.2130  -13.0022
   188   582  2549  535670.00  2339650.00  21.157795  105.343577   -7.4562  -14.8809
   189  1224  2591  542090.00  2339230.00  21.153863  105.405403  -10.1901  -10.1396
   190   747  2612  537320.00  2339020.00  21.152070  105.359456  -11.9111  -13.9912
   191   453  2618  534380.00  2338960.00  21.151585  105.331137  -14.1629  -11.6788
   192  3267  2660  562520.00  2338540.00  21.147043  105.602149   -4.9585  -11.5776
   193  1836  2669  548210.00  2338450.00  21.146664  105.464327  -10.4205  -17.4319
   194  1056  2672  540410.00  2338420.00  21.146583  105.389203   -9.9540  -17.7632
   195   498  2681  534830.00  2338330.00  21.145885  105.335459   -7.4779  -15.3945
   196   525  2684  535100.00  2338300.00  21.145608  105.338059   -8.8880  -20.2570
   197   708  2684  536930.00  2338300.00  21.145572  105.355684  -11.0140  -16.4912
   198  1065  2687  540500.00  2338270.00  21.145225  105.390066   -8.7558  -16.1495
   199   303  2687  532880.00  2338270.00  21.145379  105.316677   -6.9003  -15.4841
   200  1044  2693  540290.00  2338210.00  21.144688  105.388042  -12.5074  -16.7393
   201  2745  2699  557300.00  2338150.00  21.143691  105.551862   -8.0172  -12.9730
   202   525  2699  535100.00  2338150.00  21.144253  105.338056  -10.0480  -13.3851
   203   369  2702  533540.00  2338120.00  21.144011  105.323030   -6.7525  -14.5201
   204   912  2705  538970.00  2338090.00  21.143632  105.375326   -8.1886  -12.6211
   205   894  2705  538790.00  2338090.00  21.143636  105.373593  -12.9225  -17.1483
   206  1275  2711  542600.00  2338030.00  21.143009  105.410285  -13.3339  -14.6755
   207  5931  2717  589160.00  2337970.00  21.140787  105.858679   -7.9904  -14.5139
   208   738  2723  537230.00  2337910.00  21.142042  105.358565  -13.6435  -11.6514
   209   786  2726  537710.00  2337880.00  21.141761  105.363187  -11.6955  -23.8629
   210  1809  2735  547940.00  2337790.00  21.140708  105.461708  -13.0192  -17.0263
   211  1359  2741  543440.00  2337730.00  21.140279  105.418368   -7.6948  -14.6916
   212  3456  2744  564410.00  2337700.00  21.139388  105.620320   -7.7495  -16.2326
   213  1818  2747  548030.00  2337670.00  21.139622  105.462571   -7.7379  -16.9631
   214   681  2753  536660.00  2337610.00  21.139343  105.353069   -8.5593  -12.0208
   215  1038  2753  540230.00  2337610.00  21.139268  105.387450   -8.0027  -13.1947
   216  4764  2753  577490.00  2337610.00  21.138067  105.746279   -7.2086  -14.7909
   217  1944  2759  549290.00  2337550.00  21.138504  105.474702   -8.6440  -14.6945
   218  3639  2762  566240.00  2337520.00  21.137697  105.637936   -6.6065   -9.7621
   219  1002  2768  539870.00  2337460.00  21.137921  105.383980   -6.9146  -18.6736
   220  1050  2786  540350.00  2337280.00  21.136284  105.388598  -10.1004  -15.6470
   221  3414  2792  563990.00  2337220.00  21.135066  105.616257   -6.1723  -13.9320
   222   456  2798  534410.00  2337160.00  21.135321  105.331390   -8.7432  -14.0738
   223  2355  2822  553400.00  2336920.00  21.132696  105.514264   -7.9362  -13.0385
   224  1044  2834  540290.00  2336800.00  21.131948  105.388009   -8.4131  -14.6545
   225   345  2834  533300.00  2336800.00  21.132089  105.320693  -11.6589  -18.5261
   226  1593  2834  545780.00  2336800.00  21.131819  105.440879  -13.5590  -20.2516
   227   648  2837  536330.00  2336770.00  21.131760  105.349873   -9.3904  -15.7236
   228   516  2846  535010.00  2336680.00  21.130973  105.337159   -8.4074  -12.6112
   229   501  2858  534860.00  2336560.00  21.129891  105.335712  -13.3782  -14.8338
   230  3906  2864  568910.00  2336500.00  21.128382  105.663608   -8.4419  -14.1304
   231   309  2870  532940.00  2336440.00  21.128843  105.317220   -4.5725  -11.9323
   232   420  2879  534050.00  2336350.00  21.128009  105.327907  -11.8082  -24.6459
   233  6057  2879  590420.00  2336350.00  21.126089  105.870727   -4.2746  -12.1909
   234  3492  2903  564770.00  2336110.00  21.125010  105.623727   -8.0012  -16.3207
   235  1413  2909  543980.00  2336050.00  21.125087  105.423525  -10.6664  -13.6472
   236  1857  2912  548420.00  2336020.00  21.124703  105.466280   -8.1678  -14.2903
   237   684  2927  536690.00  2335870.00  21.123621  105.353320  -11.6892  -15.8874
   238  3552  2930  565370.00  2335840.00  21.122549  105.629494   -8.0076  -15.7005
   239  1653  2960  546380.00  2335540.00  21.120419  105.446623  -11.5038  -15.8618
   240   570  2963  535550.00  2335510.00  21.120391  105.342335   -1.3289  -15.9156
   241   867  2963  538520.00  2335510.00  21.120331  105.370934  -15.6630  -18.3759
   242   441  2981  534260.00  2335330.00  21.118789  105.329909   -5.2731  -11.0372
   243  1539  3002  545240.00  2335120.00  21.116653  105.435634   -2.7329  -13.5689
   244  5457  3002  584420.00  2335120.00  21.115264  105.812892   -6.8360  -14.7059
   245  1533  3005  545180.00  2335090.00  21.116383  105.435056   -4.8547  -17.8316
   246   441  3008  534260.00  2335060.00  21.116350  105.329904   -6.1112   -9.3416
   247   405  3011  533900.00  2335030.00  21.116085  105.326437  -12.0717  -16.2173
   248   399  3017  533840.00  2334970.00  21.115544  105.325858   -7.4323  -15.2182
   249  4767  3044  577520.00  2334700.00  21.111775  105.746437  -11.9300  -12.6012
   250   438  3050  534230.00  2334640.00  21.112555  105.329606   -6.8073  -15.0360
   251   816  3056  538010.00  2334580.00  21.111939  105.366003   -6.5854  -12.2985
   252   960  3059  539450.00  2334550.00  21.111637  105.379868   -7.9898  -16.2185
   253  2001  3059  549860.00  2334550.00  21.111383  105.480104   -7.3333  -13.6204
   254  1794  3062  547790.00  2334520.00  21.111167  105.460172   -8.6204  -15.1796
   255   972  3071  539570.00  2334430.00  21.110550  105.381021   -8.0256  -18.4709
   256   456  3077  534410.00  2334370.00  21.110112  105.331334   -9.5390  -11.1370
   257   423  3080  534080.00  2334340.00  21.109848  105.328156   -7.2143  -12.3454
   258   435  3083  534200.00  2334310.00  21.109574  105.329311   -7.0188  -12.3825
   259  5472  3098  584570.00  2334160.00  21.106583  105.814289   -5.0065  -19.1962
   260  5628  3104  586130.00  2334100.00  21.105968  105.829306   -7.9159  -17.0375
   261  1830  3107  548150.00  2334070.00  21.107092  105.463626   -8.1824  -12.0779
   262   675  3113  536600.00  2334010.00  21.106817  105.352414   -4.8897  -12.7461
   263   675  3125  536600.00  2333890.00  21.105733  105.352411   -7.8398  -11.2778
   264   768  3137  537530.00  2333770.00  21.104630  105.361363   -5.5978  -10.8373
   265  1011  3155  539960.00  2333590.00  21.102952  105.384756  -10.1359  -11.5186
   266  1518  3161  545030.00  2333530.00  21.102292  105.433570   -8.2096  -13.1356
   267  1833  3164  548180.00  2333500.00  21.101941  105.463898   -8.9199  -18.2487
   268  4062  3167  570470.00  2333470.00  21.100947  105.678506   -9.3899  -15.1045
   269  1026  3173  540110.00  2333410.00  21.101322  105.386196  -10.5422  -20.9778
   270   729  3173  537140.00  2333410.00  21.101385  105.357600  -10.7007  -16.1062
   271   648  3182  536330.00  2333320.00  21.100588  105.349799   -9.4874  -12.1094
   272  4083  3185  570680.00  2333290.00  21.099313  105.680520   -7.9703  -14.8643
   273  3840  3191  568250.00  2333230.00  21.098863  105.657122   -6.7342  -10.2406
   274   645  3191  536300.00  2333230.00  21.099776  105.349509   -5.5271  -10.7605
   275   708  3194  536930.00  2333200.00  21.099492  105.355574   -6.3966  -11.1373
   276  1059  3203  540440.00  2333110.00  21.098605  105.389367  -10.4032  -16.3709
   277  3924  3224  569090.00  2332900.00  21.095850  105.665196  -10.4831  -18.1248
   278   843  3227  538280.00  2332870.00  21.096483  105.368565  -10.8979  -15.3886
   279  1230  3227  542150.00  2332870.00  21.096397  105.405825  -11.7829  -15.2670
   280  1233  3230  542180.00  2332840.00  21.096126  105.406113   -9.7924  -13.5097
   281   393  3236  533780.00  2332780.00  21.095758  105.325237  -10.2438  -17.2182
   282   714  3239  536990.00  2332750.00  21.095425  105.356142  -10.9656  -17.1735
   283   465  3239  534500.00  2332750.00  21.095473  105.332168  -12.9155  -15.6689
   284   474  3245  534590.00  2332690.00  21.094930  105.333034   -9.0967  -14.8794
   285   792  3245  537770.00  2332690.00  21.094867  105.363650   -9.1279  -12.5028
   286  5697  3248  586820.00  2332660.00  21.092926  105.835876   -9.1784  -18.5657
   287   435  3248  534200.00  2332660.00  21.094666  105.329278   -9.6354   -7.7853
   288   819  3251  538040.00  2332630.00  21.094319  105.366248  -11.0408  -15.2808
   289   699  3254  536840.00  2332600.00  21.094073  105.354694    4.9944   -2.8297
   290   654  3254  536390.00  2332600.00  21.094082  105.350362   -4.8222   -4.2556
   291   972  3254  539570.00  2332600.00  21.094016  105.380978  -12.7731  -20.4819
   292  1323  3260  543080.00  2332540.00  21.093394  105.414770  -10.9726  -17.1968
   293   993  3260  539780.00  2332540.00  21.093469  105.382999   -9.0701  -18.8180
   294   699  3260  536840.00  2332540.00  21.093530  105.354693    0.0950   -2.0802
   295  1725  3263  547100.00  2332510.00  21.093024  105.453473  -12.1619  -18.5770
   296   630  3263  536150.00  2332510.00  21.093273  105.348049   -9.0215  -16.2267
   297   651  3275  536360.00  2332390.00  21.092185  105.350069   -4.0308  -15.7336
   298   771  3275  537560.00  2332390.00  21.092160  105.361622   -9.4856  -13.2681
   299  3555  3281  565400.00  2332330.00  21.090835  105.629649   -7.5764  -15.9415
   300  4968  3287  579530.00  2332270.00  21.089734  105.765677   -7.7393  -15.1754
   301   561  3287  535460.00  2332270.00  21.091118  105.341401  -12.5558  -18.6087
   302   867  3287  538520.00  2332270.00  21.091056  105.370862   -2.6392   -6.4870
   303   735  3290  537200.00  2332240.00  21.090813  105.358153   -8.3574  -16.3148
   304   687  3290  536720.00  2332240.00  21.090822  105.353531   -2.2848  -11.1754
   305   588  3296  535730.00  2332180.00  21.090300  105.343999  -12.5741  -16.6407
   306  1551  3299  545360.00  2332150.00  21.089815  105.436711   -3.1971  -14.4645
   307   594  3302  535790.00  2332120.00  21.089756  105.344575   -8.6749  -14.2194
   308  1086  3305  540710.00  2332090.00  21.089383  105.391942   -3.2365   -3.8497
   309  6306  3308  592910.00  2332060.00  21.087206  105.894471   -6.7854  -14.6476
   310   576  3311  535610.00  2332030.00  21.088947  105.342840  -14.5993  -19.3540
   311  1095  3311  540800.00  2332030.00  21.088838  105.392807  -10.8053  -16.6223
   312  1242  3317  542270.00  2331970.00  21.088263  105.406958   -5.1133  -20.6782
   313  6384  3317  593690.00  2331970.00  21.086354  105.901974   -6.8333  -12.0565
   314  1116  3323  541010.00  2331910.00  21.087749  105.394826  -10.8151  -14.4899
   315  4662  3323  576470.00  2331910.00  21.086612  105.736203   -8.9612  -14.4689
   316  6390  3329  593750.00  2331850.00  21.085266  105.902545   -7.2571  -11.3856
   317   834  3329  538190.00  2331850.00  21.087268  105.367675   -8.7319  -15.5855
   318   777  3332  537620.00  2331820.00  21.087009  105.362187  -10.2884  -17.6783
   319   699  3332  536840.00  2331820.00  21.087025  105.354678   -0.4524  -10.3714
   320   564  3341  535490.00  2331730.00  21.086238  105.341679   -5.6910  -11.1740
   321   942  3341  539270.00  2331730.00  21.086161  105.378070  -11.3583  -19.6630
   322  6336  3344  593210.00  2331700.00  21.083939  105.897339  -11.0731  -14.8033
   323   981  3344  539660.00  2331700.00  21.085882  105.381824   -9.0598  -19.9019
   324   903  3344  538880.00  2331700.00  21.085898  105.374315   -7.1527  -14.6796
   325  6759  3347  597440.00  2331670.00  21.083447  105.938056   -5.0359  -15.7874
   326  1644  3350  546290.00  2331640.00  21.085184  105.445651   -8.8553  -13.6900
   327   978  3353  539630.00  2331610.00  21.085069  105.381533  -11.9967  -20.1352
   328   924  3353  539090.00  2331610.00  21.085081  105.376334   -8.2557  -14.1066
   329  1353  3356  543380.00  2331580.00  21.084713  105.417634  -13.9637  -15.8142
   330   507  3356  534920.00  2331580.00  21.084894  105.336188   -8.2560  -12.8347
   331   819  3356  538040.00  2331580.00  21.084832  105.366225  -13.4856  -12.9577
   332  1056  3359  540410.00  2331550.00  21.084510  105.389041   -7.3186  -12.4263
   333   555  3359  535400.00  2331550.00  21.084614  105.340809   -6.5597  -11.7101
   334   957  3362  539420.00  2331520.00  21.084261  105.379509   -7.6806  -15.6423
   335   735  3365  537200.00  2331490.00  21.084036  105.358136   -8.3889  -15.9293
   336   927  3368  539120.00  2331460.00  21.083725  105.376620   -9.2006  -17.3475
   337  1368  3368  543530.00  2331460.00  21.083625  105.419075  -12.9980  -16.2070
   338   786  3371  537710.00  2331430.00  21.083483  105.363045  -10.7110  -12.6486
   339   813  3377  537980.00  2331370.00  21.082936  105.365643  -11.9851  -14.6306
   340   474  3377  534590.00  2331370.00  21.083003  105.333007   -4.2311  -11.7782
   341  1056  3377  540410.00  2331370.00  21.082884  105.389037   -6.7797  -14.8521
   342  1050  3380  540350.00  2331340.00  21.082614  105.388458   -9.9786  -15.7622
   343   855  3383  538400.00  2331310.00  21.082385  105.369685   -6.4475  -15.1895
   344  4491  3386  574760.00  2331280.00  21.080990  105.719713   -8.6875  -13.9804
   345  1896  3389  548810.00  2331250.00  21.081595  105.469900   -8.6465  -13.4580
   346  2190  3389  551750.00  2331250.00  21.081514  105.498203   -6.4083   -9.5351
   347   792  3389  537770.00  2331250.00  21.081856  105.363619   -9.2662  -12.1715
   348   489  3392  534740.00  2331220.00  21.081645  105.334448   -4.7147  -11.5304
   349  4728  3392  577130.00  2331220.00  21.080350  105.742525   -8.2912  -19.3275
   350   927  3395  539120.00  2331190.00  21.081285  105.376614   -7.1355  -13.5404
   351   855  3395  538400.00  2331190.00  21.081301  105.369682  -10.4153  -15.7079
   352   855  3407  538400.00  2331070.00  21.080216  105.369680  -13.4639  -16.2017
   353   492  3410  534770.00  2331040.00  21.080018  105.334733   -7.6600  -14.2256
   354   666  3410  536510.00  2331040.00  21.079984  105.351484   -9.4732  -10.3580
   355   543  3419  535280.00  2330950.00  21.079195  105.339641   -5.5224  -14.7924
   356   630  3422  536150.00  2330920.00  21.078907  105.348016   -4.8508  -16.7235
   357  5091  3422  580760.00  2330920.00  21.077483  105.777454   -8.3732  -14.3519
   358  1011  3422  539960.00  2330920.00  21.078828  105.384694  -10.0808  -15.8936
   359  1185  3431  541700.00  2330830.00  21.077976  105.401443   -6.2786  -14.6737
   360   603  3437  535880.00  2330770.00  21.077557  105.345413   -7.3788  -10.0012
   361   858  3440  538430.00  2330740.00  21.077234  105.369961  -14.5966  -18.7094
   362  1503  3446  544880.00  2330680.00  21.076545  105.432052   -5.3334  -15.2114
   363   636  3452  536210.00  2330620.00  21.076195  105.348587   -6.0413  -14.7406
   364  1500  3452  544850.00  2330620.00  21.076004  105.431761   -9.3378  -14.5350
   365   819  3455  538040.00  2330590.00  21.075887  105.366203   -5.6772  -11.8767
   366  1056  3455  540410.00  2330590.00  21.075836  105.389018  -15.1765  -23.9004
   367  1071  3458  540560.00  2330560.00  21.075562  105.390462   -5.6023  -12.6604
   368   867  3464  538520.00  2330500.00  21.075064  105.370822   -9.1916  -14.7370
   369   648  3464  536330.00  2330500.00  21.075108  105.349740   -1.8955  -10.1176
   370   651  3464  536360.00  2330500.00  21.075108  105.350029   -3.8083  -13.2544
   371   702  3467  536870.00  2330470.00  21.074827  105.354938  -13.5090  -12.4487
   372  4860  3473  578450.00  2330410.00  21.072976  105.755195   -8.9439  -12.4934
   373  1077  3476  540620.00  2330380.00  21.073934  105.391035  -14.2348  -18.2746
   374   696  3479  536810.00  2330350.00  21.073744  105.354357    3.2839   -6.4519
   375  4998  3479  579830.00  2330350.00  21.072374  105.768476   -8.9596  -14.2315
   376   522  3482  535070.00  2330320.00  21.073507  105.337607   -7.0259  -13.7536
   377  1077  3482  540620.00  2330320.00  21.073392  105.391034  -12.4737  -18.7306
   378   621  3485  536060.00  2330290.00  21.073216  105.347136   -5.5003  -12.1998
   379   876  3488  538610.00  2330260.00  21.072893  105.371683  -14.3226  -19.6210
   380  4803  3488  577880.00  2330260.00  21.071645  105.749701   -8.9000  -14.4158
   381   867  3491  538520.00  2330230.00  21.072624  105.370816   -9.6149  -16.5489
   382  3765  3494  567500.00  2330200.00  21.071515  105.649783   -5.4814  -13.5341
   383   768  3503  537530.00  2330110.00  21.071560  105.361283   -9.7958  -21.1322
   384  5727  3503  587120.00  2330110.00  21.069874  105.838635   -7.3265  -17.4791
   385  5754  3506  587390.00  2330080.00  21.069590  105.841232  -10.4670   -8.6474
   386  5010  3506  579950.00  2330080.00  21.069929  105.769618   -9.7503  -12.5984
   387   669  3509  536540.00  2330050.00  21.071038  105.351752    5.4851   -3.9872
   388   645  3509  536300.00  2330050.00  21.071043  105.349442   -1.6539  -10.8874
   389   534  3515  535190.00  2329990.00  21.070523  105.338755   -6.6493  -12.3348
   390  2004  3515  549890.00  2329990.00  21.070181  105.480261   -6.9486  -18.8189
   391  4836  3518  578210.00  2329960.00  21.068920  105.752864   -6.1246  -16.4686
   392  1155  3524  541400.00  2329900.00  21.069580  105.398532   -6.8475  -11.8880
   393   627  3530  536120.00  2329840.00  21.069149  105.347704   -2.0739   -7.2243
   394  3867  3530  568520.00  2329840.00  21.068224  105.659587  -14.0899  -15.6238
   395   552  3530  535370.00  2329840.00  21.069164  105.340485   -6.6832   -9.6461
   396  2031  3533  550160.00  2329810.00  21.068548  105.482855   -9.4057  -14.4834
   397  3819  3536  568040.00  2329780.00  21.067700  105.654964   -6.0864  -15.9492
   398   669  3542  536540.00  2329720.00  21.068057  105.351745   -7.4088  -10.3777
   399  1101  3545  540860.00  2329690.00  21.067694  105.393329   -8.7389  -13.9340
   400  5928  3545  589130.00  2329690.00  21.065982  105.857960   -5.4540  -15.8344
   401   870  3548  538550.00  2329660.00  21.067473  105.371092   -5.9394  -18.1284
   402   558  3548  535430.00  2329660.00  21.067536  105.341059   -3.1322  -12.0066
   403  1776  3548  547610.00  2329660.00  21.067260  105.458304   -9.8077  -14.1014
   404  2832  3551  558170.00  2329630.00  21.066684  105.559952   -6.3316  -13.3501
   405  1788  3551  547730.00  2329630.00  21.066986  105.459458   -7.7368  -17.9209
   406   315  3551  533000.00  2329630.00  21.067311  105.317666   -9.2668  -15.4224
   407   852  3554  538370.00  2329600.00  21.066935  105.369358  -13.1512  -16.8895
   408  1149  3554  541340.00  2329600.00  21.066870  105.397947  -10.8541  -15.9024
   409   858  3560  538430.00  2329540.00  21.066392  105.369934  -10.9727  -20.6323
   410  1032  3560  540170.00  2329540.00  21.066354  105.386684   -5.4154  -13.4006
   411  5619  3563  586040.00  2329510.00  21.064504  105.828209   -9.0423  -16.9592
   412   753  3572  537380.00  2329420.00  21.065329  105.359824    0.6108   -5.5379
   413   957  3578  539420.00  2329360.00  21.064744  105.379460   -6.4828  -15.3646
   414   867  3578  538520.00  2329360.00  21.064763  105.370797   -7.2241  -16.2483
   415  2559  3584  555440.00  2329300.00  21.063788  105.533663   -4.6423  -12.4143
   416   750  3587  537350.00  2329270.00  21.063974  105.359532    0.5738  -10.2768
   417   936  3590  539210.00  2329240.00  21.063664  105.377436  -13.4714  -17.2338
   418   729  3590  537140.00  2329240.00  21.063708  105.357510    0.4196   -8.2042
   419   963  3593  539480.00  2329210.00  21.063388  105.380034   -8.6286  -16.0836
   420  3828  3599  568130.00  2329150.00  21.062005  105.655805   -7.5383  -15.8552
   421   603  3599  535880.00  2329150.00  21.062919  105.345380   -4.8462   -8.7402
   422  4839  3599  578240.00  2329150.00  21.061601  105.753116   -3.5886  -14.9209
   423   780  3602  537650.00  2329120.00  21.062613  105.362417  -12.0724  -24.0915
   424   951  3602  539360.00  2329120.00  21.062577  105.378877  -12.9741  -20.3489
   425   873  3605  538580.00  2329090.00  21.062323  105.371368  -14.2196  -16.8693
   426  1506  3605  544910.00  2329090.00  21.062178  105.432299  -10.1002  -17.7957
   427  3159  3605  561440.00  2329090.00  21.061699  105.591409   -8.3265  -13.4199
   428   867  3605  538520.00  2329090.00  21.062324  105.370791  -14.8044  -13.5186
   429   849  3608  538340.00  2329060.00  21.062056  105.369057  -11.2132  -17.1084
   430  1485  3608  544700.00  2329060.00  21.061912  105.430277   -6.3843  -16.8087
   431   639  3611  536240.00  2329030.00  21.061828  105.348842   -2.7562   -9.6690
   432   786  3611  537710.00  2329030.00  21.061798  105.362992  -10.5440  -18.9273
   433   918  3611  539030.00  2329030.00  21.061771  105.375698   -8.3261  -14.6020
   434   798  3614  537830.00  2329000.00  21.061525  105.364147  -11.1427  -17.8013
   435  4761  3617  577460.00  2328970.00  21.060008  105.745601   -8.8785  -16.4774
   436  1746  3623  547310.00  2328910.00  21.060492  105.455396   -5.4351  -11.5908
   437  4770  3623  577550.00  2328910.00  21.059462  105.746464   -8.8863  -12.0247
   438  4851  3629  578360.00  2328850.00  21.058885  105.754258   -7.3791  -14.3751
   439   966  3635  539510.00  2328790.00  21.059592  105.380313  -13.0414  -17.9107
   440   468  3635  534530.00  2328790.00  21.059693  105.332378  -13.8192  -15.0785
   441   648  3635  536330.00  2328790.00  21.059658  105.349704   -5.5864   -7.3047
   442  4833  3638  578180.00  2328760.00  21.058080  105.752521   -7.9866  -15.4890
   443   441  3638  534260.00  2328760.00  21.059427  105.329778   -4.4999  -10.8118
   444   537  3641  535220.00  2328730.00  21.059137  105.339018   -6.8259  -15.6158
   445   918  3641  539030.00  2328730.00  21.059060  105.375691  -16.6610  -16.5865
   446   663  3641  536480.00  2328730.00  21.059113  105.351146   -0.7193   -8.7169
   447  1080  3644  540650.00  2328700.00  21.058754  105.391284  -11.3183  -16.5543
   448  5001  3647  579860.00  2328670.00  21.057194  105.768687  -11.9005  -19.0217
   449   414  3650  533990.00  2328640.00  21.058347  105.327177   -5.7840  -12.0989
   450   450  3656  534350.00  2328580.00  21.057799  105.330641   -0.8143   -5.6901
   451   264  3656  532490.00  2328580.00  21.057832  105.312737  -11.8248  -16.6196
   452  4842  3656  578270.00  2328580.00  21.056450  105.753379   -7.0277  -15.4011
   453   954  3659  539390.00  2328550.00  21.057426  105.379153   -8.1700  -17.7706
   454   729  3665  537140.00  2328490.00  21.056931  105.357494   -2.6754   -8.5397
   455   663  3668  536480.00  2328460.00  21.056673  105.351141   -2.1550   -8.9988
   456  2127  3677  551120.00  2328370.00  21.055510  105.492053   -6.5332  -15.7913
   457  2130  3686  551150.00  2328280.00  21.054696  105.492339   -8.0600  -16.5106
   458   783  3686  537680.00  2328280.00  21.055023  105.362687    3.5101   -6.7359
   459  1707  3695  546920.00  2328190.00  21.053996  105.451622   -5.8445  -16.7600
   460   210  3695  531950.00  2328190.00  21.054318  105.307532   -9.2666  -17.3046
   461   975  3695  539600.00  2328190.00  21.054169  105.381166   -9.7269  -14.3365
   462   537  3698  535220.00  2328160.00  21.053987  105.339006   -4.2326  -15.7720
   463   693  3698  536780.00  2328160.00  21.053957  105.354022   -3.5441  -11.5256
   464   735  3701  537200.00  2328130.00  21.053677  105.358064   -1.0418  -11.4211
   465   606  3704  535910.00  2328100.00  21.053432  105.345647   -0.2946  -11.1026
   466   747  3707  537320.00  2328070.00  21.053132  105.359217   -0.0696   -7.5423
   467   876  3710  538610.00  2328040.00  21.052835  105.371633  -12.1719  -18.8635
   468   741  3716  537260.00  2327980.00  21.052321  105.358638    0.8299   -7.1814
   469   600  3716  535850.00  2327980.00  21.052349  105.345067   -8.6691  -14.0384
   470  1053  3719  540380.00  2327950.00  21.051983  105.388668   -7.8456  -14.4862
   471   918  3722  539030.00  2327920.00  21.051742  105.375673  -20.1465  -31.2143
   472  1050  3722  540350.00  2327920.00  21.051713  105.388378   -9.5696  -17.3424
   473   939  3728  539240.00  2327860.00  21.051195  105.377693  -13.8292  -18.5871
   474  2226  3728  552110.00  2327860.00  21.050874  105.501566   -7.8104  -16.4605
   475   840  3731  538250.00  2327830.00  21.050945  105.368164  -10.7760  -13.6951
   476   627  3731  536120.00  2327830.00  21.050988  105.347662  -15.9026  -16.5776
   477   396  3731  533810.00  2327830.00  21.051032  105.325428  -10.7648  -14.6781
   478   504  3734  534890.00  2327800.00  21.050741  105.335823   -2.0622   -9.2582
   479   945  3734  539300.00  2327800.00  21.050652  105.378269  -11.8330  -18.4187
   480   681  3737  536660.00  2327770.00  21.050435  105.352858   -8.7089  -13.2012
   481  1080  3737  540650.00  2327770.00  21.050351  105.391262  -11.4168  -15.8516
   482  1686  3737  546710.00  2327770.00  21.050207  105.449589  -14.1682  -15.7984
   483  4890  3737  578750.00  2327770.00  21.049111  105.757962   -8.1442  -16.5621
   484  2385  3737  553700.00  2327770.00  21.050015  105.516867   -6.3042  -16.6773
   485  6852  3743  598370.00  2327710.00  21.047622  105.946782   -6.4063  -11.8451
   486  6849  3749  598340.00  2327650.00  21.047081  105.946490   -7.9282  -12.5861
   487  1035  3752  540200.00  2327620.00  21.049006  105.386927  -11.0598  -13.4973
   488   849  3755  538340.00  2327590.00  21.048774  105.369024   -6.8305  -13.2220
   489  1071  3755  540560.00  2327590.00  21.048727  105.390392  -14.1019  -20.4674
   490  4845  3758  578300.00  2327560.00  21.047233  105.753621  -12.1087  -13.9662
   491   717  3758  537020.00  2327560.00  21.048530  105.356319   -0.8367   -6.6993
   492  6858  3761  598430.00  2327530.00  21.045992  105.947349  -10.5118  -14.0227
   493   822  3761  538070.00  2327530.00  21.048238  105.366424   -0.8037   -8.6464
   494  1050  3761  540350.00  2327530.00  21.048189  105.388369  -10.2589  -12.6399
   495   558  3764  535430.00  2327500.00  21.048020  105.341014   -0.5569   -7.0381
   496   717  3770  537020.00  2327440.00  21.047446  105.356316   -3.3356   -9.4880
   497  2472  3773  554570.00  2327410.00  21.046737  105.525229  -10.0524  -11.8873
   498   927  3776  539120.00  2327380.00  21.046861  105.376527  -11.1559  -19.8881
   499  1347  3776  543320.00  2327380.00  21.046766  105.416951   -9.0811  -15.5298
   500   954  3779  539390.00  2327350.00  21.046584  105.379125  -10.3196  -16.4172
   501  1152  3779  541370.00  2327350.00  21.046540  105.398182   -9.8801  -12.0937
   502   906  3782  538910.00  2327320.00  21.046323  105.374505  -13.4443  -18.7240
   503  1689  3785  546740.00  2327290.00  21.045869  105.449865   -9.2530  -14.2050
   504  1206  3788  541910.00  2327260.00  21.045715  105.403377  -14.9280  -15.4808
   505   870  3788  538550.00  2327260.00  21.045788  105.371038  -16.6209  -22.1875
   506   900  3788  538850.00  2327260.00  21.045782  105.373926  -16.0654  -19.4071
   507   903  3791  538880.00  2327230.00  21.045510  105.374214  -15.0791  -18.6554
   508  1206  3791  541910.00  2327230.00  21.045444  105.403377   -9.4638  -18.4224
   509  1197  3791  541820.00  2327230.00  21.045446  105.402510   -6.9162  -13.4982
   510  1281  3794  542660.00  2327200.00  21.045155  105.410594   -9.6739  -15.1281
   511   933  3794  539180.00  2327200.00  21.045233  105.377101  -11.5366  -17.6173
   512  1167  3803  541520.00  2327110.00  21.044368  105.399620   -5.8440  -10.6204
   513   840  3806  538250.00  2327080.00  21.044168  105.368147   -1.3501   -6.1448
   514  1089  3806  540740.00  2327080.00  21.044115  105.392112   -5.5828  -14.0944
   515   567  3806  535520.00  2327080.00  21.044223  105.341872   -3.5753   -6.6234
   516  1041  3809  540260.00  2327050.00  21.043854  105.387492  -10.9455  -12.5173
   517  2382  3809  553670.00  2327050.00  21.043511  105.516556   -6.8829  -16.8308
   518   825  3809  538100.00  2327050.00  21.043900  105.366703   -0.7234  -11.5790
   519   474  3809  534590.00  2327050.00  21.043970  105.332920    0.6330   -6.9249
   520  1281  3812  542660.00  2327020.00  21.043529  105.410590   -8.4427  -16.4252
   521  6729  3812  597140.00  2327020.00  21.041454  105.934906   -4.8825  -15.0936
   522  2625  3812  556100.00  2327020.00  21.043167  105.539942  -13.1960  -14.2295
   523   537  3815  535220.00  2326990.00  21.043416  105.338982   -9.4400  -13.1102
   524  6861  3815  598460.00  2326990.00  21.041112  105.947607   -9.1432  -14.5277
   525  1179  3818  541640.00  2326960.00  21.043010  105.400771   -4.6387  -12.3810
   526  3825  3818  568100.00  2326960.00  21.042219  105.655430   -7.3293  -14.7263
   527  1647  3821  546320.00  2326930.00  21.042627  105.445813  -13.3061  -17.7792
   528   543  3821  535280.00  2326930.00  21.042872  105.339559   -5.6365  -14.7803
   529   501  3827  534860.00  2326870.00  21.042338  105.335515   -6.7172  -10.1640
   530   636  3830  536210.00  2326840.00  21.042041  105.348508   -3.3656  -10.6934
   531  1266  3830  542510.00  2326840.00  21.041906  105.409142   -4.2595  -12.3969
   532   519  3830  535040.00  2326840.00  21.042064  105.337247   -4.5408   -9.9744
   533   603  3833  535880.00  2326810.00  21.041777  105.345331   -1.3905  -12.2095
   534   579  3836  535640.00  2326780.00  21.041510  105.343020   -7.7304  -14.1031
   535  1083  3836  540680.00  2326780.00  21.041405  105.391528    0.2185   -8.2768
   536  2148  3842  551330.00  2326720.00  21.040596  105.494025   -8.3081  -17.5620
   537  1302  3845  542870.00  2326690.00  21.040542  105.412603  -11.7529  -15.7114
   538   612  3845  535970.00  2326690.00  21.040691  105.346195   -6.7722  -12.7904
   539  1767  3848  547520.00  2326660.00  21.040157  105.457355   -8.9781  -14.2512
   540  1998  3848  549830.00  2326660.00  21.040095  105.479587   -6.4914  -11.4970
   541  3963  3851  569480.00  2326630.00  21.039186  105.668698   -7.2367  -14.1469
   542   777  3857  537620.00  2326570.00  21.039573  105.362072   -4.3773   -8.7447
   543  3945  3860  569300.00  2326540.00  21.038379  105.666962  -13.2370  -16.1074
   544  3993  3869  569780.00  2326450.00  21.037548  105.671578   -7.8494  -16.2414
   545   675  3869  536600.00  2326450.00  21.038510  105.352253  -12.6458  -18.0409
   546  1686  3869  546710.00  2326450.00  21.038280  105.449554   -9.8800  -15.3415
   547  1086  3872  540710.00  2326420.00  21.038152  105.391808   -7.4291  -14.4023
   548  1206  3872  541910.00  2326420.00  21.038125  105.403357  -10.6705  -14.4688
   549   969  3875  539540.00  2326390.00  21.037906  105.380547   -9.9577  -13.4621
   550   261  3875  532460.00  2326390.00  21.038045  105.312407  -10.8518  -19.2916
   551  1182  3875  541670.00  2326390.00  21.037859  105.401046  -10.0960  -17.0458
   552   276  3881  532610.00  2326330.00  21.037501  105.313850  -11.8562  -16.3365
   553  1119  3881  541040.00  2326330.00  21.037331  105.394982  -12.8231  -18.5372
   554   978  3881  539630.00  2326330.00  21.037362  105.381412   -9.1983  -13.7403
   555  1137  3881  541220.00  2326330.00  21.037327  105.396714   -8.3865  -15.3848
   556  1176  3884  541610.00  2326300.00  21.037048  105.400467   -8.8339  -13.5966
   557  2238  3887  552230.00  2326270.00  21.036505  105.502673   -8.6992  -18.3697
   558  1206  3890  541910.00  2326240.00  21.036499  105.403352   -8.1605  -15.5496
   559   147  3893  531320.00  2326210.00  21.036439  105.301432   -9.6115  -12.0382
   560   339  3893  533240.00  2326210.00  21.036405  105.319911  -11.2007  -20.4376
   561  1773  3896  547580.00  2326180.00  21.035818  105.457919   -7.0146  -15.1206
   562  1212  3905  541970.00  2326090.00  21.035142  105.403926   -8.5536  -13.3275
   563   633  3905  536180.00  2326090.00  21.035265  105.348203  -11.4844  -13.5689
   564  2241  3905  552260.00  2326090.00  21.034878  105.502956  -13.3372  -15.8097
   565  1017  3908  540020.00  2326060.00  21.034914  105.385159   -2.8134  -13.0874
   566   729  3914  537140.00  2326000.00  21.034433  105.357440   -6.1184   -7.9270
   567  1944  3914  549290.00  2326000.00  21.034147  105.474371   -6.9666  -21.5913
   568  1218  3914  542030.00  2326000.00  21.034327  105.404501   -7.6058  -14.3936
   569  1149  3917  541340.00  2325970.00  21.034072  105.397860  -15.4912  -17.6362
   570  4014  3920  569990.00  2325940.00  21.032932  105.673578   -8.2123  -17.0719
   571   924  3920  539090.00  2325940.00  21.033850  105.376206  -10.4209  -12.2210
   572   240  3920  532250.00  2325940.00  21.033983  105.310378  -10.9706  -15.4176
   573  3969  3920  569540.00  2325940.00  21.032949  105.669247   -8.1739  -14.3999
   574  4044  3923  570290.00  2325910.00  21.032650  105.676464   -8.3347  -15.9097
   575   963  3929  539480.00  2325850.00  21.033029  105.379957  -12.7902  -18.7653
   576  2865  3929  558500.00  2325850.00  21.032521  105.563001  -11.8542  -16.9544
   577   498  3932  534830.00  2325820.00  21.032852  105.335205   -9.3333  -14.1722
   578   804  3932  537890.00  2325820.00  21.032791  105.364654  -11.0699  -17.6437
   579   738  3932  537230.00  2325820.00  21.032805  105.358303  -11.8760  -17.4037
   580  1176  3935  541610.00  2325790.00  21.032439  105.400454  -11.7573  -18.6867
   581  4104  3938  570890.00  2325760.00  21.031271  105.682232  -12.9051  -13.3058
   582   822  3944  538070.00  2325700.00  21.031703  105.366384   -6.5065  -12.6791
   583   897  3944  538820.00  2325700.00  21.031687  105.373602   -3.6550  -10.2262
   584   960  3947  539450.00  2325670.00  21.031403  105.379664   -9.0244  -14.0921
   585  1149  3947  541340.00  2325670.00  21.031361  105.397853  -14.0118  -14.7785
   586   735  3953  537200.00  2325610.00  21.030908  105.358009  -14.5555  -20.5652
   587   522  3959  535070.00  2325550.00  21.030408  105.337509  -10.0376  -16.9846
   588  1323  3959  543080.00  2325550.00  21.030237  105.414595  -10.5106  -11.8475
   589   714  3959  536990.00  2325550.00  21.030370  105.355987   -4.7339  -15.2072
   590   738  3962  537230.00  2325520.00  21.030094  105.358296  -14.8629  -20.0436
   591  4086  3962  570710.00  2325520.00  21.029110  105.680490  -10.8254  -15.6500
   592   789  3965  537740.00  2325490.00  21.029812  105.363204   -9.8346  -12.7320
   593  4008  3968  569930.00  2325460.00  21.028598  105.672981   -9.4715  -23.5324
   594   939  3968  539240.00  2325460.00  21.029510  105.377638   -3.0536   -8.0179
   595   972  3968  539570.00  2325460.00  21.029503  105.380814   -6.3736  -11.1743
   596  4020  3968  570050.00  2325460.00  21.028593  105.674136   -9.3402  -15.5230
   597   912  3977  538970.00  2325370.00  21.028703  105.375038   -4.6558   -7.5540
   598   996  3983  539810.00  2325310.00  21.028142  105.383120   -0.0185   -7.1109
   599  1035  3983  540200.00  2325310.00  21.028134  105.386874   -4.3050  -12.1979
   600   780  3989  537650.00  2325250.00  21.027646  105.362332   -7.2067  -14.4706
   601  2214  3989  551990.00  2325250.00  21.027296  105.500333  -11.6672  -18.0293
   602  1038  3992  540230.00  2325220.00  21.027320  105.387160   -6.5273  -16.4426
   603  1182  3995  541670.00  2325190.00  21.027017  105.401017   -9.8412  -16.9880
   604  1050  3998  540350.00  2325160.00  21.026775  105.388314   -9.8478   -9.8514
   605   804  4001  537890.00  2325130.00  21.026557  105.364639  -11.3238  -14.9466
   606  2160  4001  551450.00  2325130.00  21.026227  105.495132   -8.8823  -14.5638
   607   861  4004  538460.00  2325100.00  21.026274  105.370124   -6.5327  -12.2176
   608   888  4004  538730.00  2325100.00  21.026268  105.372722   -4.1065   -8.1289
   609  1053  4004  540380.00  2325100.00  21.026233  105.388601   -7.2524   -9.2847
   610  3015  4007  560000.00  2325070.00  21.025425  105.577409   -7.0710  -14.1489
   611  3084  4013  560690.00  2325010.00  21.024860  105.584047  -11.4631  -17.8930
   612  1131  4019  541160.00  2324950.00  21.024860  105.396104  -10.2000  -15.1689
   613   912  4019  538970.00  2324950.00  21.024908  105.375028   -4.5625   -8.1446
   614  1326  4019  543110.00  2324950.00  21.024815  105.414869   -3.8075   -7.5000
   615   795  4019  537800.00  2324950.00  21.024932  105.363769  -13.3519  -16.9536
   616   867  4022  538520.00  2324920.00  21.024646  105.370697   -4.9155   -9.4198
   617  1515  4025  545000.00  2324890.00  21.024228  105.433056   -6.7138   -9.1218
   618   801  4028  537860.00  2324860.00  21.024118  105.364345   -3.8438  -12.8074
   619   726  4028  537110.00  2324860.00  21.024133  105.357127   -1.8095   -9.5059
   620  1512  4031  544970.00  2324830.00  21.023686  105.432765  -12.2392  -15.4037
   621  1476  4034  544610.00  2324800.00  21.023424  105.429300   -6.0485  -12.6866
   622   933  4034  539180.00  2324800.00  21.023548  105.377046   -4.4840  -12.2249
   623  1185  4034  541700.00  2324800.00  21.023492  105.401297  -10.9050  -18.6271
   624  1083  4037  540680.00  2324770.00  21.023244  105.391480  -10.8301  -14.4653
   625  1125  4040  541100.00  2324740.00  21.022964  105.395521  -13.8754  -19.6946
   626   687  4043  536720.00  2324710.00  21.022786  105.353371  -12.1015  -15.2354
   627  1326  4046  543110.00  2324680.00  21.022376  105.414862   -5.8493  -12.3330
   628   903  4046  538880.00  2324680.00  21.022470  105.374156   -7.3790   -8.2906
   629  2832  4049  558170.00  2324650.00  21.021689  105.559784   -6.2160  -13.5514
   630   936  4058  539210.00  2324560.00  21.021379  105.377329   -2.7700  -10.2316
   631  1446  4058  544310.00  2324560.00  21.021263  105.426407   -9.7522  -14.8674
   632   903  4061  538880.00  2324530.00  21.021115  105.374153   -2.0954   -5.3553
   633   729  4061  537140.00  2324530.00  21.021151  105.357409   -6.8017  -12.8494
   634   861  4067  538460.00  2324470.00  21.020581  105.370110   -2.3534   -8.8247
   635  1074  4070  540590.00  2324440.00  21.020265  105.390606   -9.3204  -15.1252
   636  1425  4073  544100.00  2324410.00  21.019913  105.424382   -3.5762  -15.7548
   637  6291  4073  592760.00  2324410.00  21.018100  105.892615   -9.7822  -18.5271
   638  1332  4073  543170.00  2324410.00  21.019935  105.415433   -7.1029  -13.3654
   639  1302  4076  542870.00  2324380.00  21.019671  105.412545  -11.0646  -11.6531
   640  6360  4079  593450.00  2324350.00  21.017523  105.899251   -9.2606  -16.7053
   641  1287  4082  542720.00  2324320.00  21.019132  105.411100  -12.1149  -12.6741
   642  1587  4082  545720.00  2324320.00  21.019060  105.439969   -7.2794  -11.5452
   643   717  4085  537020.00  2324290.00  21.018985  105.356249  -11.8539  -17.6683
   644  5799  4085  587840.00  2324290.00  21.017258  105.845268  -11.2812  -15.2839
   645  1581  4088  545660.00  2324260.00  21.018519  105.439390  -13.8053  -17.3608
   646  1674  4088  546590.00  2324260.00  21.018496  105.448339   -4.9206  -10.5151
   647  1152  4088  541370.00  2324260.00  21.018621  105.398108  -13.1521  -17.6560
   648   708  4094  536930.00  2324200.00  21.018173  105.355381  -10.2354  -16.0705
   649  3825  4094  568100.00  2324200.00  21.017282  105.655321   -4.1530  -14.0269
   650  1137  4097  541220.00  2324170.00  21.017811  105.396662   -7.0672  -15.1911
   651  2136  4097  551210.00  2324170.00  21.017560  105.492794  -10.4662  -15.2094
   652   726  4100  537110.00  2324140.00  21.017627  105.357112  -11.3606  -19.1034
   653  1275  4103  542600.00  2324110.00  21.017237  105.409940   -7.9954  -11.9071
   654  1320  4103  543050.00  2324110.00  21.017227  105.414271  -14.2521  -16.8704
   655  3840  4109  568250.00  2324050.00  21.015921  105.656758   -8.2473  -13.2772
   656  1635  4109  546200.00  2324050.00  21.016608  105.444581  -10.3582  -20.9650
   657  1476  4112  544610.00  2324020.00  21.016376  105.429280   -5.1764   -8.8169
   658   888  4115  538730.00  2323990.00  21.016239  105.372697   -4.3795   -8.8123
   659  1593  4115  545780.00  2323990.00  21.016077  105.440538  -10.6813  -15.1134
   660  1608  4118  545930.00  2323960.00  21.015802  105.441980  -13.6475  -15.7435
   661  1989  4121  549740.00  2323930.00  21.015432  105.478642   -7.4220  -13.0208
   662  1110  4124  540950.00  2323900.00  21.015377  105.394058  -10.4963  -13.1293
   663  6336  4127  593210.00  2323870.00  21.013199  105.896915   -7.8055  -13.1410
   664   762  4130  537470.00  2323840.00  21.014910  105.360569  -10.5668  -12.9000
   665  1857  4133  548420.00  2323810.00  21.014383  105.465937  -11.4411  -13.1873
   666   768  4154  537530.00  2323600.00  21.012740  105.361141  -12.9376  -20.0054
   667  4023  4154  570080.00  2323600.00  21.011787  105.674349   -5.7430  -15.3759
   668  6564  4169  595490.00  2323450.00  21.009287  105.918829   -9.2344  -17.0815
   669  6309  4178  592940.00  2323360.00  21.008605  105.894290  -13.3302  -14.3624
   670  6573  4181  595580.00  2323330.00  21.008198  105.919689   -8.1558  -14.6167
   671  6549  4181  595340.00  2323330.00  21.008211  105.917380   -5.8188  -17.4019
   672   702  4187  536870.00  2323270.00  21.009771  105.354783   -9.9155  -19.0255
   673  2238  4193  552230.00  2323210.00  21.008857  105.502580   -6.8321  -15.0150
   674  2193  4196  551780.00  2323180.00  21.008599  105.498249   -9.8414  -20.1656
   675  2769  4211  557540.00  2323030.00  21.007072  105.553668   -6.9616  -13.4960
   676  2865  4220  558500.00  2322940.00  21.006229  105.562902   -7.2566  -14.5137
   677  6348  4226  593330.00  2322880.00  21.004248  105.898016   -8.6268  -13.9487
   678  6342  4268  593270.00  2322460.00  21.000457  105.897416   -8.3187  -16.5626
   679  6333  4271  593180.00  2322430.00  21.000191  105.896549   -6.3248  -14.8482
   680  2445  4274  554300.00  2322400.00  21.001479  105.522473   -7.2809  -11.5370
   681  6447  4298  594320.00  2322160.00  20.997693  105.907502   -8.0931  -14.7258
   682  4200  4337  571850.00  2321770.00  20.995184  105.691304   -7.6134  -12.8766
   683  6471  4343  594560.00  2321710.00  20.993615  105.909786   -6.9966  -14.1732
   684  4596  4349  575810.00  2321650.00  20.993941  105.729397   -7.1121  -13.4448
   685  5052  4352  580370.00  2321620.00  20.993477  105.773267   -6.3384  -13.7380
   686  6843  4358  598280.00  2321560.00  20.992065  105.945565  -13.0729  -16.0115
   687  4902  4427  578870.00  2320870.00  20.986766  105.758801  -12.0489  -21.4884
   688  3753  4442  567380.00  2320720.00  20.985867  105.648257  -10.0204  -12.5710
   689  6870  4463  598550.00  2320510.00  20.982565  105.948103   -7.6739  -13.9094
   690  4077  4472  570620.00  2320420.00  20.983035  105.679415   -9.5627  -12.2973
   691  4269  4514  572540.00  2320000.00  20.979165  105.697868   -9.7702  -19.9372
   692  4314  4517  572990.00  2319970.00  20.978877  105.702196   -9.9486  -16.0572
   693  4020  4532  570050.00  2319820.00  20.977636  105.673907   -5.9951  -13.8722
   694  2340  4535  553250.00  2319790.00  20.977927  105.512290   -8.5105  -18.5592
   695  5613  4544  585980.00  2319700.00  20.975876  105.827143   -8.1884  -13.3162
   696  6672  4547  596570.00  2319670.00  20.975080  105.929009   -5.6194  -11.7672
   697  4389  4559  573740.00  2319550.00  20.975052  105.709393   -8.6762  -17.6707
   698  4422  4607  574070.00  2319070.00  20.970702  105.712547  -10.7218  -10.7706
   699  6303  4631  592880.00  2318830.00  20.967681  105.893469   -9.1265  -11.9634
   700  4518  4631  575030.00  2318830.00  20.968495  105.721771  -11.4131  -18.9119
   701  6294  4670  592790.00  2318440.00  20.964162  105.892583   -7.9779  -15.2829
   702  2604  4679  555890.00  2318350.00  20.964838  105.537640   -7.5506  -15.8391
   703  2976  4685  559610.00  2318290.00  20.964179  105.573422  -12.0562  -16.2654
   704  4521  4721  575060.00  2317930.00  20.960362  105.722020   -8.2579  -17.2753
   705  2730  4745  557150.00  2317690.00  20.958836  105.549739   -8.7588  -15.2145
   706  2856  4748  558410.00  2317660.00  20.958526  105.561858   -8.5070  -15.5565
   707  5877  4748  588620.00  2317660.00  20.957321  105.852433  -13.1188  -16.8096
   708  4455  4766  574400.00  2317480.00  20.956323  105.715653   -8.7887  -11.5092
   709  4533  4769  575180.00  2317450.00  20.956020  105.723154  -10.1127  -16.9586
   710  2652  4793  556370.00  2317210.00  20.954523  105.542220   -7.0726  -15.6053
   711  2745  4793  557300.00  2317210.00  20.954495  105.551166   -6.1372  -16.2215
   712  6165  4814  591500.00  2317000.00  20.951217  105.880099   -8.0147  -14.9097
   713  2766  4820  557510.00  2316940.00  20.952048  105.553177   -8.7241  -14.6732
   714  4359  4856  573440.00  2316580.00  20.948230  105.706381   -8.6353  -16.0680
   715  2802  4865  557870.00  2316490.00  20.947971  105.556624   -9.2110  -14.7761
   716  2841  4877  558260.00  2316370.00  20.946875  105.560371  -10.2005  -13.7055
   717  2703  4883  556880.00  2316310.00  20.946376  105.547096   -5.4239   -7.7324
   718  2739  4889  557240.00  2316250.00  20.945823  105.550557   -6.7994  -13.1475
   719  3024  4928  560090.00  2315860.00  20.942208  105.577955   -7.4545  -20.4281
   720  3195  4961  561800.00  2315530.00  20.939170  105.594389   -8.9405  -14.3332
   721  3303  4961  562880.00  2315530.00  20.939133  105.604776  -10.4978  -14.2934
   722  2940  5030  559250.00  2314840.00  20.933019  105.569841  -11.9463  -16.3665
   723  2868  5036  558530.00  2314780.00  20.932500  105.562914   -9.0158  -20.0216
   724  2640  5057  556250.00  2314570.00  20.930674  105.540980   -9.9150  -14.3795
   725  2667  5069  556520.00  2314450.00  20.929581  105.543573  -11.9045  -14.4878
   726  2571  5075  555560.00  2314390.00  20.929068  105.534339   -3.1807  -11.2497
   727  2262  5087  552470.00  2314270.00  20.928074  105.504619  -10.8180  -17.9632
   728  2427  5096  554120.00  2314180.00  20.927214  105.520484  -14.0689  -16.9039
   729  2670  5099  556550.00  2314150.00  20.926870  105.543852  -13.3533  -16.4450
   730  5838  5102  588230.00  2314120.00  20.925356  105.848502   -5.9109  -15.6634
   731  2691  5114  556760.00  2314000.00  20.925508  105.545866  -11.3479  -16.0970
   732  2358  5129  553430.00  2313850.00  20.924252  105.513838   -7.4855  -12.6018
   733  2451  5141  554360.00  2313730.00  20.923141  105.522778  -13.2704  -19.7097
   734  2460  5153  554450.00  2313610.00  20.922054  105.523639  -14.0411  -19.5976
   735  2448  5159  554330.00  2313550.00  20.921515  105.522484   -5.7259  -12.3795
   736  2466  5165  554510.00  2313490.00  20.920968  105.524213  -12.6470  -17.6586
   738  4560  5333  575450.00  2311810.00  20.905052  105.725505   -9.2913  -12.8549
   739  2943  5342  559280.00  2311720.00  20.904828  105.570023  -14.1484  -16.9142
   740  2943  5378  559280.00  2311360.00  20.901576  105.570011  -10.7300  -15.1688
   741  3150  5447  561350.00  2310670.00  20.895274  105.589890   -8.9154  -15.0481
   742  3051  5465  560360.00  2310490.00  20.893680  105.580365   -6.3884  -16.6222
   743  4128  5486  571130.00  2310280.00  20.891400  105.683905  -10.5943  -13.1590
   744  4614  5495  575990.00  2310190.00  20.890393  105.730627   -4.8795  -14.2659
   745  5709  5513  586940.00  2310010.00  20.888285  105.835891   -6.9556  -14.8183
   746  2895  5519  558800.00  2309950.00  20.888851  105.565348   -5.3161  -11.1883
   747  4620  5519  576050.00  2309950.00  20.888222  105.731193   -8.8416  -14.3577
   748  6021  5552  590060.00  2309620.00  20.884612  105.865866   -5.6736  -11.4828
   749  3393  5663  563780.00  2308510.00  20.875675  105.613174   -6.9976  -14.3512
   750  3159  5720  561440.00  2307940.00  20.870604  105.590658  -13.0750  -18.8169
   751  3153  5738  561380.00  2307760.00  20.868980  105.590075   -5.5131  -11.3037
   752  3150  5738  561350.00  2307760.00  20.868981  105.589787   -9.4061  -15.7945
   753  4656  5744  576410.00  2307700.00  20.867879  105.734555   -7.8977  -14.4250
   754  2991  5747  559760.00  2307670.00  20.868220  105.574499   -5.0613  -13.4038
   755  3210  5765  561950.00  2307490.00  20.866521  105.595545   -6.3563   -9.4171
   756  4677  5777  576620.00  2307370.00  20.864888  105.736559   -7.3401  -12.0805
   757  4686  5786  576710.00  2307280.00  20.864072  105.737421   -7.9361  -14.9623
   758  3240  5786  562250.00  2307280.00  20.864614  105.598422   -9.2444  -13.6124
   759  3219  5786  562040.00  2307280.00  20.864621  105.596403   -8.6188  -14.7651
   760  3525  5813  565100.00  2307010.00  20.862076  105.625808  -10.2315   -9.3546
   761  3729  5888  567140.00  2306260.00  20.855227  105.645389   -9.7089  -12.5317
   762  6666  5888  596510.00  2306260.00  20.853930  105.927686   -4.9625  -12.4320
   763  3438  5975  564230.00  2305390.00  20.847470  105.617385   -8.4570  -14.2454
   764  4656  5981  576410.00  2305330.00  20.846466  105.734451  -11.2979  -15.8333
   765  3297  6026  562820.00  2304880.00  20.842910  105.603814   -8.9267  -14.1170
   766  4674  6026  576590.00  2304880.00  20.842392  105.736161   -9.5562  -14.6651
   767  3153  6041  561380.00  2304730.00  20.841603  105.589969   -6.8352  -15.0408
   768  3831  6182  568160.00  2303320.00  20.828626  105.655078  -15.1587  -22.4316
   769  3123  6188  561080.00  2303260.00  20.828331  105.587034   -8.9252  -15.9421
   770  3675  6242  566600.00  2302720.00  20.823262  105.640063  -11.8363  -14.7074
   771  3090  6260  560750.00  2302540.00  20.821836  105.583837   -8.4196  -14.4752
   772  3084  6269  560690.00  2302450.00  20.821025  105.583257   -5.0363  -11.1202
   773  2943  6275  559280.00  2302390.00  20.820528  105.569705  -10.1784  -11.8178
   774  2916  6284  559010.00  2302300.00  20.819724  105.567107   -9.6055  -14.0794
   775  2970  6284  559550.00  2302300.00  20.819707  105.572297  -12.2637  -17.1649
   776  2940  6293  559250.00  2302210.00  20.818903  105.569411  -10.1660  -15.7545
   777  3045  6293  560300.00  2302210.00  20.818869  105.579501   -0.9395   -7.6751
   778  2886  6311  558710.00  2302030.00  20.817294  105.564215   -5.2877  -13.8353
   779  2892  6320  558770.00  2301940.00  20.816479  105.564789   -6.3702  -15.3649
   780  2901  6320  558860.00  2301940.00  20.816476  105.565654   -3.9027  -10.6898
   781  2892  6323  558770.00  2301910.00  20.816208  105.564788   -6.2687   -9.4101
   782  2877  6332  558620.00  2301820.00  20.815399  105.563343   -6.5875  -12.7212
   783  3027  6332  560120.00  2301820.00  20.815351  105.577758  -12.2802  -19.9101
   784  3648  6332  566330.00  2301820.00  20.815140  105.637434   -5.9502  -14.7875
   785  5967  6335  589520.00  2301790.00  20.813896  105.860273   -9.2783  -14.6261
   786  2898  6350  558830.00  2301640.00  20.813766  105.565355  -11.2040  -16.0812
   787  3048  6362  560330.00  2301520.00  20.812634  105.579766   -7.7450  -11.7849
   788  3012  6392  559970.00  2301220.00  20.809935  105.576296   -9.8919  -18.9771
   789  2862  6401  558470.00  2301130.00  20.809170  105.561879  -10.6659  -15.5483
   790  5172  6458  581570.00  2300560.00  20.803149  105.783823  -11.2008  -18.8425
   792  3810  6662  567950.00  2298520.00  20.785265  105.652873   -4.0853   -8.2211
   794  3798  6827  567830.00  2296870.00  20.770361  105.651656  -10.9175  -15.4567
   795  3852  6845  568370.00  2296690.00  20.768715  105.656837   -9.9541  -14.9967
   797  3795  6860  567800.00  2296540.00  20.767380  105.651355  -13.0424  -18.4572
   798  4470  6866  574550.00  2296480.00  20.766580  105.716196  -10.2898  -16.8053
   799  3825  6896  568100.00  2296180.00  20.764117  105.654223   -5.6960  -13.7836
   801  3801  6929  567860.00  2295850.00  20.761144  105.651905  -14.0471  -18.9477
   802  3855  6947  568400.00  2295670.00  20.759498  105.657085  -12.1957  -13.6010
   803  3834  6956  568190.00  2295580.00  20.758692  105.655064   -5.8207  -13.9927
   804  3822  6965  568070.00  2295490.00  20.757884  105.653908   -2.4069  -10.3060
   806  3837  6974  568220.00  2295400.00  20.757065  105.655346   -9.2281  -13.5134
   807  3861  7001  568460.00  2295130.00  20.754617  105.657640   -6.0839  -14.5302
   810  3945  7037  569300.00  2294770.00  20.751333  105.665695   -6.4359  -11.9426
   811  3921  7040  569060.00  2294740.00  20.751071  105.663388  -20.5984  -19.4975
   813  3909  7046  568940.00  2294680.00  20.750533  105.662233  -16.2537  -19.6858
   816  3897  7064  568820.00  2294500.00  20.748911  105.661074  -18.3348  -23.2392
   817  3894  7079  568790.00  2294350.00  20.747557  105.660780  -13.8212  -22.5905
   820  3849  7103  568340.00  2294110.00  20.745405  105.656448   -2.1252  -10.0396
   822  3870  7109  568550.00  2294050.00  20.744855  105.658463   -2.0729   -6.9038
   823  6078  7133  590630.00  2293810.00  20.741744  105.870525   -6.4554  -15.7154
   825  4578  7190  575630.00  2293240.00  20.737263  105.726431  -13.0920  -19.1389
   829  3984  7253  569690.00  2292610.00  20.731802  105.669355   -3.9350  -11.5720
   830  3942  7319  569270.00  2291950.00  20.725854  105.665295   -7.3091  -13.7424
   831  4635  7349  576200.00  2291650.00  20.722874  105.731837   -7.9847  -16.3073
   832  3915  7361  569000.00  2291530.00  20.722069  105.662686   -8.4030  -17.0870
   833  3996  7361  569810.00  2291530.00  20.722039  105.670465  -13.9631  -20.7866
   834  4014  7400  569990.00  2291140.00  20.718509  105.672178  -10.3131  -13.6192
   835  4038  7400  570230.00  2291140.00  20.718500  105.674483  -20.1742  -24.1118
   836  4014  7424  569990.00  2290900.00  20.716340  105.672168   -7.8404  -14.7328
   837  3999  7439  569840.00  2290750.00  20.714991  105.670722   -7.6012  -17.9585
   838  4056  7448  570410.00  2290660.00  20.714156  105.676192   -9.3503  -10.2315
   839  4077  7448  570620.00  2290660.00  20.714148  105.678209   -5.2521  -12.7513
   840  4047  7451  570320.00  2290630.00  20.713888  105.675327  -11.0985  -17.6685
   841  4104  7499  570890.00  2290150.00  20.709530  105.680781  -12.4978  -21.1158
   842  4125  7520  571100.00  2289940.00  20.707625  105.682789   -9.9109  -17.9624
   843  4188  7541  571730.00  2289730.00  20.705703  105.688830   -9.0564  -20.0861
   844  4200  7547  571850.00  2289670.00  20.705156  105.689980  -18.3142  -22.6781
   845  4191  7547  571760.00  2289670.00  20.705160  105.689116  -11.7550  -19.2016
   846  4059  7550  570440.00  2289640.00  20.704939  105.676439   -3.3866   -7.0301
   847  4125  7559  571100.00  2289550.00  20.704101  105.682773   -7.7306  -11.9631
   848  4089  7562  570740.00  2289520.00  20.703843  105.679315   -1.9188   -7.6561
   849  4119  7583  571040.00  2289310.00  20.701935  105.682187  -12.6028  -19.9004
   850  4185  7592  571700.00  2289220.00  20.701096  105.688521   -9.6365  -11.2273
   851  4125  7613  571100.00  2289010.00  20.699222  105.682751   -9.4254  -13.7584
   852  4140  7649  571250.00  2288650.00  20.695963  105.684177   -1.1365   -5.8660
   853  4770  7667  577550.00  2288470.00  20.694086  105.744661   -3.1283  -14.8335
   855  4188  7703  571730.00  2288110.00  20.691066  105.688764   -7.5911   -9.8116
   856  4095  8057  570800.00  2284570.00  20.659116  105.679692   -6.8348  -11.4988
   857  4107  8078  570920.00  2284360.00  20.657214  105.680836  -10.4530  -12.9151
   858  4200  8096  571850.00  2284180.00  20.655552  105.689756   -6.0704   -6.9464
   859  4203  8096  571880.00  2284180.00  20.655551  105.690044  -12.0866  -13.8463
   860  4194  8096  571790.00  2284180.00  20.655555  105.689180   -6.3645  -11.0019
   861  4179  8102  571640.00  2284120.00  20.655018  105.687738  -16.2030  -17.8921
   862  4134  8102  571190.00  2284120.00  20.655035  105.683418   -6.9040  -15.9602
   863  4563  8147  575480.00  2283670.00  20.650802  105.724580   -4.8930  -13.8551
   864  4476  8150  574610.00  2283640.00  20.650565  105.716227  -11.8121  -16.5662
   865  4554  8153  575390.00  2283610.00  20.650263  105.723713   -7.9503  -18.4084
   866  4647  8183  576320.00  2283310.00  20.647515  105.732627   -7.2806  -14.3555
   867  4569  8183  575540.00  2283310.00  20.647546  105.725140   -0.9465   -2.5421
   868  4509  8198  574940.00  2283160.00  20.646215  105.719375   -3.0271   -8.0423
   869  4623  8201  576080.00  2283130.00  20.645898  105.730316   -8.4486  -11.8997
   870  4536  8210  575210.00  2283040.00  20.645120  105.721961   -5.5151  -12.8131
   871  4389  8210  573740.00  2283040.00  20.645179  105.707851   -4.7186  -10.3607
   872  4548  8216  575330.00  2282980.00  20.644573  105.723111   -0.3391   -6.6229
   873  4629  8225  576140.00  2282890.00  20.643727  105.730882   -8.4693  -15.3809
   874  4572  8234  575570.00  2282800.00  20.642937  105.725406  -13.8765  -17.5525
   875  4653  8243  576380.00  2282710.00  20.642091  105.733177   -2.0793  -12.2190
   876  4677  8252  576620.00  2282620.00  20.641268  105.735477  -13.3015  -16.2180
   877  4584  8273  575690.00  2282410.00  20.639409  105.726542   -6.7671  -17.9347
   878  4563  8276  575480.00  2282380.00  20.639146  105.724525  -13.4646  -20.0537
   879  4542  8291  575270.00  2282230.00  20.637799  105.722503   -4.4254  -10.4010
   880  4497  8297  574820.00  2282170.00  20.637275  105.718181  -24.7910  -27.6133
   881  4455  8303  574400.00  2282110.00  20.636750  105.714147  -10.2981  -15.6046
   882  4512  8315  574970.00  2281990.00  20.635643  105.719613  -20.4304  -26.4155
   883  4695  8318  576800.00  2281960.00  20.635298  105.737176    0.2537  -10.1338
   884  4695  8321  576800.00  2281930.00  20.635026  105.737175   -3.6922  -12.0408
   885  4545  8324  575300.00  2281900.00  20.634816  105.722776   -0.9900   -7.5794
   886  4497  8327  574820.00  2281870.00  20.634564  105.718168  -13.3871  -15.0114
   887  4650  8345  576350.00  2281690.00  20.632876  105.732845   -7.1265  -14.5912
   888  4629  8348  576140.00  2281660.00  20.632614  105.730828   -8.4023  -15.4833
   889  4608  8351  575930.00  2281630.00  20.632351  105.728812   -7.6245  -12.5888
   890  4653  8351  576380.00  2281630.00  20.632333  105.733131  -11.8097  -16.4994
   891  4512  8357  574970.00  2281570.00  20.631848  105.719595  -14.8713  -18.4800
   892  4509  8363  574940.00  2281510.00  20.631307  105.719305  -14.2110  -21.6955
   893  4686  8366  576710.00  2281480.00  20.630964  105.736291  -12.4545  -20.0435
   894  4713  8369  576980.00  2281450.00  20.630682  105.738882  -11.4755  -17.5760
   895  4662  8372  576470.00  2281420.00  20.630432  105.733985  -11.0226  -13.8568
   896  4512  8384  574970.00  2281300.00  20.629408  105.719584   -1.1130   -9.1105
   897  4446  8384  574310.00  2281300.00  20.629435  105.713249   -2.8789  -13.9824
   898  4779  8390  577640.00  2281240.00  20.628758  105.745207   -5.0680   -8.4319
   899  4803  8393  577880.00  2281210.00  20.628477  105.747509   -2.1425   -7.4514
   900  4590  8402  575750.00  2281120.00  20.627751  105.727062   -3.9131   -6.9793
   901  4584  8405  575690.00  2281090.00  20.627482  105.726485   -1.3102   -8.1857
   902  3987  8411  569720.00  2281030.00  20.627171  105.669185  -12.6703  -15.5594
   903  4521  8414  575060.00  2281000.00  20.626694  105.720435   -7.9653  -10.5085
   904  4824  8420  578090.00  2280940.00  20.626028  105.749512    6.3040   -0.0112
   905  4530  8423  575150.00  2280910.00  20.625877  105.721295   -0.4764   -8.6080
   906  4548  8423  575330.00  2280910.00  20.625870  105.723022    1.8869   -6.3241
   907  4380  8426  573650.00  2280880.00  20.625666  105.706897   -6.2159  -11.9891
   908  5307  8426  582920.00  2280880.00  20.625279  105.795865   -6.4670  -10.4262
   909  4557  8435  575420.00  2280790.00  20.624782  105.723881   -4.3951   -5.1089
   910  4638  8438  576230.00  2280760.00  20.624478  105.731653    1.2830   -6.3964
   911  4560  8438  575450.00  2280760.00  20.624510  105.724167    0.1084   -7.9013
   912  4497  8444  574820.00  2280700.00  20.623993  105.718119   -9.6982  -12.2969
   913  4497  8447  574820.00  2280670.00  20.623722  105.718117   -5.1966  -10.0551
   914  4608  8450  575930.00  2280640.00  20.623406  105.728769   -6.2009  -10.5290
   915  4533  8456  575180.00  2280580.00  20.622894  105.721568  -12.1334  -18.3414
   916  4845  8459  578300.00  2280550.00  20.622496  105.751511   -8.0479  -11.3206
   917  4629  8462  576140.00  2280520.00  20.622314  105.730779   -3.6886  -12.2262
   918  4689  8480  576740.00  2280340.00  20.620663  105.736530   -8.0888  -14.9336
   919  4461  8480  574460.00  2280340.00  20.620755  105.714648  -14.0211  -18.3632
   920  4569  8480  575540.00  2280340.00  20.620712  105.725013  -12.5019  -19.9618
   921  4776  8492  577610.00  2280220.00  20.619543  105.744874   -0.0223   -4.7106
   922  4419  8492  574040.00  2280220.00  20.619687  105.710612  -13.2587  -15.1560
   923  4548  8498  575330.00  2280160.00  20.619094  105.722990  -18.5196  -22.9933
   924  4677  8510  576620.00  2280040.00  20.617957  105.735365  -11.1306  -18.8127
   925  4923  8510  579080.00  2280040.00  20.617855  105.758974  -15.4328  -27.3191
   926  4602  8522  575870.00  2279920.00  20.616903  105.728162   -7.3848  -20.6009
   927  4635  8528  576200.00  2279860.00  20.616348  105.731327   -2.2796  -10.4092
   928  4536  8534  575210.00  2279800.00  20.615846  105.721823  -14.4102  -19.3444
   929  4590  8546  575750.00  2279680.00  20.614740  105.727000  -11.6834  -14.6649
   930  4764  8546  577490.00  2279680.00  20.614669  105.743699   -9.9127  -17.1601
   931  4794  8549  577790.00  2279650.00  20.614385  105.746576   -4.3713   -8.3462
   932  4677  8558  576620.00  2279560.00  20.613620  105.735344  -12.5836  -19.2631
   933  4752  8561  577370.00  2279530.00  20.613318  105.742541   -3.7685  -10.0592
   934  4518  8564  575030.00  2279500.00  20.613142  105.720083   -4.6303   -7.2222
   935  4845  8576  578300.00  2279380.00  20.611925  105.751459  -13.5352  -21.0538
   936  4755  8591  577400.00  2279230.00  20.610607  105.742815  -13.4186  -20.6628
   937  4761  8603  577460.00  2279110.00  20.609520  105.743386   -9.4536  -14.0238
   938  4551  8606  575360.00  2279080.00  20.609334  105.723232   -4.5714  -13.4601
   939  4596  8609  575810.00  2279050.00  20.609045  105.727549   -5.5150  -13.0942
   940  4869  8612  578540.00  2279020.00  20.608662  105.753746   -1.4056   -6.0231
   941  4497  8612  574820.00  2279020.00  20.608814  105.718047   -4.9883   -9.7497
   942  4740  8615  577250.00  2278990.00  20.608444  105.741365   -8.1709  -14.6463
   943  4581  8618  575660.00  2278960.00  20.608238  105.726106   -7.7749  -16.6321
   944  4632  8618  576170.00  2278960.00  20.608217  105.731000  -10.6548  -13.6754
   945  4578  8621  575630.00  2278930.00  20.607968  105.725817   -7.7224  -13.6739
   946  5034  8654  580190.00  2278600.00  20.604797  105.769561  -20.1982  -25.8717
   947  4803  8660  577880.00  2278540.00  20.604352  105.747391  -19.0507  -27.3037
   948  4905  8672  578900.00  2278420.00  20.603226  105.757174  -25.1645  -29.6740
   949  4893  8681  578780.00  2278330.00  20.602417  105.756018  -12.8074  -18.3289
   950  4893  8687  578780.00  2278270.00  20.601875  105.756016   -6.1288  -12.2533
   951  4701  8699  576860.00  2278150.00  20.600871  105.737586  -17.5043  -24.2145
   952  4878  8711  578630.00  2278030.00  20.599713  105.754566   -4.0584  -12.2617
   953  5100  8714  580850.00  2278000.00  20.599348  105.775867   -7.1625  -11.3766
   954  5142  8717  581270.00  2277970.00  20.599059  105.779896  -17.7278  -21.3617
   955  4953  8717  579380.00  2277970.00  20.599139  105.761760  -11.3250  -12.9223
   956  4851  8720  578360.00  2277940.00  20.598911  105.751971  -16.0577  -17.2680
   957  4497  8735  574820.00  2277790.00  20.597700  105.717995   -1.9381  -10.4596
   958  4881  8741  578660.00  2277730.00  20.597001  105.754840   -5.4755  -10.7260
   959  4896  8744  578810.00  2277700.00  20.596724  105.756278    0.3475   -7.6659
   961  4851  8768  578360.00  2277460.00  20.594574  105.751949  -13.3623  -19.2221
   962  4845  8777  578300.00  2277370.00  20.593764  105.751370   -9.8165  -14.8182
   963  4926  8780  579110.00  2277340.00  20.593459  105.759141  -15.6691  -24.8127
   964  5325  8810  583100.00  2277040.00  20.590576  105.797412   -3.8510   -7.1096
   965  5109  8825  580940.00  2276890.00  20.589315  105.776680   -9.5606  -15.8417
   966  5301  8825  582860.00  2276890.00  20.589231  105.795102  -11.4247  -15.0357
   967  4935  8834  579200.00  2276800.00  20.588576  105.759980   -5.9477   -9.0840
   968  5319  8837  583040.00  2276770.00  20.588139  105.796824   -4.2757  -11.1457
   970  5325  8846  583100.00  2276680.00  20.587323  105.797395   -7.2657  -14.9502
   971  5346  8846  583310.00  2276680.00  20.587314  105.799410  -11.8213  -15.9215
   972  5208  8873  581930.00  2276410.00  20.584935  105.786157  -10.9953  -16.3830
   973  5325  8894  583100.00  2276200.00  20.582986  105.797373  -10.7147  -14.7023
   974  4983  8897  579680.00  2276170.00  20.582863  105.764557  -14.7822  -22.5912
   975  4956  8912  579410.00  2276020.00  20.581519  105.761960    3.0460   -0.6933
   976  5160  8912  581450.00  2276020.00  20.581432  105.781533   -7.6934  -11.3410
   977  5025  8915  580100.00  2275990.00  20.581219  105.768579  -15.7233  -20.7745
   978  5208  8924  581930.00  2275900.00  20.580327  105.786133   -7.7937  -15.7121
   979  5226  8927  582110.00  2275870.00  20.580048  105.787859   -9.7532  -17.4114
   980  5013  8936  579980.00  2275780.00  20.579327  105.767418  -12.4755  -21.3991
   981  5142  8942  581270.00  2275720.00  20.578729  105.779792   -6.0119   -9.2424
   982  4977  8948  579620.00  2275660.00  20.578258  105.763959   -8.9888  -19.8915
   983  5238  8963  582230.00  2275510.00  20.576790  105.788993  -10.0216  -12.4012
   984  5061  8981  580460.00  2275330.00  20.575240  105.772003  -11.5498  -19.7055
   985  5250  8987  582350.00  2275270.00  20.574616  105.790133  -12.4838  -17.8458
   986  5100  8990  580850.00  2275240.00  20.574410  105.775741   -2.9984  -11.9830
   987  5184  8993  581690.00  2275210.00  20.574103  105.783798   -5.0883  -12.0009
   988  5121  9002  581060.00  2275120.00  20.573317  105.777750   -4.6412  -13.9777
   989  5196  9014  581810.00  2275000.00  20.572201  105.784940   -9.7990  -12.9770
   990  5160  9023  581450.00  2274910.00  20.571403  105.781482  -14.6204  -24.6644
   991  5205  9032  581900.00  2274820.00  20.570570  105.785795   -4.6248  -10.4696
   992  5280  9035  582650.00  2274790.00  20.570266  105.792989   -5.2240  -13.6708
   993  5226  9044  582110.00  2274700.00  20.569477  105.787804   -9.2514  -17.0465
   994  5127  9050  581120.00  2274640.00  20.568978  105.778304  -15.5362  -15.0946
   996  5046  9059  580310.00  2274550.00  20.568199  105.770529   -8.2504  -16.1214
   997  5049  9083  580340.00  2274310.00  20.566030  105.770805  -13.3143  -15.9668
