; ENVI Output of ROIs (5.2) [Wed Nov 27 06:35:31 2019]
; Number of ROIs: 1
; File Dimension: 7647 x 9116
;
; ROI name: EVF: Layer: forest.shp
; ROI rgb value: {255, 255, 255}
; ROI npts: 992
;   ID     X     Y      Map X       Map Y        Lat         Lon        B1        B2
     1  5310   224  582950.00  2362900.00  21.366309  105.800092  -11.1160  -15.6779
     2  5184   272  581690.00  2362420.00  21.362030  105.787916  -11.8447  -16.0937
     3  5217   308  582020.00  2362060.00  21.358763  105.791081  -13.9674  -19.8480
     4  5340   317  583250.00  2361970.00  21.357894  105.802939   -6.8042  -20.8916
     5  5232   353  582170.00  2361610.00  21.354691  105.792506  -13.7937  -19.9345
     7  5169   359  581540.00  2361550.00  21.354177  105.786427   -8.7963  -20.0819
     8  5151   371  581360.00  2361430.00  21.353101  105.784686   -7.6709  -13.2217
    10  5157   404  581420.00  2361100.00  21.350117  105.785248   -4.1199  -13.8321
    11  5322   419  583070.00  2360950.00  21.348687  105.801153  -12.6460  -18.0079
    12  5238   422  582230.00  2360920.00  21.348454  105.793051  -12.3786  -18.4454
    13  5166   425  581510.00  2360890.00  21.348216  105.786106   -5.3787  -14.3290
    14  5253   443  582380.00  2360710.00  21.346550  105.794487  -13.0975  -19.1996
    15  5175   443  581600.00  2360710.00  21.346586  105.786966   -8.7898  -12.2545
    16  5205   446  581900.00  2360680.00  21.346301  105.789857   -9.1521  -13.8772
    17  5319   452  583040.00  2360620.00  21.345707  105.800848  -12.6271  -21.0719
    18  5334   464  583190.00  2360500.00  21.344616  105.802288   -9.5128  -15.8711
    19  5169   464  581540.00  2360500.00  21.344691  105.786377  -12.0019  -18.0573
    20  5274   467  582590.00  2360470.00  21.344372  105.796501   -7.6191  -10.9330
    21  5211   473  581960.00  2360410.00  21.343859  105.790423   -5.2551  -13.2302
    22  5262   488  582470.00  2360260.00  21.342481  105.795333   -2.1288   -9.1901
    23  5295   491  582800.00  2360230.00  21.342195  105.798514  -14.3808  -22.5988
    24  5190   503  581750.00  2360110.00  21.341158  105.788383  -14.2719  -16.0304
    25  5121   506  581060.00  2360080.00  21.340918  105.781728   -9.5897  -16.4744
    26  5712   506  586970.00  2360080.00  21.340643  105.838718   -9.9441  -18.1049
    27  5208   506  581930.00  2360080.00  21.340879  105.790117  -10.0510   -9.5704
    28  5274   521  582590.00  2359930.00  21.339494  105.796475   -4.5998  -12.6163
    29  5895   521  588800.00  2359930.00  21.339199  105.856357   -7.4470  -15.4732
    31  5856   551  588410.00  2359630.00  21.336508  105.852581  -14.0622  -18.2395
    32  5229   578  582140.00  2359360.00  21.334365  105.792108  -12.4771  -14.3255
    34  5298   581  582830.00  2359330.00  21.334062  105.798760  -13.9309  -18.8953
    35  5157   587  581420.00  2359270.00  21.333584  105.785160   -6.7242  -17.4052
    36  5088   587  580730.00  2359270.00  21.333615  105.778507   -6.3555  -15.5596
    37  5859   593  588440.00  2359210.00  21.332712  105.852848  -10.9800  -17.2669
    38  5214   611  581990.00  2359030.00  21.331390  105.790645   -5.1466  -14.3062
    39  5049   632  580340.00  2358820.00  21.329567  105.774725  -11.0077  -15.4792
    41  5310   644  582950.00  2358700.00  21.328365  105.799886  -12.2825  -18.0475
    42  5034   650  580190.00  2358640.00  21.327947  105.773270  -13.2528  -17.9006
    43  5289   650  582740.00  2358640.00  21.327833  105.797858   -6.4245  -10.6040
    44  5727   659  587120.00  2358550.00  21.326814  105.840086   -8.6697  -11.7317
    45  5133   662  581180.00  2358520.00  21.326819  105.782810  -13.6299  -16.7009
    46  5391   671  583760.00  2358430.00  21.325888  105.807683   -4.5739  -11.9890
    47  5757   677  587420.00  2358370.00  21.325173  105.842969   -6.5224  -12.4676
    48  5226   680  582110.00  2358340.00  21.325151  105.791769   -3.3623  -12.5643
    49  5259   689  582440.00  2358250.00  21.324323  105.794946   -6.5283  -10.6827
    50  5373   698  583580.00  2358160.00  21.323457  105.805934  -13.6802  -22.0036
    51  5358   701  583430.00  2358130.00  21.323193  105.804486   -7.1319  -12.3034
    52  5139   701  581240.00  2358130.00  21.323293  105.783370   -8.3085  -13.2509
    53  5472   704  584570.00  2358100.00  21.322869  105.815476   -8.4493  -18.4520
    54  5385   704  583700.00  2358100.00  21.322910  105.807088  -13.1763  -18.7046
    55  5232   716  582170.00  2357980.00  21.321896  105.792330  -11.4238   -9.9172
    56  5259   734  582440.00  2357800.00  21.320257  105.794924  -10.7282  -13.4831
    57  5190   734  581750.00  2357800.00  21.320289  105.788272  -14.0582  -15.7605
    58  5343   737  583280.00  2357770.00  21.319948  105.803022  -12.5729  -18.6032
    59  5142   749  581270.00  2357650.00  21.318955  105.783636   -8.0085  -14.2879
    60  5475   752  584600.00  2357620.00  21.318531  105.815742  -11.9328  -18.7914
    61  5220   758  582050.00  2357560.00  21.318107  105.791153   -6.2151   -8.4636
    62  5013   761  579980.00  2357530.00  21.317928  105.771193  -13.0978  -14.9252
    63  5340   761  583250.00  2357530.00  21.317781  105.802721  -13.0796  -17.6365
    64  5181   770  581660.00  2357440.00  21.317040  105.787387  -14.5614  -19.3429
    65  5364   773  583490.00  2357410.00  21.316686  105.805029   -8.6765   -9.8120
    66  5070   779  580550.00  2357350.00  21.316277  105.776680   -7.6873  -13.6719
    67  5136   779  581210.00  2357350.00  21.316247  105.783043   -7.0869  -10.3533
    68  5517   779  585020.00  2357350.00  21.316072  105.819778  -10.5652  -18.1824
    69  5118   782  581030.00  2357320.00  21.315984  105.781307   -9.6448  -13.8390
    70  5148   806  581330.00  2357080.00  21.313803  105.784188  -13.1795  -15.6955
    71  5310   812  582950.00  2357020.00  21.313187  105.799804   -8.4768   -9.5913
    73  4929   818  579140.00  2356960.00  21.312816  105.763067   -9.5521  -17.5299
    74  5199   839  581840.00  2356750.00  21.310798  105.789089  -10.3053  -18.4112
    76  5325   857  583100.00  2356570.00  21.309115  105.801228   -1.8460  -10.0549
    77  5223   860  582080.00  2356540.00  21.308890  105.791392  -10.1933  -19.0295
    78  5340   869  583250.00  2356450.00  21.308024  105.802668  -14.5068  -18.3210
    79  5193   869  581780.00  2356450.00  21.308091  105.788496   -8.6934  -14.1165
    80  4914   878  578990.00  2356360.00  21.307402  105.761593  -11.2282  -16.5419
    81  5691   881  586760.00  2356330.00  21.306775  105.836501  -10.1621  -16.1045
    82  5262   881  582470.00  2356330.00  21.306975  105.795142   -9.0666  -12.8640
    83  5355   881  583400.00  2356330.00  21.306933  105.804108   -9.5469  -14.0964
    84  5133   884  581180.00  2356300.00  21.306763  105.782704   -6.6516   -7.7854
    85  5223   884  582080.00  2356300.00  21.306722  105.791381  -12.4002  -18.2860
    86  5571   887  585560.00  2356270.00  21.306290  105.824929   -8.8998  -16.7525
    87  5412   896  583970.00  2356180.00  21.305551  105.809596   -9.1941  -11.6326
    88  5535   896  585200.00  2356180.00  21.305494  105.821454   -6.4306  -12.5071
    89  5340   899  583250.00  2356150.00  21.305313  105.802653  -14.5896  -19.6495
    90  5166   899  581510.00  2356150.00  21.305393  105.785878   -2.0007   -6.4003
    91  5682   899  586670.00  2356150.00  21.305153  105.835625   -4.0554  -12.5290
    92  5250   905  582350.00  2356090.00  21.304813  105.793974  -10.7736  -17.5710
    93  5688   908  586730.00  2356060.00  21.304337  105.836198  -11.6115  -16.0401
    94  5007   911  579920.00  2356030.00  21.304379  105.770544   -9.3431  -13.2887
    95  5673   923  586580.00  2355910.00  21.302989  105.834745   -9.7881  -15.4024
    96  5235   926  582200.00  2355880.00  21.302922  105.792517  -12.9822  -18.3037
    97  5643   926  586280.00  2355880.00  21.302732  105.831851  -10.9135  -14.2414
    98  5160   932  581450.00  2355820.00  21.302414  105.785284   -1.9525   -7.4011
    99  5586   935  585710.00  2355790.00  21.301946  105.826351  -13.8768  -23.8931
   100  5118   935  581030.00  2355790.00  21.302162  105.781233   -5.5397  -13.4089
   101  5271   938  582560.00  2355760.00  21.301822  105.795982  -15.6372  -14.1447
   102  5412   941  583970.00  2355730.00  21.301486  105.809574   -9.9674  -12.6071
   103  5178   941  581630.00  2355730.00  21.301593  105.787015   -9.5783   -7.9751
   104  5148   956  581330.00  2355580.00  21.300251  105.784116   -8.1785  -16.3439
   105  5592   959  585770.00  2355550.00  21.299775  105.826918   -1.8267   -9.0518
   106  5136   971  581210.00  2355430.00  21.298901  105.782952   -8.0067  -14.0145
   107  5598   980  585830.00  2355340.00  21.297875  105.827485   -8.2100  -10.9805
   108  5691   986  586760.00  2355280.00  21.297289  105.836448  -12.8578  -16.5875
   109  5100   986  580850.00  2355280.00  21.297562  105.779474   -9.6916  -17.4679
   110  5538   989  585230.00  2355250.00  21.297090  105.821697   -7.8642  -15.0413
   111  5187   995  581720.00  2355190.00  21.296710  105.787857   -4.9772  -13.9787
   112  5049   998  580340.00  2355160.00  21.296501  105.774552  -10.1581  -12.8405
   113  5628  1001  586130.00  2355130.00  21.295964  105.830367  -14.4440  -20.1653
   114  5166  1004  581510.00  2355100.00  21.295906  105.785828   -9.9807  -13.8838
   116  5622  1034  586070.00  2354800.00  21.292985  105.829772  -11.8084  -14.2745
   117  5571  1046  585560.00  2354680.00  21.291925  105.824849  -13.8716  -20.9010
   118  5682  1052  586670.00  2354620.00  21.291330  105.835546  -10.4795  -12.4587
   119  5343  1061  583280.00  2354530.00  21.290676  105.802863  -12.1886  -15.8580
   120  5556  1094  585410.00  2354200.00  21.287596  105.823379  -13.3253  -17.9431
   121  5214  1115  581990.00  2353990.00  21.285856  105.790402   -8.6001  -15.8212
   122  5265  1115  582500.00  2353990.00  21.285833  105.795318  -11.3122  -11.7977
   123  5394  1121  583790.00  2353930.00  21.285232  105.807750  -16.6362  -18.3123
   124  5610  1127  585950.00  2353870.00  21.284589  105.828568   -8.0260  -12.7520
   125  5436  1136  584210.00  2353780.00  21.283857  105.811791  -16.2326  -19.1716
   126  5616  1154  586010.00  2353600.00  21.282147  105.829132  -13.0887  -17.3516
   127  5670  1157  586550.00  2353570.00  21.281850  105.834336   -9.7191  -14.2519
   128  5586  1157  585710.00  2353570.00  21.281890  105.826239   -6.7605  -15.4145
   129  5430  1166  584150.00  2353480.00  21.281150  105.811198  -15.0549  -19.2656
   130  5508  1169  584930.00  2353450.00  21.280842  105.818715  -11.9505  -17.5036
   131  5550  1169  585350.00  2353450.00  21.280823  105.822763   -7.7105  -13.2326
   132  5616  1178  586010.00  2353360.00  21.279978  105.829120  -14.7291  -19.5357
   133  5517  1178  585020.00  2353360.00  21.280025  105.819578   -8.2865  -12.1686
   134  5457  1196  584420.00  2353180.00  21.278427  105.813785   -9.3791  -13.6596
   135  5655  1205  586400.00  2353090.00  21.277521  105.832866   -9.7115  -14.8500
   136  5634  1208  586190.00  2353060.00  21.277260  105.830840  -11.8171  -15.4679
   137  5628  1211  586130.00  2353030.00  21.276991  105.830260   -8.7260  -14.8124
   138  5022  1214  580070.00  2353000.00  21.276998  105.771847  -10.6459  -15.8952
   139  5361  1214  583460.00  2353000.00  21.276845  105.804523   -7.1536  -10.7944
   140  5460  1238  584450.00  2352760.00  21.274631  105.814054  -12.7201  -19.4189
   141  5433  1253  584180.00  2352610.00  21.273289  105.811444  -13.7232  -17.5857
   142  5349  1256  583340.00  2352580.00  21.273056  105.803346   -7.3942  -15.8905
   143  5427  1262  584120.00  2352520.00  21.272478  105.810861  -14.2135  -16.0217
   144  5379  1280  583640.00  2352340.00  21.270874  105.806225  -10.5882  -15.1132
   145  5436  1301  584210.00  2352130.00  21.268951  105.811709  -12.4793  -17.2866
   146  5547  1313  585320.00  2352010.00  21.267815  105.822402   -9.0080  -16.5198
   147  5652  1322  586370.00  2351920.00  21.266952  105.832517  -11.7351  -21.1568
   148  5667  1340  586520.00  2351740.00  21.265318  105.833954  -14.2642  -17.3806
   149  4731  1340  577160.00  2351740.00  21.265741  105.743740   -7.9856  -17.7306
   150  5457  1358  584420.00  2351560.00  21.263791  105.813705  -10.2964  -14.9354
   151  5457  1394  584420.00  2351200.00  21.260539  105.813687   -6.9233  -13.5046
   152  5634  1406  586190.00  2351080.00  21.259371  105.830740  -12.6529  -15.1102
   153  5985  1415  589700.00  2350990.00  21.258388  105.864563  -17.6968  -18.7420
   154  4617  1511  576020.00  2350030.00  21.250340  105.732676   -7.8546  -14.7181
   155  1128  1544  541130.00  2349700.00  21.248484  105.396409   -8.5064  -13.7943
   156  6081  1592  590660.00  2349220.00  21.242350  105.873721   -6.2992  -16.0656
   158   744  1721  537290.00  2347930.00  21.232575  105.359361  -14.8592  -19.9798
   159   876  1748  538610.00  2347660.00  21.230107  105.372076   -9.8597  -13.7892
   160  5790  1757  587750.00  2347570.00  21.227586  105.845594  -13.5606  -14.8181
   161   684  1826  536690.00  2346880.00  21.223100  105.353556   -3.2520   -9.6712
   162  4977  1958  579620.00  2345560.00  21.209801  105.767161  -10.1343  -15.6171
   163   984  2003  539690.00  2345110.00  21.207044  105.382424  -10.5038  -14.3054
   164  5397  2021  583820.00  2344930.00  21.203920  105.807596   -8.2086  -17.1908
   165  4341  2069  573260.00  2344450.00  21.200039  105.705837   -8.7620  -13.2893
   166   738  2108  537230.00  2344060.00  21.197609  105.358698   -9.1961  -12.7522
   167   903  2129  538880.00  2343850.00  21.195677  105.374591  -12.2284  -17.5964
   168   825  2165  538100.00  2343490.00  21.192441  105.367068  -10.7070  -16.7990
   169  1131  2165  541160.00  2343490.00  21.192375  105.396548   -9.0929  -16.3317
   170  5700  2189  586850.00  2343250.00  21.188600  105.836702   -7.0342  -13.9937
   171   837  2201  538220.00  2343130.00  21.189186  105.368216   -7.9969  -12.6754
   172  5280  2216  582650.00  2342980.00  21.186356  105.796229   -9.8802  -14.7887
   173  1005  2321  539900.00  2341930.00  21.178308  105.384373  -10.8689  -15.3961
   174  1002  2330  539870.00  2341840.00  21.177495  105.384082   -8.7947  -12.3521
   175   747  2336  537320.00  2341780.00  21.177007  105.359516   -8.4217  -14.4833
   176  5706  2381  586910.00  2341330.00  21.171251  105.837182   -4.4556  -19.2129
   177   573  2399  535580.00  2341150.00  21.171350  105.342741   -8.7104  -14.0158
   178   399  2420  533840.00  2340940.00  21.169485  105.325976   -8.5666  -12.0569
   179  1440  2453  544250.00  2340610.00  21.166281  105.426243  -11.9868  -14.9050
   180   546  2453  535310.00  2340610.00  21.166476  105.340129  -12.1789  -21.7021
   181  1437  2468  544220.00  2340460.00  21.164926  105.425950   -6.8032  -17.4917
   182  1029  2471  540140.00  2340430.00  21.164750  105.386650   -7.1964  -15.1292
   183   555  2486  535400.00  2340280.00  21.163492  105.340989   -9.9755  -15.2379
   184  1143  2522  541280.00  2339920.00  21.160116  105.397618   -7.4465  -21.5845
   185   426  2534  534110.00  2339800.00  21.159180  105.328554   -9.7073  -20.0956
   186   582  2549  535670.00  2339650.00  21.157795  105.343577  -10.1856  -14.3900
   187  1224  2591  542090.00  2339230.00  21.153863  105.405403   -4.4932  -12.9930
   188   747  2612  537320.00  2339020.00  21.152070  105.359456   -6.5654  -14.1130
   189   453  2618  534380.00  2338960.00  21.151585  105.331137  -12.2243  -12.0056
   190  3267  2660  562520.00  2338540.00  21.147043  105.602149   -8.0857  -12.4865
   191  1836  2669  548210.00  2338450.00  21.146664  105.464327   -9.1182  -15.1189
   192  1056  2672  540410.00  2338420.00  21.146583  105.389203   -7.9810  -13.8673
   193   498  2681  534830.00  2338330.00  21.145885  105.335459   -7.4638  -12.1706
   194   708  2684  536930.00  2338300.00  21.145572  105.355684  -10.8582  -15.8761
   195   525  2684  535100.00  2338300.00  21.145608  105.338059  -10.4035  -16.4810
   196   303  2687  532880.00  2338270.00  21.145379  105.316677  -10.6548  -16.3615
   197  1065  2687  540500.00  2338270.00  21.145225  105.390066   -8.0237  -14.0235
   198  1044  2693  540290.00  2338210.00  21.144688  105.388042   -8.3240  -21.0432
   199  2745  2699  557300.00  2338150.00  21.143691  105.551862   -8.2981  -11.3361
   200   525  2699  535100.00  2338150.00  21.144253  105.338056   -7.6623  -12.9674
   201   369  2702  533540.00  2338120.00  21.144011  105.323030   -8.2764  -18.7129
   202   894  2705  538790.00  2338090.00  21.143636  105.373593  -10.2670  -15.2563
   203   912  2705  538970.00  2338090.00  21.143632  105.375326   -7.1604  -17.0169
   204  1275  2711  542600.00  2338030.00  21.143009  105.410285  -11.9358  -17.4358
   205  5931  2717  589160.00  2337970.00  21.140787  105.858679   -8.6669  -13.0174
   206   738  2723  537230.00  2337910.00  21.142042  105.358565   -9.7256  -17.0846
   207   786  2726  537710.00  2337880.00  21.141761  105.363187  -10.3680  -16.6193
   208  1809  2735  547940.00  2337790.00  21.140708  105.461708  -14.1976  -20.5922
   209  1359  2741  543440.00  2337730.00  21.140279  105.418368  -13.1863  -13.6217
   210  3456  2744  564410.00  2337700.00  21.139388  105.620320   -8.8675  -14.0583
   211  1818  2747  548030.00  2337670.00  21.139622  105.462571  -11.4638  -16.3937
   212  4764  2753  577490.00  2337610.00  21.138067  105.746279   -8.3667  -15.5113
   213   681  2753  536660.00  2337610.00  21.139343  105.353069   -9.6130  -17.3826
   214  1038  2753  540230.00  2337610.00  21.139268  105.387450   -8.4303  -13.0384
   215  1944  2759  549290.00  2337550.00  21.138504  105.474702   -8.7027  -15.3279
   216  3639  2762  566240.00  2337520.00  21.137697  105.637936   -8.4708  -15.1374
   217  1002  2768  539870.00  2337460.00  21.137921  105.383980  -11.7424  -17.2507
   218  1050  2786  540350.00  2337280.00  21.136284  105.388598  -10.0946  -13.2994
   219  3414  2792  563990.00  2337220.00  21.135066  105.616257   -9.1984  -11.9326
   220   456  2798  534410.00  2337160.00  21.135321  105.331390   -8.7088  -14.4387
   221  2355  2822  553400.00  2336920.00  21.132696  105.514264   -9.1485  -19.1457
   222  1593  2834  545780.00  2336800.00  21.131819  105.440879  -12.3781  -14.9024
   223   345  2834  533300.00  2336800.00  21.132089  105.320693  -14.8352  -20.6670
   224  1044  2834  540290.00  2336800.00  21.131948  105.388009   -9.8714  -15.2576
   225   648  2837  536330.00  2336770.00  21.131760  105.349873   -9.6131  -15.6703
   226   516  2846  535010.00  2336680.00  21.130973  105.337159   -9.6644  -16.6315
   227   501  2858  534860.00  2336560.00  21.129891  105.335712   -6.8295  -15.7726
   228  3906  2864  568910.00  2336500.00  21.128382  105.663608   -8.6880  -15.9678
   229   309  2870  532940.00  2336440.00  21.128843  105.317220   -7.2453   -9.7110
   230   420  2879  534050.00  2336350.00  21.128009  105.327907  -12.1109  -18.2791
   231  6057  2879  590420.00  2336350.00  21.126089  105.870727   -6.6148  -12.7433
   232  3492  2903  564770.00  2336110.00  21.125010  105.623727   -8.2762  -11.1848
   233  1413  2909  543980.00  2336050.00  21.125087  105.423525   -6.4966  -14.4434
   234  1857  2912  548420.00  2336020.00  21.124703  105.466280   -9.7201  -11.9067
   235   684  2927  536690.00  2335870.00  21.123621  105.353320  -10.7306  -15.4595
   236  3552  2930  565370.00  2335840.00  21.122549  105.629494   -6.6751  -15.9314
   237  1653  2960  546380.00  2335540.00  21.120419  105.446623   -9.0551  -17.2200
   238   570  2963  535550.00  2335510.00  21.120391  105.342335   -4.9499  -14.1269
   239   867  2963  538520.00  2335510.00  21.120331  105.370934  -14.9169  -16.9052
   240   441  2981  534260.00  2335330.00  21.118789  105.329909   -5.1935  -11.4081
   241  5457  3002  584420.00  2335120.00  21.115264  105.812892   -8.4029  -17.7358
   242  1539  3002  545240.00  2335120.00  21.116653  105.435634   -2.7067  -15.3380
   243  1533  3005  545180.00  2335090.00  21.116383  105.435056   -8.8539  -14.3126
   244   441  3008  534260.00  2335060.00  21.116350  105.329904   -6.9251  -10.4147
   245   405  3011  533900.00  2335030.00  21.116085  105.326437  -11.7908  -15.7432
   246   399  3017  533840.00  2334970.00  21.115544  105.325858   -6.5118  -16.1427
   247  4767  3044  577520.00  2334700.00  21.111775  105.746437   -7.7469  -17.8645
   248   438  3050  534230.00  2334640.00  21.112555  105.329606   -5.4446  -15.8284
   249   816  3056  538010.00  2334580.00  21.111939  105.366003   -9.7362  -13.4067
   250   960  3059  539450.00  2334550.00  21.111637  105.379868   -6.8576  -18.2501
   251  2001  3059  549860.00  2334550.00  21.111383  105.480104   -8.4587  -16.1120
   252  1794  3062  547790.00  2334520.00  21.111167  105.460172   -7.5139  -12.5052
   253   972  3071  539570.00  2334430.00  21.110550  105.381021  -10.4599  -14.5662
   254   456  3077  534410.00  2334370.00  21.110112  105.331334   -7.9058  -17.8025
   255   423  3080  534080.00  2334340.00  21.109848  105.328156   -6.4429  -13.9607
   256   435  3083  534200.00  2334310.00  21.109574  105.329311   -8.3671  -15.0680
   257  5472  3098  584570.00  2334160.00  21.106583  105.814289   -7.9358  -21.1438
   258  5628  3104  586130.00  2334100.00  21.105968  105.829306  -11.4757  -12.8777
   259  1830  3107  548150.00  2334070.00  21.107092  105.463626   -8.9691  -11.5596
   260   675  3113  536600.00  2334010.00  21.106817  105.352414   -2.2181  -12.5421
   261   675  3125  536600.00  2333890.00  21.105733  105.352411   -6.9159  -11.7562
   262   768  3137  537530.00  2333770.00  21.104630  105.361363   -8.7014  -10.6606
   263  1011  3155  539960.00  2333590.00  21.102952  105.384756   -9.9523  -10.0331
   264  1518  3161  545030.00  2333530.00  21.102292  105.433570   -9.5666  -12.7355
   265  1833  3164  548180.00  2333500.00  21.101941  105.463898   -9.6679  -14.0580
   266  4062  3167  570470.00  2333470.00  21.100947  105.678506   -9.9052  -13.5334
   267   729  3173  537140.00  2333410.00  21.101385  105.357600  -13.1745  -15.8108
   268  1026  3173  540110.00  2333410.00  21.101322  105.386196  -13.1068  -25.8843
   269   648  3182  536330.00  2333320.00  21.100588  105.349799   -5.2472  -15.3170
   270  4083  3185  570680.00  2333290.00  21.099313  105.680520   -6.8952  -14.4651
   271  3840  3191  568250.00  2333230.00  21.098863  105.657122   -7.6905  -14.7541
   272   645  3191  536300.00  2333230.00  21.099776  105.349509   -2.3818  -10.4214
   273   708  3194  536930.00  2333200.00  21.099492  105.355574   -8.7681  -12.9578
   274  1059  3203  540440.00  2333110.00  21.098605  105.389367  -11.1836  -12.1823
   275  3924  3224  569090.00  2332900.00  21.095850  105.665196  -12.6028  -17.3961
   276  1230  3227  542150.00  2332870.00  21.096397  105.405825  -11.3115  -14.0530
   277   843  3227  538280.00  2332870.00  21.096483  105.368565   -8.2995  -14.6722
   278  1233  3230  542180.00  2332840.00  21.096126  105.406113   -4.7076  -16.2819
   279   393  3236  533780.00  2332780.00  21.095758  105.325237  -14.5910  -16.0990
   280   714  3239  536990.00  2332750.00  21.095425  105.356142  -14.9751  -17.9976
   281   465  3239  534500.00  2332750.00  21.095473  105.332168   -9.4707  -14.5045
   282   792  3245  537770.00  2332690.00  21.094867  105.363650   -8.2126  -14.2904
   283   474  3245  534590.00  2332690.00  21.094930  105.333034   -9.7828  -14.7123
   284  5697  3248  586820.00  2332660.00  21.092926  105.835876   -5.5675  -16.3528
   285   435  3248  534200.00  2332660.00  21.094666  105.329278   -6.2505   -8.9789
   286   819  3251  538040.00  2332630.00  21.094319  105.366248   -4.9954  -16.2725
   287   654  3254  536390.00  2332600.00  21.094082  105.350362    0.2167   -5.8166
   288   972  3254  539570.00  2332600.00  21.094016  105.380978  -12.9482  -22.3143
   289   699  3254  536840.00  2332600.00  21.094073  105.354694    4.5917   -3.4603
   290  1323  3260  543080.00  2332540.00  21.093394  105.414770   -7.5497  -18.6771
   291   993  3260  539780.00  2332540.00  21.093469  105.382999  -11.3739  -15.9771
   292   699  3260  536840.00  2332540.00  21.093530  105.354693    3.0555   -1.1550
   293   630  3263  536150.00  2332510.00  21.093273  105.348049  -10.7199  -15.8789
   294  1725  3263  547100.00  2332510.00  21.093024  105.453473  -11.9130  -16.6468
   295   771  3275  537560.00  2332390.00  21.092160  105.361622   -9.4665  -16.7861
   296   651  3275  536360.00  2332390.00  21.092185  105.350069   -8.5437  -10.0613
   297  3555  3281  565400.00  2332330.00  21.090835  105.629649   -7.9540  -12.7779
   298  4968  3287  579530.00  2332270.00  21.089734  105.765677  -10.1903  -15.3982
   299   867  3287  538520.00  2332270.00  21.091056  105.370862   -1.8108   -8.0280
   300   561  3287  535460.00  2332270.00  21.091118  105.341401  -12.5923  -18.2693
   301   687  3290  536720.00  2332240.00  21.090822  105.353531   -4.9101  -10.9518
   302   735  3290  537200.00  2332240.00  21.090813  105.358153   -9.7325  -13.1298
   303   588  3296  535730.00  2332180.00  21.090300  105.343999  -13.3626  -17.0546
   304  1551  3299  545360.00  2332150.00  21.089815  105.436711   -4.7626  -15.8731
   305   594  3302  535790.00  2332120.00  21.089756  105.344575  -11.6981  -17.3949
   306  1086  3305  540710.00  2332090.00  21.089383  105.391942   -1.0472  -10.5804
   307  6306  3308  592910.00  2332060.00  21.087206  105.894471  -12.9861  -12.7356
   308   576  3311  535610.00  2332030.00  21.088947  105.342840   -7.4839  -15.2131
   309  1095  3311  540800.00  2332030.00  21.088838  105.392807  -12.3998  -19.7674
   310  6384  3317  593690.00  2331970.00  21.086354  105.901974   -9.8448  -16.7990
   311  1242  3317  542270.00  2331970.00  21.088263  105.406958   -8.0817  -24.2398
   312  1116  3323  541010.00  2331910.00  21.087749  105.394826  -13.7301  -13.8252
   313  4662  3323  576470.00  2331910.00  21.086612  105.736203   -7.0048  -13.0850
   314  6390  3329  593750.00  2331850.00  21.085266  105.902545   -7.4182  -17.7527
   315   834  3329  538190.00  2331850.00  21.087268  105.367675  -12.9164  -18.1356
   316   777  3332  537620.00  2331820.00  21.087009  105.362187  -10.9856  -14.4330
   317   699  3332  536840.00  2331820.00  21.087025  105.354678   -2.2244   -7.3090
   318   564  3341  535490.00  2331730.00  21.086238  105.341679   -8.1900   -9.9596
   319   942  3341  539270.00  2331730.00  21.086161  105.378070  -13.5599  -24.5351
   320   903  3344  538880.00  2331700.00  21.085898  105.374315   -9.4426  -19.5782
   321  6336  3344  593210.00  2331700.00  21.083939  105.897339   -6.9253  -16.0641
   322   981  3344  539660.00  2331700.00  21.085882  105.381824   -9.9564  -14.2634
   323  6759  3347  597440.00  2331670.00  21.083447  105.938056   -6.8080  -14.0204
   324  1644  3350  546290.00  2331640.00  21.085184  105.445651   -8.1221  -18.5198
   325   978  3353  539630.00  2331610.00  21.085069  105.381533  -13.5643  -21.7618
   326   924  3353  539090.00  2331610.00  21.085081  105.376334   -8.9080  -12.9291
   327  1353  3356  543380.00  2331580.00  21.084713  105.417634  -10.6531  -13.4632
   328   819  3356  538040.00  2331580.00  21.084832  105.366225  -16.0199  -23.7320
   329   507  3356  534920.00  2331580.00  21.084894  105.336188   -7.2644  -13.0872
   330   555  3359  535400.00  2331550.00  21.084614  105.340809   -9.1109  -12.8463
   331  1056  3359  540410.00  2331550.00  21.084510  105.389041  -10.5461  -14.7532
   332   957  3362  539420.00  2331520.00  21.084261  105.379509  -10.3398  -12.4627
   333   735  3365  537200.00  2331490.00  21.084036  105.358136  -13.9951  -12.4473
   334   927  3368  539120.00  2331460.00  21.083725  105.376620  -10.1481  -15.4675
   335  1368  3368  543530.00  2331460.00  21.083625  105.419075  -11.5290  -17.7732
   336   786  3371  537710.00  2331430.00  21.083483  105.363045  -11.0534  -16.6323
   337  1056  3377  540410.00  2331370.00  21.082884  105.389037   -9.5649  -17.3898
   338   474  3377  534590.00  2331370.00  21.083003  105.333007   -7.9882  -16.5798
   339   813  3377  537980.00  2331370.00  21.082936  105.365643   -9.7742  -13.8897
   340  1050  3380  540350.00  2331340.00  21.082614  105.388458   -6.6001  -15.4841
   341   855  3383  538400.00  2331310.00  21.082385  105.369685   -7.7515  -13.1401
   342  4491  3386  574760.00  2331280.00  21.080990  105.719713  -10.5592  -11.3181
   343   792  3389  537770.00  2331250.00  21.081856  105.363619   -7.7296  -13.0967
   344  1896  3389  548810.00  2331250.00  21.081595  105.469900   -9.3243  -15.3239
   345  2190  3389  551750.00  2331250.00  21.081514  105.498203   -9.1641  -13.6242
   346   489  3392  534740.00  2331220.00  21.081645  105.334448   -6.2946  -11.4973
   347  4728  3392  577130.00  2331220.00  21.080350  105.742525   -5.8962  -20.5969
   348   855  3395  538400.00  2331190.00  21.081301  105.369682   -6.8572  -16.3842
   349   927  3395  539120.00  2331190.00  21.081285  105.376614   -7.4507  -15.0345
   350   855  3407  538400.00  2331070.00  21.080216  105.369680  -19.5837  -21.9578
   351   666  3410  536510.00  2331040.00  21.079984  105.351484   -5.8306  -13.4897
   352   492  3410  534770.00  2331040.00  21.080018  105.334733   -9.6131  -12.1478
   353   543  3419  535280.00  2330950.00  21.079195  105.339641   -3.8785  -10.2629
   354   630  3422  536150.00  2330920.00  21.078907  105.348016  -11.1538  -16.4109
   355  1011  3422  539960.00  2330920.00  21.078828  105.384694   -9.8683  -18.7077
   356  5091  3422  580760.00  2330920.00  21.077483  105.777454   -7.7863  -11.3596
   357  1185  3431  541700.00  2330830.00  21.077976  105.401443  -12.0860  -14.9676
   358   603  3437  535880.00  2330770.00  21.077557  105.345413   -6.6775  -14.5948
   359   858  3440  538430.00  2330740.00  21.077234  105.369961  -11.8778  -18.1515
   360  1503  3446  544880.00  2330680.00  21.076545  105.432052  -10.0532  -15.0123
   361  1500  3452  544850.00  2330620.00  21.076004  105.431761  -10.0114  -15.0618
   362   636  3452  536210.00  2330620.00  21.076195  105.348587   -5.9311   -9.8153
   363  1056  3455  540410.00  2330590.00  21.075836  105.389018  -16.3260  -21.2852
   364   819  3455  538040.00  2330590.00  21.075887  105.366203   -8.2877  -13.1175
   365  1071  3458  540560.00  2330560.00  21.075562  105.390462   -6.0534   -8.8783
   366   867  3464  538520.00  2330500.00  21.075064  105.370822  -12.3506  -17.5245
   367   651  3464  536360.00  2330500.00  21.075108  105.350029   -0.8982   -5.1284
   368   648  3464  536330.00  2330500.00  21.075108  105.349740   -1.8686   -5.6835
   369   702  3467  536870.00  2330470.00  21.074827  105.354938  -11.9892  -11.1496
   370  4860  3473  578450.00  2330410.00  21.072976  105.755195   -9.9403  -14.4052
   371  1077  3476  540620.00  2330380.00  21.073934  105.391035  -13.4130  -18.5565
   372  4998  3479  579830.00  2330350.00  21.072374  105.768476   -8.4729  -14.8923
   373   696  3479  536810.00  2330350.00  21.073744  105.354357    0.6860   -4.8204
   374  1077  3482  540620.00  2330320.00  21.073392  105.391034   -8.4769  -20.2992
   375   522  3482  535070.00  2330320.00  21.073507  105.337607   -2.9327   -8.8924
   376   621  3485  536060.00  2330290.00  21.073216  105.347136   -5.5458   -9.1749
   377   876  3488  538610.00  2330260.00  21.072893  105.371683  -14.6241  -17.6164
   378  4803  3488  577880.00  2330260.00  21.071645  105.749701  -10.5347  -10.5633
   379   867  3491  538520.00  2330230.00  21.072624  105.370816  -11.5317  -17.2777
   380  3765  3494  567500.00  2330200.00  21.071515  105.649783   -7.9528  -12.9188
   381   768  3503  537530.00  2330110.00  21.071560  105.361283   -7.2645  -12.1398
   382  5727  3503  587120.00  2330110.00  21.069874  105.838635  -10.6817  -18.1399
   383  5010  3506  579950.00  2330080.00  21.069929  105.769618   -8.7003  -14.7026
   384  5754  3506  587390.00  2330080.00  21.069590  105.841232   -9.2636  -10.8908
   385   669  3509  536540.00  2330050.00  21.071038  105.351752    6.2549   -2.7656
   386   645  3509  536300.00  2330050.00  21.071043  105.349442   -2.5577  -12.0708
   387  2004  3515  549890.00  2329990.00  21.070181  105.480261  -10.6360  -27.2545
   388   534  3515  535190.00  2329990.00  21.070523  105.338755   -6.8020  -11.1566
   389  4836  3518  578210.00  2329960.00  21.068920  105.752864  -13.7627  -18.4443
   390  1155  3524  541400.00  2329900.00  21.069580  105.398532  -12.3702  -14.4293
   391   552  3530  535370.00  2329840.00  21.069164  105.340485   -6.9849   -9.1483
   392  3867  3530  568520.00  2329840.00  21.068224  105.659587  -12.5587  -14.7016
   393   627  3530  536120.00  2329840.00  21.069149  105.347704   -2.4813   -8.9728
   394  2031  3533  550160.00  2329810.00  21.068548  105.482855  -14.0996  -16.1612
   395  3819  3536  568040.00  2329780.00  21.067700  105.654964   -7.0136  -13.2590
   396   669  3542  536540.00  2329720.00  21.068057  105.351745   -9.7512  -11.5583
   397  5928  3545  589130.00  2329690.00  21.065982  105.857960  -11.6748  -15.2748
   398  1101  3545  540860.00  2329690.00  21.067694  105.393329  -10.8916  -15.8963
   399  1776  3548  547610.00  2329660.00  21.067260  105.458304   -7.7715  -14.9847
   400   870  3548  538550.00  2329660.00  21.067473  105.371092  -13.5498  -18.3579
   401   558  3548  535430.00  2329660.00  21.067536  105.341059   -5.4498   -9.3531
   402  2832  3551  558170.00  2329630.00  21.066684  105.559952   -5.8663  -14.4425
   403   315  3551  533000.00  2329630.00  21.067311  105.317666   -6.5735  -15.3555
   404  1788  3551  547730.00  2329630.00  21.066986  105.459458   -9.7051  -18.4466
   405  1149  3554  541340.00  2329600.00  21.066870  105.397947  -10.3490  -16.2531
   406   852  3554  538370.00  2329600.00  21.066935  105.369358   -6.3078  -12.6098
   407  1032  3560  540170.00  2329540.00  21.066354  105.386684   -6.7681  -12.8813
   408   858  3560  538430.00  2329540.00  21.066392  105.369934   -9.0350  -15.8814
   409  5619  3563  586040.00  2329510.00  21.064504  105.828209   -8.1373  -13.5017
   410   753  3572  537380.00  2329420.00  21.065329  105.359824   -0.8703   -8.1700
   411   867  3578  538520.00  2329360.00  21.064763  105.370797   -6.2541  -17.3096
   412   957  3578  539420.00  2329360.00  21.064744  105.379460   -7.8281  -14.9336
   413  2559  3584  555440.00  2329300.00  21.063788  105.533663   -4.6929  -13.3261
   414   750  3587  537350.00  2329270.00  21.063974  105.359532   -0.5137   -6.5026
   415   729  3590  537140.00  2329240.00  21.063708  105.357510   -2.2803  -12.1424
   416   936  3590  539210.00  2329240.00  21.063664  105.377436  -13.3474  -17.6739
   417   963  3593  539480.00  2329210.00  21.063388  105.380034   -7.0528  -14.4743
   418  3828  3599  568130.00  2329150.00  21.062005  105.655805  -10.1878  -13.5615
   419  4839  3599  578240.00  2329150.00  21.061601  105.753116   -8.9037  -14.4802
   420   603  3599  535880.00  2329150.00  21.062919  105.345380   -2.9199  -11.1465
   421   951  3602  539360.00  2329120.00  21.062577  105.378877  -12.9435  -16.3314
   422   780  3602  537650.00  2329120.00  21.062613  105.362417  -13.2827  -21.7724
   423   867  3605  538520.00  2329090.00  21.062324  105.370791  -12.2227  -17.0799
   424  3159  3605  561440.00  2329090.00  21.061699  105.591409  -10.6899  -14.9162
   425   873  3605  538580.00  2329090.00  21.062323  105.371368  -13.8728  -21.6148
   426  1506  3605  544910.00  2329090.00  21.062178  105.432299  -12.6681  -17.5836
   427  1485  3608  544700.00  2329060.00  21.061912  105.430277   -9.9989  -14.5393
   428   849  3608  538340.00  2329060.00  21.062056  105.369057  -10.0303  -16.6955
   429   786  3611  537710.00  2329030.00  21.061798  105.362992   -6.0976  -16.3116
   430   918  3611  539030.00  2329030.00  21.061771  105.375698  -13.3949  -16.7255
   431   639  3611  536240.00  2329030.00  21.061828  105.348842   -8.1150  -11.9643
   432   798  3614  537830.00  2329000.00  21.061525  105.364147  -13.3475  -19.0837
   433  4761  3617  577460.00  2328970.00  21.060008  105.745601   -9.2142  -15.6551
   434  4770  3623  577550.00  2328910.00  21.059462  105.746464  -11.9153  -14.1818
   435  1746  3623  547310.00  2328910.00  21.060492  105.455396  -10.4340  -11.4159
   436  4851  3629  578360.00  2328850.00  21.058885  105.754258  -11.8664  -13.7348
   437   966  3635  539510.00  2328790.00  21.059592  105.380313  -12.7406  -16.6999
   438   468  3635  534530.00  2328790.00  21.059693  105.332378  -12.8313  -16.7548
   439   648  3635  536330.00  2328790.00  21.059658  105.349704   -1.3079   -9.4779
   440   441  3638  534260.00  2328760.00  21.059427  105.329778   -3.6652   -7.1017
   441  4833  3638  578180.00  2328760.00  21.058080  105.752521   -8.3372  -16.4118
   442   663  3641  536480.00  2328730.00  21.059113  105.351146   -1.5601  -10.7880
   443   537  3641  535220.00  2328730.00  21.059137  105.339018   -8.6815  -14.8325
   444   918  3641  539030.00  2328730.00  21.059060  105.375691  -15.2389  -17.0849
   445  1080  3644  540650.00  2328700.00  21.058754  105.391284   -8.9198  -12.7568
   446  5001  3647  579860.00  2328670.00  21.057194  105.768687   -9.8772  -12.1446
   447   414  3650  533990.00  2328640.00  21.058347  105.327177   -3.3584   -9.3872
   448   264  3656  532490.00  2328580.00  21.057832  105.312737   -9.1006  -13.8615
   449   450  3656  534350.00  2328580.00  21.057799  105.330641   -3.4274   -6.8168
   450  4842  3656  578270.00  2328580.00  21.056450  105.753379   -4.1810  -13.4720
   451   954  3659  539390.00  2328550.00  21.057426  105.379153   -9.8711  -14.9470
   452   729  3665  537140.00  2328490.00  21.056931  105.357494   -2.6652   -8.5948
   453   663  3668  536480.00  2328460.00  21.056673  105.351141   -2.0490  -11.7561
   454  2127  3677  551120.00  2328370.00  21.055510  105.492053   -8.5850  -14.4579
   455   783  3686  537680.00  2328280.00  21.055023  105.362687    0.1441   -4.7858
   456  2130  3686  551150.00  2328280.00  21.054696  105.492339   -6.7316  -17.8592
   457  1707  3695  546920.00  2328190.00  21.053996  105.451622   -5.5067  -12.5247
   458   210  3695  531950.00  2328190.00  21.054318  105.307532  -10.4526  -19.0027
   459   975  3695  539600.00  2328190.00  21.054169  105.381166   -8.2918  -14.6637
   460   537  3698  535220.00  2328160.00  21.053987  105.339006   -8.5605  -15.5683
   461   693  3698  536780.00  2328160.00  21.053957  105.354022   -0.6975  -10.6706
   462   735  3701  537200.00  2328130.00  21.053677  105.358064   -0.6150   -8.3352
   463   606  3704  535910.00  2328100.00  21.053432  105.345647   -4.9326  -10.2802
   464   747  3707  537320.00  2328070.00  21.053132  105.359217    0.1118   -6.9565
   465   876  3710  538610.00  2328040.00  21.052835  105.371633  -13.5884  -16.0394
   466   600  3716  535850.00  2327980.00  21.052349  105.345067   -6.8623  -13.2076
   467   741  3716  537260.00  2327980.00  21.052321  105.358638   -3.3660   -2.7766
   468  1053  3719  540380.00  2327950.00  21.051983  105.388668   -7.2145  -11.8080
   469  1050  3722  540350.00  2327920.00  21.051713  105.388378   -9.7489  -13.1688
   470   918  3722  539030.00  2327920.00  21.051742  105.375673  -20.3906  -26.4810
   471   939  3728  539240.00  2327860.00  21.051195  105.377693  -13.8917  -21.0440
   472  2226  3728  552110.00  2327860.00  21.050874  105.501566   -8.3813  -13.7466
   473   627  3731  536120.00  2327830.00  21.050988  105.347662  -11.0364  -19.7276
   474   840  3731  538250.00  2327830.00  21.050945  105.368164  -14.2423  -21.3137
   475   945  3734  539300.00  2327800.00  21.050652  105.378269  -14.1461  -15.3475
   476   504  3734  534890.00  2327800.00  21.050741  105.335823   -5.2384   -7.5257
   477  4890  3737  578750.00  2327770.00  21.049111  105.757962   -6.2092  -14.2900
   478  2385  3737  553700.00  2327770.00  21.050015  105.516867   -3.8278  -13.2948
   479   681  3737  536660.00  2327770.00  21.050435  105.352858   -9.8598  -15.9372
   480  1686  3737  546710.00  2327770.00  21.050207  105.449589   -9.6871  -19.1168
   481  1080  3737  540650.00  2327770.00  21.050351  105.391262  -13.0216  -18.4436
   482  6852  3743  598370.00  2327710.00  21.047622  105.946782   -9.4124  -13.1994
   483  6849  3749  598340.00  2327650.00  21.047081  105.946490  -11.2168  -14.3913
   484  1035  3752  540200.00  2327620.00  21.049006  105.386927   -8.3246  -15.6037
   485  1071  3755  540560.00  2327590.00  21.048727  105.390392  -16.5827  -25.3339
   486   849  3755  538340.00  2327590.00  21.048774  105.369024   -4.6970  -11.4747
   487   717  3758  537020.00  2327560.00  21.048530  105.356319    0.2776   -6.5337
   488  4845  3758  578300.00  2327560.00  21.047233  105.753621   -8.1137  -15.4200
   489   822  3761  538070.00  2327530.00  21.048238  105.366424   -0.7251   -9.0981
   490  6858  3761  598430.00  2327530.00  21.045992  105.947349   -8.3540  -16.4326
   491  1050  3761  540350.00  2327530.00  21.048189  105.388369   -9.4100  -17.1396
   492   558  3764  535430.00  2327500.00  21.048020  105.341014    1.7183   -7.9394
   493   717  3770  537020.00  2327440.00  21.047446  105.356316   -5.2827  -12.4129
   494  2472  3773  554570.00  2327410.00  21.046737  105.525229   -9.5971  -16.0406
   495   927  3776  539120.00  2327380.00  21.046861  105.376527  -11.8114  -16.2506
   496  1347  3776  543320.00  2327380.00  21.046766  105.416951   -9.1196  -15.7822
   497  1152  3779  541370.00  2327350.00  21.046540  105.398182   -6.5466  -15.9033
   498   954  3779  539390.00  2327350.00  21.046584  105.379125  -13.6577  -14.3654
   499   906  3782  538910.00  2327320.00  21.046323  105.374505  -16.0901  -14.8976
   500  1689  3785  546740.00  2327290.00  21.045869  105.449865  -11.1148  -15.9519
   501   870  3788  538550.00  2327260.00  21.045788  105.371038  -13.9055  -19.1188
   502   900  3788  538850.00  2327260.00  21.045782  105.373926   -8.7290  -21.0899
   503  1206  3788  541910.00  2327260.00  21.045715  105.403377  -11.1503  -18.1097
   504   903  3791  538880.00  2327230.00  21.045510  105.374214  -10.6237  -16.7486
   505  1197  3791  541820.00  2327230.00  21.045446  105.402510   -9.5369  -13.1107
   506  1206  3791  541910.00  2327230.00  21.045444  105.403377   -8.2127  -14.7986
   507  1281  3794  542660.00  2327200.00  21.045155  105.410594   -5.2340   -9.5114
   508   933  3794  539180.00  2327200.00  21.045233  105.377101  -10.4607  -16.8382
   509  1167  3803  541520.00  2327110.00  21.044368  105.399620   -2.9981   -8.3021
   510   567  3806  535520.00  2327080.00  21.044223  105.341872   -7.0151   -9.6069
   511  1089  3806  540740.00  2327080.00  21.044115  105.392112  -10.6115  -16.3000
   512   840  3806  538250.00  2327080.00  21.044168  105.368147    0.3844   -7.4025
   513  1041  3809  540260.00  2327050.00  21.043854  105.387492   -6.8599  -11.8879
   514  2382  3809  553670.00  2327050.00  21.043511  105.516556   -7.6826  -13.8150
   515   474  3809  534590.00  2327050.00  21.043970  105.332920   -4.8741  -13.5636
   516   825  3809  538100.00  2327050.00  21.043900  105.366703   -4.9335   -9.1396
   517  2625  3812  556100.00  2327020.00  21.043167  105.539942  -10.7874  -18.6476
   518  1281  3812  542660.00  2327020.00  21.043529  105.410590  -11.3007  -13.1890
   519  6729  3812  597140.00  2327020.00  21.041454  105.934906   -8.5617  -19.1708
   520  6861  3815  598460.00  2326990.00  21.041112  105.947607  -11.3762  -14.1115
   521   537  3815  535220.00  2326990.00  21.043416  105.338982   -6.5865  -12.8695
   522  1179  3818  541640.00  2326960.00  21.043010  105.400771   -5.5186   -8.8390
   523  3825  3818  568100.00  2326960.00  21.042219  105.655430  -11.8321  -16.0239
   524   543  3821  535280.00  2326930.00  21.042872  105.339559   -3.8544   -9.6236
   525  1647  3821  546320.00  2326930.00  21.042627  105.445813  -13.3020  -20.6933
   526   501  3827  534860.00  2326870.00  21.042338  105.335515   -3.0305   -8.9471
   527  1266  3830  542510.00  2326840.00  21.041906  105.409142   -5.3013  -15.9007
   528   636  3830  536210.00  2326840.00  21.042041  105.348508   -5.4317  -11.3398
   529   519  3830  535040.00  2326840.00  21.042064  105.337247   -2.0571  -10.1006
   530   603  3833  535880.00  2326810.00  21.041777  105.345331   -6.2475   -9.4923
   531  1083  3836  540680.00  2326780.00  21.041405  105.391528   -2.4892  -10.0135
   532   579  3836  535640.00  2326780.00  21.041510  105.343020   -7.4683  -13.5201
   533  2148  3842  551330.00  2326720.00  21.040596  105.494025  -11.1368  -15.1144
   534  1302  3845  542870.00  2326690.00  21.040542  105.412603  -11.9026  -18.2053
   535   612  3845  535970.00  2326690.00  21.040691  105.346195   -5.4822  -10.3802
   536  1767  3848  547520.00  2326660.00  21.040157  105.457355   -7.1753  -13.2498
   537  1998  3848  549830.00  2326660.00  21.040095  105.479587   -7.7260  -16.0092
   538  3963  3851  569480.00  2326630.00  21.039186  105.668698  -10.3927  -12.0984
   539   777  3857  537620.00  2326570.00  21.039573  105.362072   -2.2256  -10.4726
   540  3945  3860  569300.00  2326540.00  21.038379  105.666962  -12.5107  -14.0752
   541  3993  3869  569780.00  2326450.00  21.037548  105.671578   -6.8701  -16.3849
   542  1686  3869  546710.00  2326450.00  21.038280  105.449554  -10.5143  -19.4608
   543   675  3869  536600.00  2326450.00  21.038510  105.352253  -15.2705  -20.4156
   544  1206  3872  541910.00  2326420.00  21.038125  105.403357   -8.7096  -19.0196
   545  1086  3872  540710.00  2326420.00  21.038152  105.391808   -5.1337  -15.4597
   546   969  3875  539540.00  2326390.00  21.037906  105.380547   -6.7818  -15.9996
   547  1182  3875  541670.00  2326390.00  21.037859  105.401046  -11.2087  -16.3783
   548   261  3875  532460.00  2326390.00  21.038045  105.312407  -10.3240  -15.8934
   549  1137  3881  541220.00  2326330.00  21.037327  105.396714   -6.1240  -15.1550
   550   978  3881  539630.00  2326330.00  21.037362  105.381412  -13.2085  -14.4835
   551   276  3881  532610.00  2326330.00  21.037501  105.313850  -13.4380  -14.0627
   552  1119  3881  541040.00  2326330.00  21.037331  105.394982  -14.1754  -17.9560
   553  1176  3884  541610.00  2326300.00  21.037048  105.400467   -9.6858  -14.6462
   554  2238  3887  552230.00  2326270.00  21.036505  105.502673   -8.3661  -15.8889
   555  1206  3890  541910.00  2326240.00  21.036499  105.403352   -9.2246  -15.6410
   556   147  3893  531320.00  2326210.00  21.036439  105.301432   -7.5055  -11.8747
   557   339  3893  533240.00  2326210.00  21.036405  105.319911  -12.2198  -18.2432
   558  1773  3896  547580.00  2326180.00  21.035818  105.457919   -8.1075  -14.3865
   559  1212  3905  541970.00  2326090.00  21.035142  105.403926   -8.2142  -15.7612
   560  2241  3905  552260.00  2326090.00  21.034878  105.502956  -10.8253  -19.1359
   561   633  3905  536180.00  2326090.00  21.035265  105.348203   -7.9591  -14.2043
   562  1017  3908  540020.00  2326060.00  21.034914  105.385159   -3.5339  -13.6253
   563  1944  3914  549290.00  2326000.00  21.034147  105.474371   -9.1179  -18.3885
   564  1218  3914  542030.00  2326000.00  21.034327  105.404501  -12.4842  -17.1669
   565   729  3914  537140.00  2326000.00  21.034433  105.357440   -1.3592   -7.9453
   566  1149  3917  541340.00  2325970.00  21.034072  105.397860  -10.7278  -17.1424
   567  4014  3920  569990.00  2325940.00  21.032932  105.673578  -10.2475  -13.8914
   568   240  3920  532250.00  2325940.00  21.033983  105.310378   -9.3738  -20.4374
   569   924  3920  539090.00  2325940.00  21.033850  105.376206  -10.1276  -12.4137
   570  3969  3920  569540.00  2325940.00  21.032949  105.669247  -11.4410  -13.5546
   571  4044  3923  570290.00  2325910.00  21.032650  105.676464   -7.7048  -15.9434
   572   963  3929  539480.00  2325850.00  21.033029  105.379957  -10.1192  -19.5350
   573  2865  3929  558500.00  2325850.00  21.032521  105.563001  -12.8964  -15.8554
   574   804  3932  537890.00  2325820.00  21.032791  105.364654  -11.4320  -14.0262
   575   738  3932  537230.00  2325820.00  21.032805  105.358303  -11.3815  -14.6725
   576   498  3932  534830.00  2325820.00  21.032852  105.335205  -10.1287  -15.9930
   577  1176  3935  541610.00  2325790.00  21.032439  105.400454  -10.3726  -14.7600
   578  4104  3938  570890.00  2325760.00  21.031271  105.682232   -9.3388  -17.8394
   579   822  3944  538070.00  2325700.00  21.031703  105.366384   -5.0207  -10.3895
   580   897  3944  538820.00  2325700.00  21.031687  105.373602   -2.9508  -12.1564
   581   960  3947  539450.00  2325670.00  21.031403  105.379664  -10.1257  -14.3567
   582  1149  3947  541340.00  2325670.00  21.031361  105.397853   -8.6492  -17.5114
   583   735  3953  537200.00  2325610.00  21.030908  105.358009  -13.4918  -15.9080
   584  1323  3959  543080.00  2325550.00  21.030237  105.414595  -11.6673  -14.0766
   585   714  3959  536990.00  2325550.00  21.030370  105.355987   -5.4692  -14.6850
   586   522  3959  535070.00  2325550.00  21.030408  105.337509  -12.0421  -21.2315
   587  4086  3962  570710.00  2325520.00  21.029110  105.680490  -13.0538  -18.9248
   588   738  3962  537230.00  2325520.00  21.030094  105.358296  -19.3069  -22.2797
   589   789  3965  537740.00  2325490.00  21.029812  105.363204   -8.0557  -10.7340
   590   972  3968  539570.00  2325460.00  21.029503  105.380814   -3.6041   -8.5586
   591   939  3968  539240.00  2325460.00  21.029510  105.377638   -2.9036   -7.2596
   592  4008  3968  569930.00  2325460.00  21.028598  105.672981  -10.0063  -15.2379
   593  4020  3968  570050.00  2325460.00  21.028593  105.674136   -9.2391  -17.0921
   594   912  3977  538970.00  2325370.00  21.028703  105.375038   -1.6224   -6.8190
   595  1035  3983  540200.00  2325310.00  21.028134  105.386874   -9.8934  -11.1221
   596   996  3983  539810.00  2325310.00  21.028142  105.383120   -8.0877   -9.6748
   597   780  3989  537650.00  2325250.00  21.027646  105.362332   -7.2132  -11.4216
   598  2214  3989  551990.00  2325250.00  21.027296  105.500333  -10.8885  -18.6775
   599  1038  3992  540230.00  2325220.00  21.027320  105.387160   -8.4707  -14.5435
   600  1182  3995  541670.00  2325190.00  21.027017  105.401017  -12.3843  -18.2446
   601  1050  3998  540350.00  2325160.00  21.026775  105.388314   -6.9091  -11.1337
   602  2160  4001  551450.00  2325130.00  21.026227  105.495132  -10.4146  -17.0876
   603   804  4001  537890.00  2325130.00  21.026557  105.364639   -7.9458  -15.0922
   604   861  4004  538460.00  2325100.00  21.026274  105.370124   -6.8501  -10.2620
   605  1053  4004  540380.00  2325100.00  21.026233  105.388601   -5.4134  -13.6183
   606   888  4004  538730.00  2325100.00  21.026268  105.372722   -1.6724   -8.5548
   607  3015  4007  560000.00  2325070.00  21.025425  105.577409   -7.7580  -14.7187
   608  3084  4013  560690.00  2325010.00  21.024860  105.584047  -11.0496  -15.7333
   609  1131  4019  541160.00  2324950.00  21.024860  105.396104  -11.1889  -14.4371
   610  1326  4019  543110.00  2324950.00  21.024815  105.414869   -2.5724  -10.3319
   611   795  4019  537800.00  2324950.00  21.024932  105.363769  -16.5395  -18.2397
   612   912  4019  538970.00  2324950.00  21.024908  105.375028   -5.4594  -11.8192
   613   867  4022  538520.00  2324920.00  21.024646  105.370697   -7.5871  -10.3095
   614  1515  4025  545000.00  2324890.00  21.024228  105.433056   -5.5887  -10.8362
   615   801  4028  537860.00  2324860.00  21.024118  105.364345   -6.9740  -10.7188
   616   726  4028  537110.00  2324860.00  21.024133  105.357127   -4.7179   -9.6273
   617  1512  4031  544970.00  2324830.00  21.023686  105.432765  -13.5089  -19.5018
   618  1476  4034  544610.00  2324800.00  21.023424  105.429300   -5.6958   -9.5477
   619  1185  4034  541700.00  2324800.00  21.023492  105.401297  -10.2563  -15.9170
   620   933  4034  539180.00  2324800.00  21.023548  105.377046   -6.9291  -11.3141
   621  1083  4037  540680.00  2324770.00  21.023244  105.391480   -9.3126  -20.0919
   622  1125  4040  541100.00  2324740.00  21.022964  105.395521  -10.8476  -19.2945
   623   687  4043  536720.00  2324710.00  21.022786  105.353371  -12.7754  -14.7811
   624  1326  4046  543110.00  2324680.00  21.022376  105.414862   -5.1523  -13.0746
   625   903  4046  538880.00  2324680.00  21.022470  105.374156   -2.7338   -8.6952
   626  2832  4049  558170.00  2324650.00  21.021689  105.559784  -10.8716  -18.2936
   627  1446  4058  544310.00  2324560.00  21.021263  105.426407   -4.7179  -11.5079
   628   936  4058  539210.00  2324560.00  21.021379  105.377329   -3.2718  -11.4444
   629   903  4061  538880.00  2324530.00  21.021115  105.374153   -4.4388   -3.9618
   630   729  4061  537140.00  2324530.00  21.021151  105.357409  -10.6151  -15.4393
   631   861  4067  538460.00  2324470.00  21.020581  105.370110   -4.7343   -9.7238
   632  1074  4070  540590.00  2324440.00  21.020265  105.390606  -12.8464  -15.2133
   633  6291  4073  592760.00  2324410.00  21.018100  105.892615   -8.4082  -16.2607
   634  1332  4073  543170.00  2324410.00  21.019935  105.415433   -5.7965  -12.4372
   635  1425  4073  544100.00  2324410.00  21.019913  105.424382   -4.0613   -8.0472
   636  1302  4076  542870.00  2324380.00  21.019671  105.412545   -8.9356  -13.5610
   637  6360  4079  593450.00  2324350.00  21.017523  105.899251  -11.6887  -17.9576
   638  1287  4082  542720.00  2324320.00  21.019132  105.411100  -11.1791  -14.9046
   639  1587  4082  545720.00  2324320.00  21.019060  105.439969   -8.0381  -15.1472
   640  5799  4085  587840.00  2324290.00  21.017258  105.845268  -11.3842  -13.9624
   641   717  4085  537020.00  2324290.00  21.018985  105.356249  -14.6314  -14.8518
   642  1674  4088  546590.00  2324260.00  21.018496  105.448339   -6.0895  -13.5451
   643  1152  4088  541370.00  2324260.00  21.018621  105.398108  -15.2251  -19.3639
   644  1581  4088  545660.00  2324260.00  21.018519  105.439390  -14.7572  -14.8265
   645  3825  4094  568100.00  2324200.00  21.017282  105.655321   -2.8550  -14.1901
   646   708  4094  536930.00  2324200.00  21.018173  105.355381  -10.3173  -18.0383
   647  2136  4097  551210.00  2324170.00  21.017560  105.492794   -7.0086  -16.0282
   648  1137  4097  541220.00  2324170.00  21.017811  105.396662   -9.4752  -15.1035
   649   726  4100  537110.00  2324140.00  21.017627  105.357112   -7.5321  -18.5254
   650  1275  4103  542600.00  2324110.00  21.017237  105.409940   -8.0854  -13.1255
   651  1320  4103  543050.00  2324110.00  21.017227  105.414271  -15.8933  -24.9867
   652  3840  4109  568250.00  2324050.00  21.015921  105.656758  -10.1935  -16.5449
   653  1635  4109  546200.00  2324050.00  21.016608  105.444581  -14.2179  -21.1743
   654  1476  4112  544610.00  2324020.00  21.016376  105.429280   -5.7576   -9.7331
   655   888  4115  538730.00  2323990.00  21.016239  105.372697   -6.6452  -12.7134
   656  1593  4115  545780.00  2323990.00  21.016077  105.440538  -15.6405  -10.9502
   657  1608  4118  545930.00  2323960.00  21.015802  105.441980  -15.0192  -19.5822
   658  1989  4121  549740.00  2323930.00  21.015432  105.478642  -10.5645  -14.9260
   659  1110  4124  540950.00  2323900.00  21.015377  105.394058   -8.4031  -14.8512
   660  6336  4127  593210.00  2323870.00  21.013199  105.896915   -5.4904  -12.6634
   661   762  4130  537470.00  2323840.00  21.014910  105.360569   -9.8897  -13.4109
   662  1857  4133  548420.00  2323810.00  21.014383  105.465937   -9.6655  -15.1960
   663  4023  4154  570080.00  2323600.00  21.011787  105.674349   -9.5231  -13.2243
   664   768  4154  537530.00  2323600.00  21.012740  105.361141  -12.2740  -18.9723
   665  6564  4169  595490.00  2323450.00  21.009287  105.918829   -9.2370  -14.0641
   666  6309  4178  592940.00  2323360.00  21.008605  105.894290   -6.8895  -16.0539
   667  6573  4181  595580.00  2323330.00  21.008198  105.919689   -9.1681  -14.2582
   668  6549  4181  595340.00  2323330.00  21.008211  105.917380   -7.2278  -14.3047
   669   702  4187  536870.00  2323270.00  21.009771  105.354783  -12.2602  -16.8993
   670  2238  4193  552230.00  2323210.00  21.008857  105.502580   -6.2801  -16.8969
   671  2193  4196  551780.00  2323180.00  21.008599  105.498249   -9.5242  -18.1961
   672  2769  4211  557540.00  2323030.00  21.007072  105.553668   -7.2990  -15.4293
   673  2865  4220  558500.00  2322940.00  21.006229  105.562902   -8.3022  -14.9232
   674  6348  4226  593330.00  2322880.00  21.004248  105.898016  -10.1944  -17.7655
   675  6342  4268  593270.00  2322460.00  21.000457  105.897416   -9.1596  -14.3270
   676  6333  4271  593180.00  2322430.00  21.000191  105.896549   -9.2596  -17.0066
   677  2445  4274  554300.00  2322400.00  21.001479  105.522473   -7.4321  -10.6466
   678  6447  4298  594320.00  2322160.00  20.997693  105.907502   -6.1399  -14.2733
   679  4200  4337  571850.00  2321770.00  20.995184  105.691304   -9.3634  -15.9370
   680  6471  4343  594560.00  2321710.00  20.993615  105.909786   -7.2972  -14.2691
   681  4596  4349  575810.00  2321650.00  20.993941  105.729397   -6.7047  -12.4840
   682  5052  4352  580370.00  2321620.00  20.993477  105.773267   -4.7751  -14.0114
   683  6843  4358  598280.00  2321560.00  20.992065  105.945565  -11.4417  -20.0186
   684  4902  4427  578870.00  2320870.00  20.986766  105.758801  -11.3525  -19.9338
   685  3753  4442  567380.00  2320720.00  20.985867  105.648257  -10.3009  -14.9302
   686  6870  4463  598550.00  2320510.00  20.982565  105.948103   -7.9916  -16.0256
   687  4077  4472  570620.00  2320420.00  20.983035  105.679415   -7.8555  -11.0659
   688  4269  4514  572540.00  2320000.00  20.979165  105.697868   -9.2815  -13.9090
   689  4314  4517  572990.00  2319970.00  20.978877  105.702196   -7.8168  -14.7020
   690  4020  4532  570050.00  2319820.00  20.977636  105.673907   -7.2413  -12.2725
   691  2340  4535  553250.00  2319790.00  20.977927  105.512290  -13.7635  -15.9988
   692  5613  4544  585980.00  2319700.00  20.975876  105.827143   -7.7323  -12.0821
   693  6672  4547  596570.00  2319670.00  20.975080  105.929009  -10.1412  -13.0210
   694  4389  4559  573740.00  2319550.00  20.975052  105.709393  -12.9065  -19.2391
   695  4422  4607  574070.00  2319070.00  20.970702  105.712547   -9.9813  -16.8291
   696  6303  4631  592880.00  2318830.00  20.967681  105.893469   -7.5513  -12.6154
   697  4518  4631  575030.00  2318830.00  20.968495  105.721771  -12.8704  -16.1463
   698  6294  4670  592790.00  2318440.00  20.964162  105.892583  -10.8112  -14.4702
   699  2604  4679  555890.00  2318350.00  20.964838  105.537640   -8.8408  -16.1254
   700  4521  4721  575060.00  2317930.00  20.960362  105.722020   -9.9711  -18.3267
   701  2730  4745  557150.00  2317690.00  20.958836  105.549739   -5.6043  -12.3835
   702  2856  4748  558410.00  2317660.00  20.958526  105.561858   -7.5857  -15.4239
   703  5877  4748  588620.00  2317660.00  20.957321  105.852433   -6.7156  -18.1511
   704  4455  4766  574400.00  2317480.00  20.956323  105.715653   -6.6792  -12.6419
   705  4533  4769  575180.00  2317450.00  20.956020  105.723154   -9.3114  -18.7368
   706  2745  4793  557300.00  2317210.00  20.954495  105.551166   -9.8774  -17.3277
   707  2652  4793  556370.00  2317210.00  20.954523  105.542220   -7.3683  -14.5163
   708  6165  4814  591500.00  2317000.00  20.951217  105.880099   -7.6003  -14.6931
   709  2766  4820  557510.00  2316940.00  20.952048  105.553177   -8.7870  -19.0270
   710  4359  4856  573440.00  2316580.00  20.948230  105.706381  -10.4598  -12.7394
   711  2802  4865  557870.00  2316490.00  20.947971  105.556624   -9.7673  -18.5595
   712  2841  4877  558260.00  2316370.00  20.946875  105.560371  -10.5479  -17.3259
   713  2703  4883  556880.00  2316310.00  20.946376  105.547096   -6.0375  -10.3637
   714  2739  4889  557240.00  2316250.00  20.945823  105.550557   -6.9810  -15.4981
   715  3024  4928  560090.00  2315860.00  20.942208  105.577955   -8.8692  -15.2444
   716  3195  4961  561800.00  2315530.00  20.939170  105.594389   -9.2062  -15.6511
   717  3303  4961  562880.00  2315530.00  20.939133  105.604776   -8.8529  -12.4692
   718  2940  5030  559250.00  2314840.00  20.933019  105.569841   -6.4667  -12.9686
   719  2868  5036  558530.00  2314780.00  20.932500  105.562914  -11.3317  -17.4006
   720  2640  5057  556250.00  2314570.00  20.930674  105.540980   -9.6207  -15.0722
   721  2667  5069  556520.00  2314450.00  20.929581  105.543573  -10.1058  -15.1227
   722  2571  5075  555560.00  2314390.00  20.929068  105.534339   -6.5291  -14.1138
   723  2262  5087  552470.00  2314270.00  20.928074  105.504619  -11.0790  -19.1799
   724  2427  5096  554120.00  2314180.00  20.927214  105.520484  -12.5490  -15.7853
   725  2670  5099  556550.00  2314150.00  20.926870  105.543852  -10.3311  -18.8669
   726  5838  5102  588230.00  2314120.00  20.925356  105.848502   -8.3374  -13.0018
   727  2691  5114  556760.00  2314000.00  20.925508  105.545866  -12.5732  -15.9999
   728  2358  5129  553430.00  2313850.00  20.924252  105.513838   -8.5991  -13.9783
   729  2451  5141  554360.00  2313730.00  20.923141  105.522778  -10.5913  -20.1067
   730  2460  5153  554450.00  2313610.00  20.922054  105.523639  -12.4815  -15.6843
   731  2448  5159  554330.00  2313550.00  20.921515  105.522484   -4.2871  -10.6357
   732  2466  5165  554510.00  2313490.00  20.920968  105.524213  -15.0943  -19.4918
   734  4560  5333  575450.00  2311810.00  20.905052  105.725505   -5.3875  -12.4719
   735  2943  5342  559280.00  2311720.00  20.904828  105.570023  -12.4322  -14.4530
   736  2943  5378  559280.00  2311360.00  20.901576  105.570011  -10.0954  -14.4370
   737  3150  5447  561350.00  2310670.00  20.895274  105.589890   -8.9139  -23.9535
   738  3051  5465  560360.00  2310490.00  20.893680  105.580365  -11.9354  -11.3286
   739  4128  5486  571130.00  2310280.00  20.891400  105.683905   -7.2485  -16.8094
   740  4614  5495  575990.00  2310190.00  20.890393  105.730627   -7.4840  -12.3938
   741  4620  5519  576050.00  2309950.00  20.888222  105.731193   -7.4165  -17.4859
   742  2895  5519  558800.00  2309950.00  20.888851  105.565348   -8.0509  -16.5765
   743  6021  5552  590060.00  2309620.00  20.884612  105.865866   -6.0000  -13.9053
   744  3393  5663  563780.00  2308510.00  20.875675  105.613174   -9.7737  -15.5049
   745  3159  5720  561440.00  2307940.00  20.870604  105.590658  -16.4863  -14.0878
   746  3150  5738  561350.00  2307760.00  20.868981  105.589787   -9.4013  -14.2136
   747  3153  5738  561380.00  2307760.00  20.868980  105.590075   -5.3581   -7.4372
   748  4656  5744  576410.00  2307700.00  20.867879  105.734555  -12.0291  -15.2365
   749  2991  5747  559760.00  2307670.00  20.868220  105.574499   -8.4414  -20.3908
   750  3210  5765  561950.00  2307490.00  20.866521  105.595545   -7.8283  -12.5468
   751  4677  5777  576620.00  2307370.00  20.864888  105.736559   -8.9440  -11.5528
   752  4686  5786  576710.00  2307280.00  20.864072  105.737421   -9.9149  -17.4643
   753  3240  5786  562250.00  2307280.00  20.864614  105.598422  -11.9073  -15.8776
   754  3219  5786  562040.00  2307280.00  20.864621  105.596403   -6.2837  -16.3751
   755  3525  5813  565100.00  2307010.00  20.862076  105.625808  -11.6890  -14.2344
   756  6666  5888  596510.00  2306260.00  20.853930  105.927686   -4.8479  -15.1736
   757  3729  5888  567140.00  2306260.00  20.855227  105.645389   -6.0805  -15.4100
   758  3438  5975  564230.00  2305390.00  20.847470  105.617385   -9.9964  -15.3071
   759  4656  5981  576410.00  2305330.00  20.846466  105.734451  -12.4401  -15.1932
   760  3297  6026  562820.00  2304880.00  20.842910  105.603814   -8.2790  -15.4517
   761  4674  6026  576590.00  2304880.00  20.842392  105.736161   -9.7316  -12.9837
   762  3153  6041  561380.00  2304730.00  20.841603  105.589969   -6.8494  -15.0099
   763  3831  6182  568160.00  2303320.00  20.828626  105.655078  -16.1899  -18.3590
   764  3123  6188  561080.00  2303260.00  20.828331  105.587034   -7.9946  -11.4269
   765  3675  6242  566600.00  2302720.00  20.823262  105.640063  -12.3099  -18.0939
   766  3090  6260  560750.00  2302540.00  20.821836  105.583837  -13.6550  -15.4390
   767  3084  6269  560690.00  2302450.00  20.821025  105.583257   -5.3114  -11.4514
   768  2943  6275  559280.00  2302390.00  20.820528  105.569705   -8.6505  -13.8499
   769  2970  6284  559550.00  2302300.00  20.819707  105.572297  -13.1809  -17.5092
   770  2916  6284  559010.00  2302300.00  20.819724  105.567107  -13.9728  -22.5448
   771  2940  6293  559250.00  2302210.00  20.818903  105.569411  -12.8082  -15.9027
   772  3045  6293  560300.00  2302210.00  20.818869  105.579501   -1.9564   -8.5566
   773  2886  6311  558710.00  2302030.00  20.817294  105.564215   -8.0459  -14.2396
   774  2901  6320  558860.00  2301940.00  20.816476  105.565654   -3.2032  -10.2145
   775  2892  6320  558770.00  2301940.00  20.816479  105.564789   -7.0036  -12.3979
   776  2892  6323  558770.00  2301910.00  20.816208  105.564788   -8.6254  -12.7768
   777  2877  6332  558620.00  2301820.00  20.815399  105.563343   -9.1713  -14.4194
   778  3027  6332  560120.00  2301820.00  20.815351  105.577758   -9.6535  -16.3901
   779  3648  6332  566330.00  2301820.00  20.815140  105.637434   -6.1308  -13.1617
   780  5967  6335  589520.00  2301790.00  20.813896  105.860273   -7.8029  -15.3426
   781  2898  6350  558830.00  2301640.00  20.813766  105.565355  -13.4336  -15.9186
   782  3048  6362  560330.00  2301520.00  20.812634  105.579766   -6.6194  -17.0325
   783  3012  6392  559970.00  2301220.00  20.809935  105.576296   -8.8569  -15.8239
   784  2862  6401  558470.00  2301130.00  20.809170  105.561879   -8.1046  -15.2771
   785  5172  6458  581570.00  2300560.00  20.803149  105.783823  -13.2777  -16.5798
   787  3810  6662  567950.00  2298520.00  20.785265  105.652873    2.3627   -6.2143
   789  3798  6827  567830.00  2296870.00  20.770361  105.651656   -8.7485  -11.9805
   790  3852  6845  568370.00  2296690.00  20.768715  105.656837  -10.2386  -13.7928
   792  3795  6860  567800.00  2296540.00  20.767380  105.651355  -14.9633  -16.4370
   793  4470  6866  574550.00  2296480.00  20.766580  105.716196  -10.2034  -14.9867
   794  3825  6896  568100.00  2296180.00  20.764117  105.654223  -11.0386  -12.0571
   796  3801  6929  567860.00  2295850.00  20.761144  105.651905  -15.5508  -18.8880
   797  3855  6947  568400.00  2295670.00  20.759498  105.657085  -11.3961  -17.6857
   798  3834  6956  568190.00  2295580.00  20.758692  105.655064   -6.7860  -12.7348
   799  3822  6965  568070.00  2295490.00  20.757884  105.653908   -3.2842  -10.2426
   800  3837  6974  568220.00  2295400.00  20.757065  105.655346  -10.3289  -19.8456
   802  3861  7001  568460.00  2295130.00  20.754617  105.657640  -11.0981  -16.0835
   805  3945  7037  569300.00  2294770.00  20.751333  105.665695   -7.8053  -13.7659
   806  3921  7040  569060.00  2294740.00  20.751071  105.663388  -19.7298  -20.8086
   807  3909  7046  568940.00  2294680.00  20.750533  105.662233  -13.1666  -17.8634
   811  3897  7064  568820.00  2294500.00  20.748911  105.661074  -15.6477  -24.2057
   813  3894  7079  568790.00  2294350.00  20.747557  105.660780  -11.0020  -21.1496
   815  3849  7103  568340.00  2294110.00  20.745405  105.656448    0.3096   -9.3930
   816  3870  7109  568550.00  2294050.00  20.744855  105.658463   -2.6502   -7.2559
   819  6078  7133  590630.00  2293810.00  20.741744  105.870525   -9.8983  -14.2469
   820  4578  7190  575630.00  2293240.00  20.737263  105.726431  -11.3660  -16.6341
   824  3984  7253  569690.00  2292610.00  20.731802  105.669355    0.4777   -9.1148
   825  3942  7319  569270.00  2291950.00  20.725854  105.665295   -5.0929  -14.4415
   826  4635  7349  576200.00  2291650.00  20.722874  105.731837   -9.8883  -17.9520
   827  3996  7361  569810.00  2291530.00  20.722039  105.670465  -16.3735  -23.2967
   828  3915  7361  569000.00  2291530.00  20.722069  105.662686   -9.4683  -15.9191
   829  4014  7400  569990.00  2291140.00  20.718509  105.672178  -10.4012  -14.5946
   830  4038  7400  570230.00  2291140.00  20.718500  105.674483  -21.0162  -24.3794
   831  4014  7424  569990.00  2290900.00  20.716340  105.672168   -8.2025  -12.5664
   832  3999  7439  569840.00  2290750.00  20.714991  105.670722   -9.7853  -16.2187
   833  4056  7448  570410.00  2290660.00  20.714156  105.676192   -8.1359  -19.1319
   834  4077  7448  570620.00  2290660.00  20.714148  105.678209   -6.3651  -11.5102
   835  4047  7451  570320.00  2290630.00  20.713888  105.675327  -14.0763  -19.6214
   836  4104  7499  570890.00  2290150.00  20.709530  105.680781  -10.2547  -16.8789
   837  4125  7520  571100.00  2289940.00  20.707625  105.682789   -9.7716  -16.1752
   838  4188  7541  571730.00  2289730.00  20.705703  105.688830   -9.6871  -14.7137
   839  4191  7547  571760.00  2289670.00  20.705160  105.689116  -11.3011  -17.2092
   840  4200  7547  571850.00  2289670.00  20.705156  105.689980  -19.7973  -21.4734
   841  4059  7550  570440.00  2289640.00  20.704939  105.676439   -0.2570   -3.1091
   842  4125  7559  571100.00  2289550.00  20.704101  105.682773   -8.7607  -17.5574
   843  4089  7562  570740.00  2289520.00  20.703843  105.679315   -0.7083   -4.6514
   844  4119  7583  571040.00  2289310.00  20.701935  105.682187   -8.5181  -15.9366
   845  4185  7592  571700.00  2289220.00  20.701096  105.688521   -9.8598  -13.5534
   846  4125  7613  571100.00  2289010.00  20.699222  105.682751   -5.8408  -11.8010
   847  4140  7649  571250.00  2288650.00  20.695963  105.684177   -2.6911   -6.6517
   848  4770  7667  577550.00  2288470.00  20.694086  105.744661   -7.5040  -19.2231
   850  4188  7703  571730.00  2288110.00  20.691066  105.688764   -4.9301   -9.8872
   851  4095  8057  570800.00  2284570.00  20.659116  105.679692   -5.7329  -12.7883
   852  4107  8078  570920.00  2284360.00  20.657214  105.680836   -6.1322  -15.6843
   853  4200  8096  571850.00  2284180.00  20.655552  105.689756   -8.3044  -10.8168
   854  4194  8096  571790.00  2284180.00  20.655555  105.689180   -9.8308   -8.6195
   855  4203  8096  571880.00  2284180.00  20.655551  105.690044  -11.3806  -15.8294
   856  4134  8102  571190.00  2284120.00  20.655035  105.683418  -13.1438  -15.7239
   857  4179  8102  571640.00  2284120.00  20.655018  105.687738  -10.7341  -18.9954
   858  4563  8147  575480.00  2283670.00  20.650802  105.724580   -9.2079  -12.8881
   859  4476  8150  574610.00  2283640.00  20.650565  105.716227  -11.0245  -19.4549
   860  4554  8153  575390.00  2283610.00  20.650263  105.723713  -14.6209  -18.5231
   861  4569  8183  575540.00  2283310.00  20.647546  105.725140   -0.8429   -7.9303
   862  4647  8183  576320.00  2283310.00  20.647515  105.732627   -8.7460  -14.6963
   863  4509  8198  574940.00  2283160.00  20.646215  105.719375   -4.9027  -11.4234
   864  4623  8201  576080.00  2283130.00  20.645898  105.730316   -7.4531  -12.7104
   865  4536  8210  575210.00  2283040.00  20.645120  105.721961   -9.5159  -12.4773
   866  4389  8210  573740.00  2283040.00  20.645179  105.707851   -3.5465  -11.0888
   867  4548  8216  575330.00  2282980.00  20.644573  105.723111    1.6555   -5.6323
   868  4629  8225  576140.00  2282890.00  20.643727  105.730882  -12.8348  -17.6174
   869  4572  8234  575570.00  2282800.00  20.642937  105.725406  -10.6365  -18.1098
   870  4653  8243  576380.00  2282710.00  20.642091  105.733177   -4.8875  -10.2482
   871  4677  8252  576620.00  2282620.00  20.641268  105.735477  -12.9789  -21.5434
   872  4584  8273  575690.00  2282410.00  20.639409  105.726542   -6.7667  -13.0038
   873  4563  8276  575480.00  2282380.00  20.639146  105.724525  -16.9520  -20.4334
   874  4542  8291  575270.00  2282230.00  20.637799  105.722503    0.1202   -7.3429
   875  4497  8297  574820.00  2282170.00  20.637275  105.718181  -25.4026  -25.1445
   876  4455  8303  574400.00  2282110.00  20.636750  105.714147   -9.6728  -13.0628
   877  4512  8315  574970.00  2281990.00  20.635643  105.719613  -21.2273  -27.6881
   878  4695  8318  576800.00  2281960.00  20.635298  105.737176   -5.2420   -8.5523
   879  4695  8321  576800.00  2281930.00  20.635026  105.737175   -7.1986   -9.4185
   880  4545  8324  575300.00  2281900.00  20.634816  105.722776    1.6938   -7.0284
   881  4497  8327  574820.00  2281870.00  20.634564  105.718168   -3.6055  -18.0240
   882  4650  8345  576350.00  2281690.00  20.632876  105.732845   -4.2919  -11.1478
   883  4629  8348  576140.00  2281660.00  20.632614  105.730828   -9.4379  -13.2647
   884  4608  8351  575930.00  2281630.00  20.632351  105.728812   -7.1941  -14.0127
   885  4653  8351  576380.00  2281630.00  20.632333  105.733131   -9.4418  -15.3650
   886  4512  8357  574970.00  2281570.00  20.631848  105.719595  -15.9644  -18.5397
   887  4509  8363  574940.00  2281510.00  20.631307  105.719305  -12.9877  -18.0934
   888  4686  8366  576710.00  2281480.00  20.630964  105.736291  -14.3566  -18.8963
   889  4713  8369  576980.00  2281450.00  20.630682  105.738882  -10.7235  -21.3688
   890  4662  8372  576470.00  2281420.00  20.630432  105.733985   -7.2798  -14.5771
   891  4446  8384  574310.00  2281300.00  20.629435  105.713249   -4.8256  -11.3578
   892  4512  8384  574970.00  2281300.00  20.629408  105.719584    0.1641   -7.4125
   893  4779  8390  577640.00  2281240.00  20.628758  105.745207   -6.9476   -8.5606
   894  4803  8393  577880.00  2281210.00  20.628477  105.747509   -0.3947   -5.7877
   895  4590  8402  575750.00  2281120.00  20.627751  105.727062   -0.5918   -7.5469
   896  4584  8405  575690.00  2281090.00  20.627482  105.726485   -2.6840   -7.1943
   897  3987  8411  569720.00  2281030.00  20.627171  105.669185   -6.3248  -18.5735
   898  4521  8414  575060.00  2281000.00  20.626694  105.720435   -7.2850  -12.3679
   899  4824  8420  578090.00  2280940.00  20.626028  105.749512    2.3186   -1.3468
   900  4530  8423  575150.00  2280910.00  20.625877  105.721295   -0.5517  -11.0617
   901  4548  8423  575330.00  2280910.00  20.625870  105.723022    2.2703   -5.1247
   902  5307  8426  582920.00  2280880.00  20.625279  105.795865   -7.0346  -14.3761
   903  4380  8426  573650.00  2280880.00  20.625666  105.706897   -1.3947   -9.6957
   904  4557  8435  575420.00  2280790.00  20.624782  105.723881   -2.1191   -8.0102
   905  4638  8438  576230.00  2280760.00  20.624478  105.731653   -1.5457   -8.4240
   906  4560  8438  575450.00  2280760.00  20.624510  105.724167   -1.6962  -11.4358
   907  4497  8444  574820.00  2280700.00  20.623993  105.718119   -9.7065  -19.2503
   908  4497  8447  574820.00  2280670.00  20.623722  105.718117   -9.3353  -13.7288
   909  4608  8450  575930.00  2280640.00  20.623406  105.728769   -8.3253  -13.6223
   910  4533  8456  575180.00  2280580.00  20.622894  105.721568  -13.7604  -11.8584
   911  4845  8459  578300.00  2280550.00  20.622496  105.751511   -8.9026  -14.4695
   912  4629  8462  576140.00  2280520.00  20.622314  105.730779   -1.2267   -8.9067
   913  4689  8480  576740.00  2280340.00  20.620663  105.736530  -10.8045  -15.8056
   914  4569  8480  575540.00  2280340.00  20.620712  105.725013  -11.9125  -20.0913
   915  4461  8480  574460.00  2280340.00  20.620755  105.714648  -13.3626  -21.5388
   916  4776  8492  577610.00  2280220.00  20.619543  105.744874   -2.7634   -8.9180
   917  4419  8492  574040.00  2280220.00  20.619687  105.710612  -13.7738  -17.6489
   918  4548  8498  575330.00  2280160.00  20.619094  105.722990  -19.6243  -24.2381
   919  4677  8510  576620.00  2280040.00  20.617957  105.735365   -7.5657  -12.9010
   920  4923  8510  579080.00  2280040.00  20.617855  105.758974  -15.3181  -20.8712
   921  4602  8522  575870.00  2279920.00  20.616903  105.728162  -10.3376  -16.7007
   922  4635  8528  576200.00  2279860.00  20.616348  105.731327   -4.1106  -10.1331
   923  4536  8534  575210.00  2279800.00  20.615846  105.721823  -13.3190  -18.7584
   924  4764  8546  577490.00  2279680.00  20.614669  105.743699  -10.0417  -12.6807
   925  4590  8546  575750.00  2279680.00  20.614740  105.727000   -9.3471  -18.2609
   926  4794  8549  577790.00  2279650.00  20.614385  105.746576   -4.6006   -8.5283
   927  4677  8558  576620.00  2279560.00  20.613620  105.735344   -3.5699   -9.5572
   928  4752  8561  577370.00  2279530.00  20.613318  105.742541  -13.1976  -14.0356
   929  4518  8564  575030.00  2279500.00  20.613142  105.720083   -5.5950   -9.1711
   930  4845  8576  578300.00  2279380.00  20.611925  105.751459  -11.4509  -16.6059
   931  4755  8591  577400.00  2279230.00  20.610607  105.742815  -13.2035  -22.7528
   932  4761  8603  577460.00  2279110.00  20.609520  105.743386   -6.1193   -9.2895
   933  4551  8606  575360.00  2279080.00  20.609334  105.723232   -9.6242  -12.6126
   934  4596  8609  575810.00  2279050.00  20.609045  105.727549   -4.4352  -15.5112
   935  4869  8612  578540.00  2279020.00  20.608662  105.753746    3.6359   -6.5794
   936  4497  8612  574820.00  2279020.00  20.608814  105.718047   -9.0990  -11.7823
   937  4740  8615  577250.00  2278990.00  20.608444  105.741365  -11.2011  -16.8566
   938  4581  8618  575660.00  2278960.00  20.608238  105.726106   -7.9033  -15.6252
   939  4632  8618  576170.00  2278960.00  20.608217  105.731000  -12.3167  -12.3044
   940  4578  8621  575630.00  2278930.00  20.607968  105.725817   -8.4561  -11.6050
   941  5034  8654  580190.00  2278600.00  20.604797  105.769561  -21.1873  -23.1569
   942  4803  8660  577880.00  2278540.00  20.604352  105.747391  -21.9473  -21.3548
   943  4905  8672  578900.00  2278420.00  20.603226  105.757174  -22.9371  -19.3956
   944  4893  8681  578780.00  2278330.00  20.602417  105.756018   -8.7375  -16.3350
   945  4893  8687  578780.00  2278270.00  20.601875  105.756016   -5.8139   -9.9306
   946  4701  8699  576860.00  2278150.00  20.600871  105.737586  -12.2225  -19.5018
   947  4878  8711  578630.00  2278030.00  20.599713  105.754566   -3.5704   -8.9571
   948  5100  8714  580850.00  2278000.00  20.599348  105.775867   -8.7650  -14.7491
   949  4953  8717  579380.00  2277970.00  20.599139  105.761760   -5.3659   -9.4128
   950  5142  8717  581270.00  2277970.00  20.599059  105.779896  -17.0751  -19.4280
   951  4851  8720  578360.00  2277940.00  20.598911  105.751971  -14.3570  -19.6298
   952  4497  8735  574820.00  2277790.00  20.597700  105.717995   -1.1268   -7.4570
   953  4881  8741  578660.00  2277730.00  20.597001  105.754840   -5.3951  -12.3777
   954  4896  8744  578810.00  2277700.00  20.596724  105.756278    0.6367   -9.6941
   956  4851  8768  578360.00  2277460.00  20.594574  105.751949  -13.7545  -20.0106
   957  4845  8777  578300.00  2277370.00  20.593764  105.751370   -9.0765  -14.9133
   958  4926  8780  579110.00  2277340.00  20.593459  105.759141  -17.8830  -22.0729
   959  5325  8810  583100.00  2277040.00  20.590576  105.797412   -2.6392  -10.6149
   960  5301  8825  582860.00  2276890.00  20.589231  105.795102   -6.8803  -17.2487
   961  5109  8825  580940.00  2276890.00  20.589315  105.776680  -12.1684  -16.3193
   962  4935  8834  579200.00  2276800.00  20.588576  105.759980   -7.0254  -10.4929
   963  5319  8837  583040.00  2276770.00  20.588139  105.796824   -4.4553  -14.6989
   965  5346  8846  583310.00  2276680.00  20.587314  105.799410  -13.9970  -13.9546
   966  5325  8846  583100.00  2276680.00  20.587323  105.797395  -10.3806  -12.4722
   967  5208  8873  581930.00  2276410.00  20.584935  105.786157   -6.5919  -16.9276
   968  5325  8894  583100.00  2276200.00  20.582986  105.797373   -7.8200  -17.7029
   969  4983  8897  579680.00  2276170.00  20.582863  105.764557  -16.4662  -22.0777
   970  4956  8912  579410.00  2276020.00  20.581519  105.761960   -0.7353   -4.5206
   971  5160  8912  581450.00  2276020.00  20.581432  105.781533  -11.8729  -12.7477
   972  5025  8915  580100.00  2275990.00  20.581219  105.768579  -16.7147  -22.4229
   973  5208  8924  581930.00  2275900.00  20.580327  105.786133   -7.4748  -14.2284
   974  5226  8927  582110.00  2275870.00  20.580048  105.787859   -7.9842  -14.9554
   975  5013  8936  579980.00  2275780.00  20.579327  105.767418  -14.1708  -19.9158
   976  5142  8942  581270.00  2275720.00  20.578729  105.779792   -1.8357   -7.4215
   977  4977  8948  579620.00  2275660.00  20.578258  105.763959  -11.6795  -16.9189
   978  5238  8963  582230.00  2275510.00  20.576790  105.788993  -12.3704  -17.4533
   979  5061  8981  580460.00  2275330.00  20.575240  105.772003  -12.3731  -19.2261
   980  5250  8987  582350.00  2275270.00  20.574616  105.790133  -10.1896  -13.8371
   981  5100  8990  580850.00  2275240.00  20.574410  105.775741   -5.2117   -9.0472
   982  5184  8993  581690.00  2275210.00  20.574103  105.783798   -8.2591  -11.4999
   983  5121  9002  581060.00  2275120.00  20.573317  105.777750   -6.4879  -11.8882
   984  5196  9014  581810.00  2275000.00  20.572201  105.784940  -10.6005  -13.4071
   985  5160  9023  581450.00  2274910.00  20.571403  105.781482  -11.6720  -18.1430
   986  5205  9032  581900.00  2274820.00  20.570570  105.785795   -5.0211  -12.6274
   987  5280  9035  582650.00  2274790.00  20.570266  105.792989   -9.0956  -13.1059
   988  5226  9044  582110.00  2274700.00  20.569477  105.787804  -10.0262  -17.0775
   989  5127  9050  581120.00  2274640.00  20.568978  105.778304  -11.5721  -15.6840
   991  5046  9059  580310.00  2274550.00  20.568199  105.770529   -9.3578  -15.1418
   992  5049  9083  580340.00  2274310.00  20.566030  105.770805  -13.6047  -17.0498
