; ENVI Output of ROIs (5.2) [Sun Dec 01 15:58:14 2019]
; Number of ROIs: 1
; File Dimension: 7647 x 9116
;
; ROI name: EVF: Layer: forest.shp
; ROI rgb value: {255, 255, 255}
; ROI npts: 991
;   ID     X     Y      Map X       Map Y        Lat         Lon        B1        B2
     1  5310   224  582950.00  2362900.00  21.366309  105.800092   -7.0135  -14.6677
     2  5184   272  581690.00  2362420.00  21.362030  105.787916  -14.0304  -15.9436
     3  5217   308  582020.00  2362060.00  21.358763  105.791081  -14.3141  -19.0632
     4  5340   317  583250.00  2361970.00  21.357894  105.802939  -11.0599  -19.0629
     5  5232   353  582170.00  2361610.00  21.354691  105.792506  -11.8528  -17.1746
     7  5169   359  581540.00  2361550.00  21.354177  105.786427   -8.8664  -20.6078
     8  5151   371  581360.00  2361430.00  21.353101  105.784686   -5.3610  -10.5656
    10  5157   404  581420.00  2361100.00  21.350117  105.785248   -7.5776   -9.9888
    11  5322   419  583070.00  2360950.00  21.348687  105.801153  -14.5431  -14.8032
    12  5238   422  582230.00  2360920.00  21.348454  105.793051  -15.6849  -17.9936
    13  5166   425  581510.00  2360890.00  21.348216  105.786106   -6.6873  -13.8122
    14  5175   443  581600.00  2360710.00  21.346586  105.786966   -6.7692  -12.6038
    15  5253   443  582380.00  2360710.00  21.346550  105.794487  -13.5818  -17.3349
    16  5205   446  581900.00  2360680.00  21.346301  105.789857   -9.1604  -16.1634
    17  5319   452  583040.00  2360620.00  21.345707  105.800848  -13.9389  -17.7429
    18  5169   464  581540.00  2360500.00  21.344691  105.786377  -11.4347  -15.5383
    19  5334   464  583190.00  2360500.00  21.344616  105.802288  -13.6639  -15.3494
    20  5274   467  582590.00  2360470.00  21.344372  105.796501   -7.9203  -13.1936
    21  5211   473  581960.00  2360410.00  21.343859  105.790423   -9.8993  -15.0546
    22  5262   488  582470.00  2360260.00  21.342481  105.795333   -1.1651  -14.4244
    23  5295   491  582800.00  2360230.00  21.342195  105.798514  -15.6693  -18.4915
    24  5190   503  581750.00  2360110.00  21.341158  105.788383  -14.3897  -18.6326
    25  5208   506  581930.00  2360080.00  21.340879  105.790117   -5.3609  -13.2468
    26  5712   506  586970.00  2360080.00  21.340643  105.838718   -9.0959  -14.6705
    27  5121   506  581060.00  2360080.00  21.340918  105.781728   -9.8902  -16.1251
    28  5274   521  582590.00  2359930.00  21.339494  105.796475   -8.2245  -11.4220
    29  5895   521  588800.00  2359930.00  21.339199  105.856357   -8.9262  -13.9398
    31  5856   551  588410.00  2359630.00  21.336508  105.852581  -12.0131  -11.8201
    32  5229   578  582140.00  2359360.00  21.334365  105.792108   -5.9963  -14.4226
    34  5298   581  582830.00  2359330.00  21.334062  105.798760  -12.8739  -20.7925
    35  5157   587  581420.00  2359270.00  21.333584  105.785160   -8.0632  -13.3332
    36  5088   587  580730.00  2359270.00  21.333615  105.778507   -6.2613  -15.0399
    37  5859   593  588440.00  2359210.00  21.332712  105.852848   -6.6358  -17.3520
    38  5214   611  581990.00  2359030.00  21.331390  105.790645   -5.6333   -9.9017
    39  5049   632  580340.00  2358820.00  21.329567  105.774725   -7.5059  -14.4308
    41  5310   644  582950.00  2358700.00  21.328365  105.799886  -14.5098  -19.4685
    42  5289   650  582740.00  2358640.00  21.327833  105.797858   -4.6427  -12.1776
    43  5034   650  580190.00  2358640.00  21.327947  105.773270  -16.2786  -17.6333
    44  5727   659  587120.00  2358550.00  21.326814  105.840086   -7.5562  -11.7234
    45  5133   662  581180.00  2358520.00  21.326819  105.782810   -9.2369  -13.1340
    46  5391   671  583760.00  2358430.00  21.325888  105.807683   -4.1268  -11.8689
    47  5757   677  587420.00  2358370.00  21.325173  105.842969   -8.0147  -14.8281
    48  5226   680  582110.00  2358340.00  21.325151  105.791769   -1.8455   -4.6189
    49  5259   689  582440.00  2358250.00  21.324323  105.794946   -5.6642   -7.4015
    50  5373   698  583580.00  2358160.00  21.323457  105.805934  -15.0187  -17.8934
    51  5358   701  583430.00  2358130.00  21.323193  105.804486   -7.7632  -11.9474
    52  5139   701  581240.00  2358130.00  21.323293  105.783370   -8.8830  -13.7944
    53  5385   704  583700.00  2358100.00  21.322910  105.807088  -13.1343  -14.4428
    54  5472   704  584570.00  2358100.00  21.322869  105.815476  -13.3203  -17.5585
    55  5232   716  582170.00  2357980.00  21.321896  105.792330   -8.6527  -13.2450
    56  5259   734  582440.00  2357800.00  21.320257  105.794924   -9.8923  -14.5852
    57  5190   734  581750.00  2357800.00  21.320289  105.788272  -17.2476  -19.2654
    58  5343   737  583280.00  2357770.00  21.319948  105.803022  -10.7745  -16.3347
    59  5142   749  581270.00  2357650.00  21.318955  105.783636   -5.1440  -13.5314
    60  5475   752  584600.00  2357620.00  21.318531  105.815742  -13.5248  -16.5459
    61  5220   758  582050.00  2357560.00  21.318107  105.791153   -7.9015   -8.8788
    62  5340   761  583250.00  2357530.00  21.317781  105.802721   -7.0839  -14.7077
    63  5013   761  579980.00  2357530.00  21.317928  105.771193   -9.1177  -17.3651
    64  5181   770  581660.00  2357440.00  21.317040  105.787387  -14.2521  -14.1162
    65  5364   773  583490.00  2357410.00  21.316686  105.805029  -13.3028  -14.8803
    66  5136   779  581210.00  2357350.00  21.316247  105.783043  -13.7493  -15.1866
    67  5070   779  580550.00  2357350.00  21.316277  105.776680   -6.3737  -12.8865
    68  5517   779  585020.00  2357350.00  21.316072  105.819778   -9.9582  -14.8397
    69  5118   782  581030.00  2357320.00  21.315984  105.781307   -8.0244  -13.7264
    70  5148   806  581330.00  2357080.00  21.313803  105.784188  -13.1204  -19.7768
    71  5310   812  582950.00  2357020.00  21.313187  105.799804   -4.1930   -9.8164
    72  4929   818  579140.00  2356960.00  21.312816  105.763067  -12.6858  -15.7626
    75  5199   839  581840.00  2356750.00  21.310798  105.789089  -14.6308  -15.9885
    76  5325   857  583100.00  2356570.00  21.309115  105.801228   -3.7670  -12.1283
    77  5223   860  582080.00  2356540.00  21.308890  105.791392  -13.5632  -20.5252
    78  5340   869  583250.00  2356450.00  21.308024  105.802668  -17.6283  -19.7973
    79  5193   869  581780.00  2356450.00  21.308091  105.788496   -9.8861  -15.7830
    80  4914   878  578990.00  2356360.00  21.307402  105.761593  -11.3950  -17.2016
    81  5691   881  586760.00  2356330.00  21.306775  105.836501   -8.9893  -20.9013
    82  5262   881  582470.00  2356330.00  21.306975  105.795142  -10.5116  -13.1850
    83  5355   881  583400.00  2356330.00  21.306933  105.804108   -7.1955  -11.7676
    84  5133   884  581180.00  2356300.00  21.306763  105.782704   -7.8216  -11.3816
    85  5223   884  582080.00  2356300.00  21.306722  105.791381  -11.6299  -17.2080
    86  5571   887  585560.00  2356270.00  21.306290  105.824929   -8.3594  -15.1916
    87  5412   896  583970.00  2356180.00  21.305551  105.809596   -9.4511  -13.1752
    88  5535   896  585200.00  2356180.00  21.305494  105.821454   -8.0847  -16.6838
    89  5166   899  581510.00  2356150.00  21.305393  105.785878   -4.3588  -11.1811
    90  5682   899  586670.00  2356150.00  21.305153  105.835625  -11.2532  -12.0198
    91  5340   899  583250.00  2356150.00  21.305313  105.802653  -11.8797  -15.1529
    92  5250   905  582350.00  2356090.00  21.304813  105.793974  -10.0700  -16.2057
    93  5688   908  586730.00  2356060.00  21.304337  105.836198  -13.3209  -17.7791
    94  5007   911  579920.00  2356030.00  21.304379  105.770544   -7.1956  -14.9147
    95  5673   923  586580.00  2355910.00  21.302989  105.834745   -8.5574  -15.4614
    96  5643   926  586280.00  2355880.00  21.302732  105.831851  -10.0195  -16.5114
    97  5235   926  582200.00  2355880.00  21.302922  105.792517  -15.1196  -23.7483
    98  5160   932  581450.00  2355820.00  21.302414  105.785284   -1.3492   -5.2979
    99  5586   935  585710.00  2355790.00  21.301946  105.826351  -10.8942  -17.1030
   100  5118   935  581030.00  2355790.00  21.302162  105.781233   -6.6003  -10.5554
   101  5271   938  582560.00  2355760.00  21.301822  105.795982  -10.0544  -20.4669
   102  5412   941  583970.00  2355730.00  21.301486  105.809574   -6.2699  -14.1528
   103  5178   941  581630.00  2355730.00  21.301593  105.787015   -4.1533   -6.9948
   104  5148   956  581330.00  2355580.00  21.300251  105.784116   -7.2765  -14.3896
   105  5592   959  585770.00  2355550.00  21.299775  105.826918   -2.2807   -5.9576
   106  5136   971  581210.00  2355430.00  21.298901  105.782952   -6.4380  -14.4883
   107  5598   980  585830.00  2355340.00  21.297875  105.827485   -8.5769  -12.2912
   108  5691   986  586760.00  2355280.00  21.297289  105.836448  -15.5424  -14.9196
   109  5100   986  580850.00  2355280.00  21.297562  105.779474  -12.8718  -16.6074
   110  5538   989  585230.00  2355250.00  21.297090  105.821697  -11.4216  -13.3694
   111  5187   995  581720.00  2355190.00  21.296710  105.787857   -7.7684  -11.7855
   112  5049   998  580340.00  2355160.00  21.296501  105.774552   -7.2236  -17.3606
   113  5628  1001  586130.00  2355130.00  21.295964  105.830367  -12.9848  -17.7600
   114  5166  1004  581510.00  2355100.00  21.295906  105.785828   -6.0302  -13.5749
   116  5622  1034  586070.00  2354800.00  21.292985  105.829772   -7.2175   -9.5465
   117  5571  1046  585560.00  2354680.00  21.291925  105.824849  -14.8264  -18.8300
   118  5682  1052  586670.00  2354620.00  21.291330  105.835546   -6.5299  -13.5420
   119  5343  1061  583280.00  2354530.00  21.290676  105.802863  -16.5705  -16.4260
   120  5556  1094  585410.00  2354200.00  21.287596  105.823379  -14.7835  -17.6375
   121  5214  1115  581990.00  2353990.00  21.285856  105.790402  -13.1890  -16.4690
   122  5265  1115  582500.00  2353990.00  21.285833  105.795318  -11.7162   -9.2057
   123  5394  1121  583790.00  2353930.00  21.285232  105.807750  -13.0051  -20.2163
   124  5610  1127  585950.00  2353870.00  21.284589  105.828568   -7.2646  -10.9023
   125  5436  1136  584210.00  2353780.00  21.283857  105.811791  -15.2194  -19.8960
   126  5616  1154  586010.00  2353600.00  21.282147  105.829132  -14.4241  -15.9913
   127  5670  1157  586550.00  2353570.00  21.281850  105.834336  -10.8211  -17.5382
   128  5586  1157  585710.00  2353570.00  21.281890  105.826239   -5.4348  -12.4096
   129  5430  1166  584150.00  2353480.00  21.281150  105.811198  -14.8815  -16.8669
   130  5550  1169  585350.00  2353450.00  21.280823  105.822763   -8.7794  -13.8452
   131  5508  1169  584930.00  2353450.00  21.280842  105.818715  -15.6801  -15.7428
   132  5517  1178  585020.00  2353360.00  21.280025  105.819578   -9.9169  -15.2863
   133  5616  1178  586010.00  2353360.00  21.279978  105.829120  -15.6354  -20.0939
   134  5457  1196  584420.00  2353180.00  21.278427  105.813785   -9.4791  -12.5037
   135  5655  1205  586400.00  2353090.00  21.277521  105.832866  -12.0131  -14.6233
   136  5634  1208  586190.00  2353060.00  21.277260  105.830840  -13.1877  -13.4006
   137  5628  1211  586130.00  2353030.00  21.276991  105.830260   -9.3300  -13.6106
   138  5361  1214  583460.00  2353000.00  21.276845  105.804523   -4.3204  -10.6682
   139  5022  1214  580070.00  2353000.00  21.276998  105.771847   -7.7867  -18.9153
   140  5460  1238  584450.00  2352760.00  21.274631  105.814054  -10.5345  -17.6109
   141  5433  1253  584180.00  2352610.00  21.273289  105.811444   -8.9261  -17.6299
   142  5349  1256  583340.00  2352580.00  21.273056  105.803346   -9.5420  -12.6996
   143  5427  1262  584120.00  2352520.00  21.272478  105.810861  -16.7450  -16.1777
   144  5379  1280  583640.00  2352340.00  21.270874  105.806225   -9.7666  -11.7123
   145  5436  1301  584210.00  2352130.00  21.268951  105.811709   -8.4614  -14.4788
   146  5547  1313  585320.00  2352010.00  21.267815  105.822402  -10.5752  -13.5772
   147  5652  1322  586370.00  2351920.00  21.266952  105.832517  -10.3960  -16.7205
   148  5667  1340  586520.00  2351740.00  21.265318  105.833954  -14.1028  -17.9134
   149  4731  1340  577160.00  2351740.00  21.265741  105.743740   -5.7227  -13.1556
   150  5457  1358  584420.00  2351560.00  21.263791  105.813705  -10.9984  -15.4602
   151  5457  1394  584420.00  2351200.00  21.260539  105.813687   -8.9654  -12.2041
   152  5634  1406  586190.00  2351080.00  21.259371  105.830740  -11.7071  -17.0585
   153  5985  1415  589700.00  2350990.00  21.258388  105.864563   -7.2668  -16.7238
   154  4617  1511  576020.00  2350030.00  21.250340  105.732676   -9.3956  -14.1361
   155  1128  1544  541130.00  2349700.00  21.248484  105.396409   -4.4302  -10.1538
   156  6081  1592  590660.00  2349220.00  21.242350  105.873721   -8.7259  -13.0059
   158   744  1721  537290.00  2347930.00  21.232575  105.359361  -13.5526  -11.9425
   159   876  1748  538610.00  2347660.00  21.230107  105.372076   -8.8266  -13.7434
   160  5790  1757  587750.00  2347570.00  21.227586  105.845594  -10.6779  -19.5850
   161   684  1826  536690.00  2346880.00  21.223100  105.353556   -6.4711  -11.4036
   162  4977  1958  579620.00  2345560.00  21.209801  105.767161   -7.2189  -13.8178
   163   984  2003  539690.00  2345110.00  21.207044  105.382424  -11.6793  -17.9557
   164  5397  2021  583820.00  2344930.00  21.203920  105.807596   -7.7890  -13.5335
   165  4341  2069  573260.00  2344450.00  21.200039  105.705837   -7.7426  -14.7547
   166   738  2108  537230.00  2344060.00  21.197609  105.358698   -8.6526  -20.6714
   167   903  2129  538880.00  2343850.00  21.195677  105.374591  -16.1533  -17.8475
   168  1131  2165  541160.00  2343490.00  21.192375  105.396548  -11.0283  -15.5700
   169   825  2165  538100.00  2343490.00  21.192441  105.367068  -10.8045  -16.3617
   170  5700  2189  586850.00  2343250.00  21.188600  105.836702  -11.6994  -14.7901
   171   837  2201  538220.00  2343130.00  21.189186  105.368216   -6.4152  -16.7043
   172  5280  2216  582650.00  2342980.00  21.186356  105.796229  -11.8681  -16.2484
   173  1005  2321  539900.00  2341930.00  21.178308  105.384373  -10.4779  -14.6339
   174  1002  2330  539870.00  2341840.00  21.177495  105.384082   -4.9542  -11.5367
   175   747  2336  537320.00  2341780.00  21.177007  105.359516   -4.0612  -13.8325
   176  5706  2381  586910.00  2341330.00  21.171251  105.837182   -4.7258  -15.1754
   177   573  2399  535580.00  2341150.00  21.171350  105.342741  -12.4377  -14.6059
   178   399  2420  533840.00  2340940.00  21.169485  105.325976   -6.3631  -15.4889
   179  1440  2453  544250.00  2340610.00  21.166281  105.426243   -9.7271  -11.6559
   180   546  2453  535310.00  2340610.00  21.166476  105.340129  -10.2324  -20.6669
   181  1437  2468  544220.00  2340460.00  21.164926  105.425950   -8.8865  -13.3103
   182  1029  2471  540140.00  2340430.00  21.164750  105.386650   -6.2467  -13.7697
   183   555  2486  535400.00  2340280.00  21.163492  105.340989  -10.8383  -14.2414
   184  1143  2522  541280.00  2339920.00  21.160116  105.397618  -10.9210  -16.1843
   185   426  2534  534110.00  2339800.00  21.159180  105.328554  -10.0381  -13.2025
   186   582  2549  535670.00  2339650.00  21.157795  105.343577   -9.8874  -12.2229
   187  1224  2591  542090.00  2339230.00  21.153863  105.405403   -6.2286  -13.5912
   188   747  2612  537320.00  2339020.00  21.152070  105.359456   -7.4365  -11.4678
   189   453  2618  534380.00  2338960.00  21.151585  105.331137   -5.3267  -15.0609
   190  3267  2660  562520.00  2338540.00  21.147043  105.602149   -9.1156  -15.8519
   191  1836  2669  548210.00  2338450.00  21.146664  105.464327  -11.8518  -12.0377
   192  1056  2672  540410.00  2338420.00  21.146583  105.389203  -10.9152  -14.4166
   193   498  2681  534830.00  2338330.00  21.145885  105.335459   -8.1803  -11.6250
   194   708  2684  536930.00  2338300.00  21.145572  105.355684   -8.4848  -18.1761
   195   525  2684  535100.00  2338300.00  21.145608  105.338059  -12.1569  -16.2649
   196   303  2687  532880.00  2338270.00  21.145379  105.316677   -8.6050  -11.0915
   197  1065  2687  540500.00  2338270.00  21.145225  105.390066  -11.2606  -16.4085
   198  1044  2693  540290.00  2338210.00  21.144688  105.388042   -9.9924  -15.2690
   199  2745  2699  557300.00  2338150.00  21.143691  105.551862   -7.6977  -12.4946
   200   525  2699  535100.00  2338150.00  21.144253  105.338056   -7.3384  -10.9004
   201   369  2702  533540.00  2338120.00  21.144011  105.323030   -6.4993  -10.4917
   202   894  2705  538790.00  2338090.00  21.143636  105.373593  -10.9152  -15.4423
   203   912  2705  538970.00  2338090.00  21.143632  105.375326   -9.6377  -13.2700
   204  1275  2711  542600.00  2338030.00  21.143009  105.410285  -10.2383  -14.0822
   205  5931  2717  589160.00  2337970.00  21.140787  105.858679   -7.6916  -15.6667
   206   738  2723  537230.00  2337910.00  21.142042  105.358565  -11.4880  -16.6592
   207   786  2726  537710.00  2337880.00  21.141761  105.363187   -7.8012  -17.4864
   208  1809  2735  547940.00  2337790.00  21.140708  105.461708   -8.5826  -16.2467
   209  1359  2741  543440.00  2337730.00  21.140279  105.418368   -8.5897  -12.1654
   210  3456  2744  564410.00  2337700.00  21.139388  105.620320   -9.6493  -17.2685
   211  1818  2747  548030.00  2337670.00  21.139622  105.462571   -8.5584  -16.3523
   212  4764  2753  577490.00  2337610.00  21.138067  105.746279  -10.6977  -18.4529
   213   681  2753  536660.00  2337610.00  21.139343  105.353069  -10.3277  -14.4917
   214  1038  2753  540230.00  2337610.00  21.139268  105.387450  -11.4670  -12.2322
   215  1944  2759  549290.00  2337550.00  21.138504  105.474702   -7.7253  -14.0004
   216  3639  2762  566240.00  2337520.00  21.137697  105.637936   -7.4968  -10.9563
   217  1002  2768  539870.00  2337460.00  21.137921  105.383980   -8.7261  -15.7322
   218  1050  2786  540350.00  2337280.00  21.136284  105.388598   -8.0057  -15.2369
   219  3414  2792  563990.00  2337220.00  21.135066  105.616257   -7.2796  -13.1017
   220   456  2798  534410.00  2337160.00  21.135321  105.331390  -12.2498  -16.7147
   221  2355  2822  553400.00  2336920.00  21.132696  105.514264  -10.5590  -20.5508
   222   345  2834  533300.00  2336800.00  21.132089  105.320693   -9.7253  -16.6614
   223  1593  2834  545780.00  2336800.00  21.131819  105.440879  -12.0098  -17.0611
   224  1044  2834  540290.00  2336800.00  21.131948  105.388009   -9.7302  -16.8333
   225   648  2837  536330.00  2336770.00  21.131760  105.349873   -8.2080  -12.6059
   226   516  2846  535010.00  2336680.00  21.130973  105.337159   -8.1523  -15.0721
   227   501  2858  534860.00  2336560.00  21.129891  105.335712  -11.2570   -9.8089
   228  3906  2864  568910.00  2336500.00  21.128382  105.663608   -5.3710  -14.5059
   229   309  2870  532940.00  2336440.00  21.128843  105.317220   -4.9215  -12.8604
   230   420  2879  534050.00  2336350.00  21.128009  105.327907  -12.0828  -15.5681
   231  6057  2879  590420.00  2336350.00  21.126089  105.870727   -8.6793  -17.8147
   232  3492  2903  564770.00  2336110.00  21.125010  105.623727   -6.7025  -11.0057
   233  1413  2909  543980.00  2336050.00  21.125087  105.423525   -6.1436  -13.5548
   234  1857  2912  548420.00  2336020.00  21.124703  105.466280  -10.6191  -15.3955
   235   684  2927  536690.00  2335870.00  21.123621  105.353320  -11.2743  -13.7493
   236  3552  2930  565370.00  2335840.00  21.122549  105.629494   -7.3512  -13.6598
   237  1653  2960  546380.00  2335540.00  21.120419  105.446623   -8.0227  -13.2335
   238   570  2963  535550.00  2335510.00  21.120391  105.342335   -4.9308  -16.4790
   239   867  2963  538520.00  2335510.00  21.120331  105.370934  -15.2759  -16.9833
   240   441  2981  534260.00  2335330.00  21.118789  105.329909   -8.1085  -10.0597
   241  1539  3002  545240.00  2335120.00  21.116653  105.435634   -9.0654  -12.5063
   242  5457  3002  584420.00  2335120.00  21.115264  105.812892  -12.5697  -19.1311
   243  1533  3005  545180.00  2335090.00  21.116383  105.435056   -6.3348  -15.2646
   244   441  3008  534260.00  2335060.00  21.116350  105.329904   -8.0526  -10.4088
   245   405  3011  533900.00  2335030.00  21.116085  105.326437  -11.5161  -16.2242
   246   399  3017  533840.00  2334970.00  21.115544  105.325858  -10.3176  -16.1213
   247  4767  3044  577520.00  2334700.00  21.111775  105.746437  -10.2239  -14.7981
   248   438  3050  534230.00  2334640.00  21.112555  105.329606   -6.9590  -14.1155
   249   816  3056  538010.00  2334580.00  21.111939  105.366003   -6.2846  -12.5459
   250  2001  3059  549860.00  2334550.00  21.111383  105.480104   -8.6158  -12.1970
   251   960  3059  539450.00  2334550.00  21.111637  105.379868   -6.8148  -16.0115
   252  1794  3062  547790.00  2334520.00  21.111167  105.460172   -9.1405  -15.3481
   253   972  3071  539570.00  2334430.00  21.110550  105.381021   -5.0893  -12.9453
   254   456  3077  534410.00  2334370.00  21.110112  105.331334   -8.2266  -13.2908
   255   423  3080  534080.00  2334340.00  21.109848  105.328156   -6.8632  -10.6774
   256   435  3083  534200.00  2334310.00  21.109574  105.329311  -12.3143  -14.3346
   257  5472  3098  584570.00  2334160.00  21.106583  105.814289  -11.1046  -16.8996
   258  5628  3104  586130.00  2334100.00  21.105968  105.829306   -6.9313  -16.4754
   259  1830  3107  548150.00  2334070.00  21.107092  105.463626   -9.3350  -13.9831
   260   675  3113  536600.00  2334010.00  21.106817  105.352414   -5.3532  -11.8155
   261   675  3125  536600.00  2333890.00  21.105733  105.352411   -4.8187  -10.1630
   262   768  3137  537530.00  2333770.00  21.104630  105.361363  -10.3731  -10.6881
   263  1011  3155  539960.00  2333590.00  21.102952  105.384756   -8.0904  -11.6626
   264  1518  3161  545030.00  2333530.00  21.102292  105.433570   -7.6263  -18.1788
   265  1833  3164  548180.00  2333500.00  21.101941  105.463898  -11.1205  -15.9842
   266  4062  3167  570470.00  2333470.00  21.100947  105.678506  -10.5578  -16.6625
   267  1026  3173  540110.00  2333410.00  21.101322  105.386196  -13.7257  -18.1947
   268   729  3173  537140.00  2333410.00  21.101385  105.357600  -14.2534  -14.2182
   269   648  3182  536330.00  2333320.00  21.100588  105.349799  -12.9542  -11.4738
   270  4083  3185  570680.00  2333290.00  21.099313  105.680520   -9.0618  -14.7670
   271   645  3191  536300.00  2333230.00  21.099776  105.349509    0.1012   -7.6755
   272  3840  3191  568250.00  2333230.00  21.098863  105.657122   -9.7494  -15.1631
   273   708  3194  536930.00  2333200.00  21.099492  105.355574   -9.3406  -11.1211
   274  1059  3203  540440.00  2333110.00  21.098605  105.389367  -11.0399  -17.7353
   275  3924  3224  569090.00  2332900.00  21.095850  105.665196  -10.6495  -13.0817
   276  1230  3227  542150.00  2332870.00  21.096397  105.405825   -3.4450  -14.3288
   277   843  3227  538280.00  2332870.00  21.096483  105.368565  -12.0231  -13.0353
   278  1233  3230  542180.00  2332840.00  21.096126  105.406113   -6.9111  -14.4011
   279   393  3236  533780.00  2332780.00  21.095758  105.325237  -10.0322  -17.9556
   280   714  3239  536990.00  2332750.00  21.095425  105.356142   -9.6400  -14.4891
   281   465  3239  534500.00  2332750.00  21.095473  105.332168   -5.5424  -11.5933
   282   474  3245  534590.00  2332690.00  21.094930  105.333034  -11.3176  -16.6549
   283   792  3245  537770.00  2332690.00  21.094867  105.363650   -8.5333  -14.6455
   284  5697  3248  586820.00  2332660.00  21.092926  105.835876  -10.9011  -13.4376
   285   435  3248  534200.00  2332660.00  21.094666  105.329278   -5.5573   -9.7401
   286   819  3251  538040.00  2332630.00  21.094319  105.366248   -8.1101  -14.4606
   287   654  3254  536390.00  2332600.00  21.094082  105.350362    0.8936   -5.7492
   288   699  3254  536840.00  2332600.00  21.094073  105.354694    3.2049   -1.0256
   289   972  3254  539570.00  2332600.00  21.094016  105.380978  -16.5145  -16.8061
   290   993  3260  539780.00  2332540.00  21.093469  105.382999  -12.3408  -12.7675
   291   699  3260  536840.00  2332540.00  21.093530  105.354693    1.7473   -3.5087
   292  1323  3260  543080.00  2332540.00  21.093394  105.414770   -7.2243  -15.2379
   293   630  3263  536150.00  2332510.00  21.093273  105.348049   -8.7878  -14.5704
   294  1725  3263  547100.00  2332510.00  21.093024  105.453473  -14.6117  -22.5224
   295   651  3275  536360.00  2332390.00  21.092185  105.350069  -10.8289  -13.1459
   296   771  3275  537560.00  2332390.00  21.092160  105.361622   -8.4018  -15.2596
   297  3555  3281  565400.00  2332330.00  21.090835  105.629649   -8.2225  -17.1386
   298   867  3287  538520.00  2332270.00  21.091056  105.370862   -1.9768   -7.4913
   299   561  3287  535460.00  2332270.00  21.091118  105.341401  -14.3829  -16.4745
   300  4968  3287  579530.00  2332270.00  21.089734  105.765677   -7.9401  -16.2198
   301   687  3290  536720.00  2332240.00  21.090822  105.353531   -2.7471  -10.7362
   302   735  3290  537200.00  2332240.00  21.090813  105.358153   -8.7843  -12.8837
   303   588  3296  535730.00  2332180.00  21.090300  105.343999  -13.5845  -18.0339
   304  1551  3299  545360.00  2332150.00  21.089815  105.436711   -4.4462  -15.4386
   305   594  3302  535790.00  2332120.00  21.089756  105.344575  -10.8826  -12.7209
   306  1086  3305  540710.00  2332090.00  21.089383  105.391942   -4.9644   -9.0192
   307  6306  3308  592910.00  2332060.00  21.087206  105.894471   -8.5185  -13.6709
   308  1095  3311  540800.00  2332030.00  21.088838  105.392807  -12.7377  -16.5558
   309   576  3311  535610.00  2332030.00  21.088947  105.342840   -3.5165  -16.4971
   310  1242  3317  542270.00  2331970.00  21.088263  105.406958  -10.7461  -17.5083
   311  6384  3317  593690.00  2331970.00  21.086354  105.901974   -6.4216  -14.3694
   312  4662  3323  576470.00  2331910.00  21.086612  105.736203   -6.0114  -14.5152
   313  1116  3323  541010.00  2331910.00  21.087749  105.394826   -5.8148  -12.9204
   314   834  3329  538190.00  2331850.00  21.087268  105.367675  -10.1664  -14.7944
   315  6390  3329  593750.00  2331850.00  21.085266  105.902545  -10.0666  -12.7884
   316   699  3332  536840.00  2331820.00  21.087025  105.354678    0.5988   -7.3070
   317   777  3332  537620.00  2331820.00  21.087009  105.362187   -9.8489  -14.4054
   318   942  3341  539270.00  2331730.00  21.086161  105.378070  -16.7616  -25.7147
   319   564  3341  535490.00  2331730.00  21.086238  105.341679   -6.6598  -12.0041
   320   903  3344  538880.00  2331700.00  21.085898  105.374315   -8.2114  -13.2043
   321   981  3344  539660.00  2331700.00  21.085882  105.381824  -10.5553  -16.8122
   322  6336  3344  593210.00  2331700.00  21.083939  105.897339  -13.0896  -15.2365
   323  6759  3347  597440.00  2331670.00  21.083447  105.938056   -9.7823  -14.8583
   324  1644  3350  546290.00  2331640.00  21.085184  105.445651  -13.6949  -14.3161
   325   924  3353  539090.00  2331610.00  21.085081  105.376334   -9.5803   -9.4049
   326   978  3353  539630.00  2331610.00  21.085069  105.381533  -15.3283  -14.5098
   327   507  3356  534920.00  2331580.00  21.084894  105.336188   -3.7501  -10.2328
   328   819  3356  538040.00  2331580.00  21.084832  105.366225   -9.5227  -17.2870
   329  1353  3356  543380.00  2331580.00  21.084713  105.417634  -13.6770  -15.8342
   330  1056  3359  540410.00  2331550.00  21.084510  105.389041   -6.9878  -13.6193
   331   555  3359  535400.00  2331550.00  21.084614  105.340809   -6.5880  -14.7281
   332   957  3362  539420.00  2331520.00  21.084261  105.379509   -6.8123  -12.5615
   333   735  3365  537200.00  2331490.00  21.084036  105.358136   -7.2990  -14.6242
   334   927  3368  539120.00  2331460.00  21.083725  105.376620  -10.9595  -15.6162
   335  1368  3368  543530.00  2331460.00  21.083625  105.419075  -15.0034  -18.7185
   336   786  3371  537710.00  2331430.00  21.083483  105.363045   -7.9992  -12.3328
   337   474  3377  534590.00  2331370.00  21.083003  105.333007   -6.8014  -14.5151
   338   813  3377  537980.00  2331370.00  21.082936  105.365643   -8.2984  -12.9012
   339  1056  3377  540410.00  2331370.00  21.082884  105.389037  -11.3229  -11.5473
   340  1050  3380  540350.00  2331340.00  21.082614  105.388458   -4.1383  -15.5832
   341   855  3383  538400.00  2331310.00  21.082385  105.369685   -8.4109  -11.7539
   342  4491  3386  574760.00  2331280.00  21.080990  105.719713   -6.3943  -14.4376
   343  2190  3389  551750.00  2331250.00  21.081514  105.498203   -7.5491  -13.7714
   344   792  3389  537770.00  2331250.00  21.081856  105.363619   -8.4361   -9.7719
   345  1896  3389  548810.00  2331250.00  21.081595  105.469900   -9.5198  -12.8704
   346   489  3392  534740.00  2331220.00  21.081645  105.334448   -9.8796  -12.7604
   347  4728  3392  577130.00  2331220.00  21.080350  105.742525   -8.9842  -14.2484
   348   855  3395  538400.00  2331190.00  21.081301  105.369682  -11.7934  -15.3230
   349   927  3395  539120.00  2331190.00  21.081285  105.376614   -4.9983  -13.7933
   350   855  3407  538400.00  2331070.00  21.080216  105.369680  -11.8375  -19.1294
   351   666  3410  536510.00  2331040.00  21.079984  105.351484   -4.2662  -10.6745
   352   492  3410  534770.00  2331040.00  21.080018  105.334733   -7.6082   -9.2280
   353   543  3419  535280.00  2330950.00  21.079195  105.339641   -5.2855   -8.4004
   354  1011  3422  539960.00  2330920.00  21.078828  105.384694  -11.0373  -15.7317
   355  5091  3422  580760.00  2330920.00  21.077483  105.777454   -7.2828  -13.9587
   356   630  3422  536150.00  2330920.00  21.078907  105.348016   -8.3999  -14.3200
   357  1185  3431  541700.00  2330830.00  21.077976  105.401443   -6.6110  -15.7334
   358   603  3437  535880.00  2330770.00  21.077557  105.345413   -8.9127  -15.4017
   359   858  3440  538430.00  2330740.00  21.077234  105.369961   -7.7188  -15.2835
   360  1503  3446  544880.00  2330680.00  21.076545  105.432052   -7.4048  -14.7793
   361  1500  3452  544850.00  2330620.00  21.076004  105.431761   -4.5509  -13.8180
   362   636  3452  536210.00  2330620.00  21.076195  105.348587   -3.4454  -10.2701
   363  1056  3455  540410.00  2330590.00  21.075836  105.389018  -22.1778  -25.4660
   364   819  3455  538040.00  2330590.00  21.075887  105.366203   -5.5031   -9.5931
   365  1071  3458  540560.00  2330560.00  21.075562  105.390462  -11.1586  -12.8273
   366   867  3464  538520.00  2330500.00  21.075064  105.370822  -10.3836  -19.7481
   367   648  3464  536330.00  2330500.00  21.075108  105.349740   -1.2973   -8.9050
   368   651  3464  536360.00  2330500.00  21.075108  105.350029   -4.3482   -8.2261
   369   702  3467  536870.00  2330470.00  21.074827  105.354938   -6.3682  -14.7239
   370  4860  3473  578450.00  2330410.00  21.072976  105.755195   -9.4973  -15.8096
   371  1077  3476  540620.00  2330380.00  21.073934  105.391035  -10.8645  -17.6760
   372  4998  3479  579830.00  2330350.00  21.072374  105.768476   -9.2727  -14.4032
   373   696  3479  536810.00  2330350.00  21.073744  105.354357    2.0120   -4.8600
   374  1077  3482  540620.00  2330320.00  21.073392  105.391034   -4.4461  -15.5371
   375   522  3482  535070.00  2330320.00  21.073507  105.337607   -6.0815  -10.8618
   376   621  3485  536060.00  2330290.00  21.073216  105.347136   -4.8428  -12.3784
   377  4803  3488  577880.00  2330260.00  21.071645  105.749701  -10.1273  -10.5269
   378   876  3488  538610.00  2330260.00  21.072893  105.371683  -13.7527  -15.6903
   379   867  3491  538520.00  2330230.00  21.072624  105.370816  -15.9251  -16.1276
   380  3765  3494  567500.00  2330200.00  21.071515  105.649783   -7.4412  -17.1997
   381   768  3503  537530.00  2330110.00  21.071560  105.361283   -7.9453  -18.4373
   382  5727  3503  587120.00  2330110.00  21.069874  105.838635  -12.9938  -14.6638
   383  5010  3506  579950.00  2330080.00  21.069929  105.769618   -7.5536  -12.3584
   384  5754  3506  587390.00  2330080.00  21.069590  105.841232   -8.5072  -11.4627
   385   669  3509  536540.00  2330050.00  21.071038  105.351752    6.4432   -1.9975
   386   645  3509  536300.00  2330050.00  21.071043  105.349442    0.0559   -8.4033
   387  2004  3515  549890.00  2329990.00  21.070181  105.480261  -10.1421  -18.5769
   388   534  3515  535190.00  2329990.00  21.070523  105.338755   -3.9753   -9.5471
   389  4836  3518  578210.00  2329960.00  21.068920  105.752864   -9.4829  -15.4383
   390  1155  3524  541400.00  2329900.00  21.069580  105.398532   -9.9363  -13.8437
   391  3867  3530  568520.00  2329840.00  21.068224  105.659587   -9.4278  -12.5577
   392   552  3530  535370.00  2329840.00  21.069164  105.340485   -2.9847   -6.6664
   393   627  3530  536120.00  2329840.00  21.069149  105.347704   -5.0570   -8.2843
   394  2031  3533  550160.00  2329810.00  21.068548  105.482855  -10.5357  -15.5072
   395  3819  3536  568040.00  2329780.00  21.067700  105.654964   -7.5202  -12.9650
   396   669  3542  536540.00  2329720.00  21.068057  105.351745   -7.3213  -15.4286
   397  1101  3545  540860.00  2329690.00  21.067694  105.393329   -7.8697  -20.0055
   398  5928  3545  589130.00  2329690.00  21.065982  105.857960   -9.3054  -13.6878
   399   558  3548  535430.00  2329660.00  21.067536  105.341059   -8.3958  -14.4182
   400  1776  3548  547610.00  2329660.00  21.067260  105.458304   -9.0386  -15.2312
   401   870  3548  538550.00  2329660.00  21.067473  105.371092  -13.3068  -16.1401
   402   315  3551  533000.00  2329630.00  21.067311  105.317666  -14.7001  -17.6883
   403  2832  3551  558170.00  2329630.00  21.066684  105.559952   -6.1645  -13.8140
   404  1788  3551  547730.00  2329630.00  21.066986  105.459458  -13.0993  -19.4219
   405  1149  3554  541340.00  2329600.00  21.066870  105.397947  -12.8277  -15.0974
   406   852  3554  538370.00  2329600.00  21.066935  105.369358  -10.6720  -13.7721
   407   858  3560  538430.00  2329540.00  21.066392  105.369934   -7.7299  -17.5711
   408  1032  3560  540170.00  2329540.00  21.066354  105.386684   -3.0281  -13.1133
   409  5619  3563  586040.00  2329510.00  21.064504  105.828209   -9.6937  -13.5989
   410   753  3572  537380.00  2329420.00  21.065329  105.359824   -0.9235   -6.4983
   411   867  3578  538520.00  2329360.00  21.064763  105.370797   -8.6576  -16.6371
   412   957  3578  539420.00  2329360.00  21.064744  105.379460   -7.7682  -15.1293
   413  2559  3584  555440.00  2329300.00  21.063788  105.533663   -1.9964  -13.7882
   414   750  3587  537350.00  2329270.00  21.063974  105.359532    0.2178  -10.8274
   415   729  3590  537140.00  2329240.00  21.063708  105.357510   -4.7555  -11.7717
   416   936  3590  539210.00  2329240.00  21.063664  105.377436  -12.0330  -15.5761
   417   963  3593  539480.00  2329210.00  21.063388  105.380034   -6.9351  -15.3660
   418  4839  3599  578240.00  2329150.00  21.061601  105.753116   -6.6375  -14.0971
   419   603  3599  535880.00  2329150.00  21.062919  105.345380   -0.9850  -11.7022
   420  3828  3599  568130.00  2329150.00  21.062005  105.655805   -8.7303  -12.5065
   421   951  3602  539360.00  2329120.00  21.062577  105.378877  -15.2781  -19.9169
   422   780  3602  537650.00  2329120.00  21.062613  105.362417  -14.3496  -21.5558
   423   867  3605  538520.00  2329090.00  21.062324  105.370791  -13.3685  -16.4846
   424   873  3605  538580.00  2329090.00  21.062323  105.371368  -10.6946  -18.8377
   425  1506  3605  544910.00  2329090.00  21.062178  105.432299  -12.6718  -16.5299
   426  3159  3605  561440.00  2329090.00  21.061699  105.591409   -7.7318  -12.7942
   427  1485  3608  544700.00  2329060.00  21.061912  105.430277   -8.6364  -14.1288
   428   849  3608  538340.00  2329060.00  21.062056  105.369057   -7.7745  -15.7680
   429   918  3611  539030.00  2329030.00  21.061771  105.375698   -9.8036  -16.9525
   430   786  3611  537710.00  2329030.00  21.061798  105.362992   -7.1531  -18.0934
   431   639  3611  536240.00  2329030.00  21.061828  105.348842   -7.2715  -10.3952
   432   798  3614  537830.00  2329000.00  21.061525  105.364147  -15.1601  -19.0874
   433  4761  3617  577460.00  2328970.00  21.060008  105.745601   -8.5414  -18.9639
   434  4770  3623  577550.00  2328910.00  21.059462  105.746464   -9.0011  -12.1979
   435  1746  3623  547310.00  2328910.00  21.060492  105.455396   -8.0098  -13.9103
   436  4851  3629  578360.00  2328850.00  21.058885  105.754258  -10.6996  -13.2374
   437   966  3635  539510.00  2328790.00  21.059592  105.380313  -13.0077  -15.9799
   438   648  3635  536330.00  2328790.00  21.059658  105.349704   -2.7411   -9.3085
   439   468  3635  534530.00  2328790.00  21.059693  105.332378   -9.5589  -14.0266
   440  4833  3638  578180.00  2328760.00  21.058080  105.752521   -9.9651  -21.8769
   441   441  3638  534260.00  2328760.00  21.059427  105.329778   -4.4216  -10.2686
   442   537  3641  535220.00  2328730.00  21.059137  105.339018   -4.9269  -13.4109
   443   918  3641  539030.00  2328730.00  21.059060  105.375691  -14.7460  -18.3850
   444   663  3641  536480.00  2328730.00  21.059113  105.351146   -4.6231  -11.6743
   445  1080  3644  540650.00  2328700.00  21.058754  105.391284   -8.2676  -13.2834
   446  5001  3647  579860.00  2328670.00  21.057194  105.768687  -11.7105  -17.2906
   447   414  3650  533990.00  2328640.00  21.058347  105.327177   -2.7146   -9.1997
   448   264  3656  532490.00  2328580.00  21.057832  105.312737  -11.3193  -15.8524
   449  4842  3656  578270.00  2328580.00  21.056450  105.753379   -9.8060  -14.1729
   450   450  3656  534350.00  2328580.00  21.057799  105.330641   -0.6412   -5.0451
   451   954  3659  539390.00  2328550.00  21.057426  105.379153  -14.1715  -22.7117
   452   729  3665  537140.00  2328490.00  21.056931  105.357494   -3.9714   -7.6389
   453   663  3668  536480.00  2328460.00  21.056673  105.351141   -0.6593  -10.4878
   454  2127  3677  551120.00  2328370.00  21.055510  105.492053  -10.7889  -11.8149
   455   783  3686  537680.00  2328280.00  21.055023  105.362687   -1.0130   -8.5099
   456  2130  3686  551150.00  2328280.00  21.054696  105.492339   -8.1355  -16.2724
   457  1707  3695  546920.00  2328190.00  21.053996  105.451622   -7.9428   -8.9880
   458   975  3695  539600.00  2328190.00  21.054169  105.381166   -7.2598  -11.7838
   459   210  3695  531950.00  2328190.00  21.054318  105.307532   -9.1735  -15.1407
   460   693  3698  536780.00  2328160.00  21.053957  105.354022   -3.5790  -10.8074
   461   537  3698  535220.00  2328160.00  21.053987  105.339006   -9.2705  -14.6228
   462   735  3701  537200.00  2328130.00  21.053677  105.358064   -0.0650   -7.0454
   463   606  3704  535910.00  2328100.00  21.053432  105.345647   -2.7489  -10.8321
   464   747  3707  537320.00  2328070.00  21.053132  105.359217    2.4460   -9.8392
   465   876  3710  538610.00  2328040.00  21.052835  105.371633  -11.6286  -15.5854
   466   741  3716  537260.00  2327980.00  21.052321  105.358638    3.4553   -8.2288
   467   600  3716  535850.00  2327980.00  21.052349  105.345067   -8.0141  -17.2004
   468  1053  3719  540380.00  2327950.00  21.051983  105.388668   -6.3976  -14.1114
   469  1050  3722  540350.00  2327920.00  21.051713  105.388378  -10.8939  -13.6409
   470   918  3722  539030.00  2327920.00  21.051742  105.375673  -18.4063  -24.1978
   471  2226  3728  552110.00  2327860.00  21.050874  105.501566  -10.0601  -14.9002
   472   939  3728  539240.00  2327860.00  21.051195  105.377693  -13.6272  -18.6031
   473   396  3731  533810.00  2327830.00  21.051032  105.325428   -8.0379  -14.0897
   474   627  3731  536120.00  2327830.00  21.050988  105.347662  -11.6213  -17.8880
   475   840  3731  538250.00  2327830.00  21.050945  105.368164  -15.9612  -20.5130
   476   945  3734  539300.00  2327800.00  21.050652  105.378269  -13.4676  -15.7714
   477   504  3734  534890.00  2327800.00  21.050741  105.335823   -4.1364  -12.2877
   478  4890  3737  578750.00  2327770.00  21.049111  105.757962   -9.8234  -16.1482
   479  2385  3737  553700.00  2327770.00  21.050015  105.516867   -6.4368  -12.4455
   480  1080  3737  540650.00  2327770.00  21.050351  105.391262   -9.3833  -17.5577
   481   681  3737  536660.00  2327770.00  21.050435  105.352858   -9.5997  -18.5334
   482  1686  3737  546710.00  2327770.00  21.050207  105.449589   -8.7273  -12.9171
   483  6852  3743  598370.00  2327710.00  21.047622  105.946782   -6.9640  -15.7422
   484  6849  3749  598340.00  2327650.00  21.047081  105.946490   -9.3744  -13.1731
   485  1035  3752  540200.00  2327620.00  21.049006  105.386927   -7.7730  -17.3799
   486  1071  3755  540560.00  2327590.00  21.048727  105.390392  -19.2517  -24.5246
   487   849  3755  538340.00  2327590.00  21.048774  105.369024   -5.2707  -15.2587
   488   717  3758  537020.00  2327560.00  21.048530  105.356319   -1.8600  -10.8486
   489  4845  3758  578300.00  2327560.00  21.047233  105.753621  -11.6610  -11.7356
   490   822  3761  538070.00  2327530.00  21.048238  105.366424   -2.7848   -8.9935
   491  1050  3761  540350.00  2327530.00  21.048189  105.388369   -9.8392  -16.4239
   492  6858  3761  598430.00  2327530.00  21.045992  105.947349   -5.7117  -12.3551
   493   558  3764  535430.00  2327500.00  21.048020  105.341014   -0.3476   -8.4001
   494   717  3770  537020.00  2327440.00  21.047446  105.356316   -3.2078  -12.6744
   495  2472  3773  554570.00  2327410.00  21.046737  105.525229   -8.2189  -13.0363
   496  1347  3776  543320.00  2327380.00  21.046766  105.416951  -11.9969  -13.9356
   497   927  3776  539120.00  2327380.00  21.046861  105.376527   -9.7636  -16.5596
   498  1152  3779  541370.00  2327350.00  21.046540  105.398182   -6.6636  -14.7794
   499   954  3779  539390.00  2327350.00  21.046584  105.379125   -7.9846  -13.6161
   500   906  3782  538910.00  2327320.00  21.046323  105.374505  -11.2546  -19.3078
   501  1689  3785  546740.00  2327290.00  21.045869  105.449865  -11.5725  -17.1832
   502   900  3788  538850.00  2327260.00  21.045782  105.373926  -12.8508  -18.0310
   503  1206  3788  541910.00  2327260.00  21.045715  105.403377   -8.2092  -18.0742
   504   870  3788  538550.00  2327260.00  21.045788  105.371038  -16.6533  -19.8096
   505  1206  3791  541910.00  2327230.00  21.045444  105.403377  -13.6366  -16.3996
   506  1197  3791  541820.00  2327230.00  21.045446  105.402510  -11.1816  -15.7502
   507   903  3791  538880.00  2327230.00  21.045510  105.374214  -16.4731  -21.1453
   508  1281  3794  542660.00  2327200.00  21.045155  105.410594   -5.8297  -12.1203
   509   933  3794  539180.00  2327200.00  21.045233  105.377101  -11.4018  -12.8643
   510  1167  3803  541520.00  2327110.00  21.044368  105.399620   -3.6071   -8.5333
   511   840  3806  538250.00  2327080.00  21.044168  105.368147    1.5452   -5.2016
   512  1089  3806  540740.00  2327080.00  21.044115  105.392112  -11.2446  -15.5990
   513   567  3806  535520.00  2327080.00  21.044223  105.341872   -6.2813   -9.5713
   514  1041  3809  540260.00  2327050.00  21.043854  105.387492   -5.5725  -14.1511
   515  2382  3809  553670.00  2327050.00  21.043511  105.516556   -9.5539  -21.2630
   516   474  3809  534590.00  2327050.00  21.043970  105.332920   -1.6573   -6.7272
   517   825  3809  538100.00  2327050.00  21.043900  105.366703   -1.4068  -11.2030
   518  2625  3812  556100.00  2327020.00  21.043167  105.539942  -12.3283  -16.2188
   519  1281  3812  542660.00  2327020.00  21.043529  105.410590  -13.0687  -19.1454
   520  6729  3812  597140.00  2327020.00  21.041454  105.934906   -9.2277  -12.2550
   521  6861  3815  598460.00  2326990.00  21.041112  105.947607  -11.4975  -18.0962
   522   537  3815  535220.00  2326990.00  21.043416  105.338982   -5.3096  -12.0923
   523  1179  3818  541640.00  2326960.00  21.043010  105.400771   -4.4472  -12.6546
   524  3825  3818  568100.00  2326960.00  21.042219  105.655430  -10.5403  -15.1767
   525  1647  3821  546320.00  2326930.00  21.042627  105.445813  -12.4346  -16.6778
   526   543  3821  535280.00  2326930.00  21.042872  105.339559   -6.3670  -11.8857
   527   501  3827  534860.00  2326870.00  21.042338  105.335515   -7.5732  -13.2337
   528   636  3830  536210.00  2326840.00  21.042041  105.348508   -4.9593  -11.8369
   529  1266  3830  542510.00  2326840.00  21.041906  105.409142  -11.8243  -12.0657
   530   519  3830  535040.00  2326840.00  21.042064  105.337247   -4.4362  -11.4770
   531   603  3833  535880.00  2326810.00  21.041777  105.345331   -7.1015  -10.4795
   532   579  3836  535640.00  2326780.00  21.041510  105.343020  -12.4912  -15.3045
   533  1083  3836  540680.00  2326780.00  21.041405  105.391528   -0.5827   -8.8304
   534  2148  3842  551330.00  2326720.00  21.040596  105.494025  -10.2759  -13.8240
   535   612  3845  535970.00  2326690.00  21.040691  105.346195   -6.2627  -12.8177
   536  1302  3845  542870.00  2326690.00  21.040542  105.412603   -6.4789  -10.5796
   537  1998  3848  549830.00  2326660.00  21.040095  105.479587   -7.0956  -10.3346
   538  1767  3848  547520.00  2326660.00  21.040157  105.457355   -5.9258  -11.4843
   539  3963  3851  569480.00  2326630.00  21.039186  105.668698   -8.6523  -15.5122
   540   777  3857  537620.00  2326570.00  21.039573  105.362072   -1.7142   -7.8210
   541  3945  3860  569300.00  2326540.00  21.038379  105.666962   -8.2094  -13.5330
   542  3993  3869  569780.00  2326450.00  21.037548  105.671578  -11.1660  -15.0618
   543  1686  3869  546710.00  2326450.00  21.038280  105.449554  -10.9680  -13.3442
   544   675  3869  536600.00  2326450.00  21.038510  105.352253  -16.2331  -19.2655
   545  1206  3872  541910.00  2326420.00  21.038125  105.403357   -9.3424  -17.8665
   546  1086  3872  540710.00  2326420.00  21.038152  105.391808   -5.9587  -15.6757
   547   261  3875  532460.00  2326390.00  21.038045  105.312407  -11.3291  -20.3096
   548   969  3875  539540.00  2326390.00  21.037906  105.380547   -9.4272  -14.8774
   549  1182  3875  541670.00  2326390.00  21.037859  105.401046   -9.5986  -15.2621
   550   978  3881  539630.00  2326330.00  21.037362  105.381412   -6.9856  -14.1824
   551  1119  3881  541040.00  2326330.00  21.037331  105.394982  -11.6566  -17.3994
   552  1137  3881  541220.00  2326330.00  21.037327  105.396714   -8.3030  -13.7967
   553   276  3881  532610.00  2326330.00  21.037501  105.313850  -10.7177  -18.5077
   554  1176  3884  541610.00  2326300.00  21.037048  105.400467   -9.3432  -14.6623
   555  2238  3887  552230.00  2326270.00  21.036505  105.502673  -12.0801  -14.0929
   556  1206  3890  541910.00  2326240.00  21.036499  105.403352  -11.1613  -20.7103
   557   339  3893  533240.00  2326210.00  21.036405  105.319911  -15.0216  -17.1117
   558   147  3893  531320.00  2326210.00  21.036439  105.301432   -5.6922  -14.1094
   559  1773  3896  547580.00  2326180.00  21.035818  105.457919   -9.5517  -14.6771
   560  2241  3905  552260.00  2326090.00  21.034878  105.502956  -10.8981  -16.3514
   561   633  3905  536180.00  2326090.00  21.035265  105.348203   -6.8184  -14.6844
   562  1212  3905  541970.00  2326090.00  21.035142  105.403926   -7.9119  -14.6123
   563  1017  3908  540020.00  2326060.00  21.034914  105.385159   -6.8912  -11.4040
   564  1944  3914  549290.00  2326000.00  21.034147  105.474371   -8.5453  -19.7907
   565   729  3914  537140.00  2326000.00  21.034433  105.357440   -0.7009  -10.7899
   566  1218  3914  542030.00  2326000.00  21.034327  105.404501  -11.4549  -16.5825
   567  1149  3917  541340.00  2325970.00  21.034072  105.397860  -10.3789  -14.8390
   568   924  3920  539090.00  2325940.00  21.033850  105.376206   -6.4956  -11.4639
   569  3969  3920  569540.00  2325940.00  21.032949  105.669247   -7.9276  -16.9041
   570  4014  3920  569990.00  2325940.00  21.032932  105.673578  -12.0346  -15.3580
   571   240  3920  532250.00  2325940.00  21.033983  105.310378  -12.0750  -19.2545
   572  4044  3923  570290.00  2325910.00  21.032650  105.676464  -13.3413  -20.1812
   573  2865  3929  558500.00  2325850.00  21.032521  105.563001  -11.9029  -16.2210
   574   963  3929  539480.00  2325850.00  21.033029  105.379957  -11.9748  -13.5002
   575   804  3932  537890.00  2325820.00  21.032791  105.364654   -7.8042  -15.9360
   576   738  3932  537230.00  2325820.00  21.032805  105.358303  -12.5957  -13.3919
   577   498  3932  534830.00  2325820.00  21.032852  105.335205  -13.3607  -15.7851
   578  1176  3935  541610.00  2325790.00  21.032439  105.400454   -9.7625  -17.1993
   579  4104  3938  570890.00  2325760.00  21.031271  105.682232  -11.3618  -14.0462
   580   897  3944  538820.00  2325700.00  21.031687  105.373602   -5.6582  -10.4782
   581   822  3944  538070.00  2325700.00  21.031703  105.366384   -8.6926  -12.9123
   582   960  3947  539450.00  2325670.00  21.031403  105.379664  -13.2263  -11.2983
   583  1149  3947  541340.00  2325670.00  21.031361  105.397853   -8.3549  -19.9644
   584   735  3953  537200.00  2325610.00  21.030908  105.358009  -14.4214  -19.8320
   585   522  3959  535070.00  2325550.00  21.030408  105.337509   -8.9086  -13.8409
   586  1323  3959  543080.00  2325550.00  21.030237  105.414595   -9.3981  -11.1798
   587   714  3959  536990.00  2325550.00  21.030370  105.355987   -4.8170  -11.1275
   588   738  3962  537230.00  2325520.00  21.030094  105.358296  -18.1515  -22.0397
   589  4086  3962  570710.00  2325520.00  21.029110  105.680490  -11.3101  -14.3772
   590   789  3965  537740.00  2325490.00  21.029812  105.363204   -9.3459  -10.9848
   591  4008  3968  569930.00  2325460.00  21.028598  105.672981   -9.3383  -14.9460
   592  4020  3968  570050.00  2325460.00  21.028593  105.674136  -10.4690  -13.6939
   593   939  3968  539240.00  2325460.00  21.029510  105.377638   -1.1043   -9.6576
   594   972  3968  539570.00  2325460.00  21.029503  105.380814   -7.2425  -12.8818
   595   912  3977  538970.00  2325370.00  21.028703  105.375038   -3.7289  -12.1102
   596  1035  3983  540200.00  2325310.00  21.028134  105.386874   -6.5847  -11.2355
   597   996  3983  539810.00  2325310.00  21.028142  105.383120    0.9402   -7.1200
   598  2214  3989  551990.00  2325250.00  21.027296  105.500333  -11.7848  -13.4728
   599   780  3989  537650.00  2325250.00  21.027646  105.362332   -4.7371  -15.9606
   600  1038  3992  540230.00  2325220.00  21.027320  105.387160   -7.4222  -18.8396
   601  1182  3995  541670.00  2325190.00  21.027017  105.401017  -14.2514  -19.6167
   602  1050  3998  540350.00  2325160.00  21.026775  105.388314   -7.4190  -16.9627
   603  2160  4001  551450.00  2325130.00  21.026227  105.495132   -7.9720  -18.0908
   604   804  4001  537890.00  2325130.00  21.026557  105.364639   -9.4827  -15.5925
   605  1053  4004  540380.00  2325100.00  21.026233  105.388601   -3.8844   -8.5135
   606   888  4004  538730.00  2325100.00  21.026268  105.372722   -1.2611   -4.2799
   607   861  4004  538460.00  2325100.00  21.026274  105.370124   -6.1388  -10.0954
   608  3084  4013  560690.00  2325010.00  21.024860  105.584047   -8.0777  -17.3706
   609  1326  4019  543110.00  2324950.00  21.024815  105.414869   -2.9934   -8.3063
   610   912  4019  538970.00  2324950.00  21.024908  105.375028   -4.1050   -5.9675
   611   795  4019  537800.00  2324950.00  21.024932  105.363769  -17.1418  -23.0480
   612  1131  4019  541160.00  2324950.00  21.024860  105.396104   -9.6127  -16.1960
   613   867  4022  538520.00  2324920.00  21.024646  105.370697   -3.7656  -13.9216
   614  1515  4025  545000.00  2324890.00  21.024228  105.433056   -9.0505  -12.3172
   615   726  4028  537110.00  2324860.00  21.024133  105.357127   -5.5088   -8.7193
   616   801  4028  537860.00  2324860.00  21.024118  105.364345   -9.1543  -14.0477
   617  1512  4031  544970.00  2324830.00  21.023686  105.432765   -9.2657  -17.3639
   618  1476  4034  544610.00  2324800.00  21.023424  105.429300   -5.1296  -12.1100
   619  1185  4034  541700.00  2324800.00  21.023492  105.401297  -12.3696  -14.9111
   620   933  4034  539180.00  2324800.00  21.023548  105.377046   -6.9127  -10.7764
   621  1083  4037  540680.00  2324770.00  21.023244  105.391480  -14.6878  -19.1506
   622  1125  4040  541100.00  2324740.00  21.022964  105.395521  -10.7960  -18.5909
   623   687  4043  536720.00  2324710.00  21.022786  105.353371  -10.2313  -18.2726
   624  1326  4046  543110.00  2324680.00  21.022376  105.414862   -7.0694   -8.9340
   625   903  4046  538880.00  2324680.00  21.022470  105.374156   -3.5916   -8.7587
   626  2832  4049  558170.00  2324650.00  21.021689  105.559784   -9.3221  -15.3143
   627   936  4058  539210.00  2324560.00  21.021379  105.377329   -6.3814  -12.1551
   628  1446  4058  544310.00  2324560.00  21.021263  105.426407   -7.7889  -11.5227
   629   903  4061  538880.00  2324530.00  21.021115  105.374153   -1.5517   -5.0502
   630   729  4061  537140.00  2324530.00  21.021151  105.357409  -10.1333  -17.0010
   631   861  4067  538460.00  2324470.00  21.020581  105.370110   -2.0785  -11.4755
   632  1074  4070  540590.00  2324440.00  21.020265  105.390606  -11.9427  -15.7508
   633  6291  4073  592760.00  2324410.00  21.018100  105.892615   -7.0258  -14.9154
   634  1332  4073  543170.00  2324410.00  21.019935  105.415433   -8.1018  -15.1225
   635  1425  4073  544100.00  2324410.00  21.019913  105.424382   -7.1380  -10.4769
   636  1302  4076  542870.00  2324380.00  21.019671  105.412545   -8.7716  -13.1767
   637  6360  4079  593450.00  2324350.00  21.017523  105.899251   -9.7856  -15.0976
   638  1287  4082  542720.00  2324320.00  21.019132  105.411100   -8.2041  -16.9657
   639  1587  4082  545720.00  2324320.00  21.019060  105.439969   -5.4875  -13.8321
   640   717  4085  537020.00  2324290.00  21.018985  105.356249  -16.1048  -22.2651
   641  5799  4085  587840.00  2324290.00  21.017258  105.845268   -8.8943  -14.7041
   642  1674  4088  546590.00  2324260.00  21.018496  105.448339   -5.6873  -13.6798
   643  1581  4088  545660.00  2324260.00  21.018519  105.439390   -6.9911  -13.0710
   644  1152  4088  541370.00  2324260.00  21.018621  105.398108  -14.4131  -20.7887
   645  3825  4094  568100.00  2324200.00  21.017282  105.655321   -3.9729  -10.5736
   646   708  4094  536930.00  2324200.00  21.018173  105.355381  -10.5905  -16.6227
   647  1137  4097  541220.00  2324170.00  21.017811  105.396662   -6.6416  -12.8135
   648  2136  4097  551210.00  2324170.00  21.017560  105.492794   -9.3037  -10.5663
   649   726  4100  537110.00  2324140.00  21.017627  105.357112  -11.0936  -17.3668
   650  1275  4103  542600.00  2324110.00  21.017237  105.409940   -9.6968  -13.0104
   651  1320  4103  543050.00  2324110.00  21.017227  105.414271  -16.0505  -21.3279
   652  3840  4109  568250.00  2324050.00  21.015921  105.656758  -10.0358  -14.7093
   653  1635  4109  546200.00  2324050.00  21.016608  105.444581  -12.1787  -19.1562
   654  1476  4112  544610.00  2324020.00  21.016376  105.429280   -6.0784  -10.9342
   655  1593  4115  545780.00  2323990.00  21.016077  105.440538   -8.3392  -12.5913
   656   888  4115  538730.00  2323990.00  21.016239  105.372697   -5.8857   -9.5201
   657  1608  4118  545930.00  2323960.00  21.015802  105.441980  -16.3651  -16.8971
   658  1989  4121  549740.00  2323930.00  21.015432  105.478642   -3.9976  -15.5868
   659  1110  4124  540950.00  2323900.00  21.015377  105.394058   -8.5843  -16.9324
   660  6336  4127  593210.00  2323870.00  21.013199  105.896915  -10.1528  -13.1781
   661   762  4130  537470.00  2323840.00  21.014910  105.360569   -9.5400  -13.3287
   662  1857  4133  548420.00  2323810.00  21.014383  105.465937  -12.5660  -20.0853
   663   768  4154  537530.00  2323600.00  21.012740  105.361141  -14.0300  -17.5924
   664  4023  4154  570080.00  2323600.00  21.011787  105.674349   -8.8138  -15.1972
   665  6564  4169  595490.00  2323450.00  21.009287  105.918829   -8.0760  -17.4988
   666  6309  4178  592940.00  2323360.00  21.008605  105.894290  -10.4549  -12.7403
   667  6549  4181  595340.00  2323330.00  21.008211  105.917380  -10.0015  -14.1910
   668  6573  4181  595580.00  2323330.00  21.008198  105.919689   -9.2117  -13.2013
   669   702  4187  536870.00  2323270.00  21.009771  105.354783  -11.9908  -16.4273
   670  2238  4193  552230.00  2323210.00  21.008857  105.502580   -9.3418  -15.6055
   671  2193  4196  551780.00  2323180.00  21.008599  105.498249  -11.5437  -14.0148
   672  2769  4211  557540.00  2323030.00  21.007072  105.553668   -6.0858  -16.8887
   673  2865  4220  558500.00  2322940.00  21.006229  105.562902   -9.5650  -15.5046
   674  6348  4226  593330.00  2322880.00  21.004248  105.898016   -9.0551  -16.1453
   675  6342  4268  593270.00  2322460.00  21.000457  105.897416   -9.1061  -15.4334
   676  6333  4271  593180.00  2322430.00  21.000191  105.896549   -6.8422  -16.3537
   677  6447  4298  594320.00  2322160.00  20.997693  105.907502   -7.3780  -17.0042
   678  4200  4337  571850.00  2321770.00  20.995184  105.691304   -6.9546  -16.5440
   679  6471  4343  594560.00  2321710.00  20.993615  105.909786  -10.3927  -15.2119
   680  5052  4352  580370.00  2321620.00  20.993477  105.773267   -7.7960  -12.1292
   681  6843  4358  598280.00  2321560.00  20.992065  105.945565  -10.1556  -13.6974
   682  4902  4427  578870.00  2320870.00  20.986766  105.758801  -12.0435  -19.1043
   683  3753  4442  567380.00  2320720.00  20.985867  105.648257   -7.0796  -15.2876
   684  6870  4463  598550.00  2320510.00  20.982565  105.948103  -10.0490  -16.6903
   685  4077  4472  570620.00  2320420.00  20.983035  105.679415   -7.2414  -15.7715
   686  4269  4514  572540.00  2320000.00  20.979165  105.697868   -8.6153  -15.6637
   687  4314  4517  572990.00  2319970.00  20.978877  105.702196   -9.6742  -15.1923
   688  4020  4532  570050.00  2319820.00  20.977636  105.673907   -7.2318  -12.6589
   689  2340  4535  553250.00  2319790.00  20.977927  105.512290  -11.2806  -20.3617
   690  5613  4544  585980.00  2319700.00  20.975876  105.827143   -8.2232  -14.9080
   691  6672  4547  596570.00  2319670.00  20.975080  105.929009  -10.4677  -13.6343
   692  4389  4559  573740.00  2319550.00  20.975052  105.709393   -5.3751  -19.3089
   693  4422  4607  574070.00  2319070.00  20.970702  105.712547   -6.4437  -13.9225
   694  4518  4631  575030.00  2318830.00  20.968495  105.721771   -6.5366  -16.1042
   695  6303  4631  592880.00  2318830.00  20.967681  105.893469   -4.4116  -13.3941
   696  6294  4670  592790.00  2318440.00  20.964162  105.892583  -10.6179  -18.2108
   697  2604  4679  555890.00  2318350.00  20.964838  105.537640   -9.4165  -20.5773
   698  2976  4685  559610.00  2318290.00  20.964179  105.573422   -9.5908  -15.6358
   699  4521  4721  575060.00  2317930.00  20.960362  105.722020  -12.0536  -15.6408
   700  2730  4745  557150.00  2317690.00  20.958836  105.549739  -10.0265  -18.5176
   701  5877  4748  588620.00  2317660.00  20.957321  105.852433   -7.3976  -13.4255
   702  2856  4748  558410.00  2317660.00  20.958526  105.561858   -9.4690  -13.4869
   703  4455  4766  574400.00  2317480.00  20.956323  105.715653   -5.8411  -12.9935
   704  4533  4769  575180.00  2317450.00  20.956020  105.723154   -8.6732  -16.0381
   705  2745  4793  557300.00  2317210.00  20.954495  105.551166   -7.2158  -15.2801
   706  2652  4793  556370.00  2317210.00  20.954523  105.542220   -8.7081  -18.6494
   707  6165  4814  591500.00  2317000.00  20.951217  105.880099   -6.0601  -12.8137
   708  2766  4820  557510.00  2316940.00  20.952048  105.553177   -9.2160  -17.7897
   709  4359  4856  573440.00  2316580.00  20.948230  105.706381   -8.0571  -15.3111
   710  2802  4865  557870.00  2316490.00  20.947971  105.556624  -12.6013  -13.8073
   711  2841  4877  558260.00  2316370.00  20.946875  105.560371   -8.9863  -14.3490
   712  2703  4883  556880.00  2316310.00  20.946376  105.547096   -5.3422  -11.4758
   713  2739  4889  557240.00  2316250.00  20.945823  105.550557   -8.5829  -14.5820
   714  3024  4928  560090.00  2315860.00  20.942208  105.577955   -9.1350  -11.2879
   715  3195  4961  561800.00  2315530.00  20.939170  105.594389   -3.8429  -13.9816
   716  3303  4961  562880.00  2315530.00  20.939133  105.604776  -11.4512  -15.9534
   717  2940  5030  559250.00  2314840.00  20.933019  105.569841   -7.2496  -12.9430
   718  2868  5036  558530.00  2314780.00  20.932500  105.562914  -10.4658  -16.9736
   719  2640  5057  556250.00  2314570.00  20.930674  105.540980  -12.1495  -14.6155
   720  2667  5069  556520.00  2314450.00  20.929581  105.543573   -9.7005  -14.4257
   721  2571  5075  555560.00  2314390.00  20.929068  105.534339   -5.0539  -10.8014
   722  2262  5087  552470.00  2314270.00  20.928074  105.504619  -10.8455  -18.2845
   723  2427  5096  554120.00  2314180.00  20.927214  105.520484   -9.9277  -18.0012
   724  2670  5099  556550.00  2314150.00  20.926870  105.543852  -10.5730  -11.6540
   725  5838  5102  588230.00  2314120.00  20.925356  105.848502   -5.0502  -14.2115
   726  2691  5114  556760.00  2314000.00  20.925508  105.545866  -10.0548  -15.8652
   727  2358  5129  553430.00  2313850.00  20.924252  105.513838   -8.7227  -17.0069
   728  2451  5141  554360.00  2313730.00  20.923141  105.522778  -15.4700  -19.3151
   729  2460  5153  554450.00  2313610.00  20.922054  105.523639  -11.7339  -13.3410
   730  2448  5159  554330.00  2313550.00  20.921515  105.522484   -8.1391  -11.1341
   731  2466  5165  554510.00  2313490.00  20.920968  105.524213  -13.7975  -17.3925
   733  4560  5333  575450.00  2311810.00  20.905052  105.725505   -5.6095  -10.7575
   734  2943  5342  559280.00  2311720.00  20.904828  105.570023  -13.2754  -14.9909
   735  2943  5378  559280.00  2311360.00  20.901576  105.570011   -8.0002  -13.6727
   736  3150  5447  561350.00  2310670.00  20.895274  105.589890  -12.2503  -16.9852
   737  3051  5465  560360.00  2310490.00  20.893680  105.580365   -9.6715  -13.8804
   738  4128  5486  571130.00  2310280.00  20.891400  105.683905  -10.2653  -12.5319
   739  4614  5495  575990.00  2310190.00  20.890393  105.730627   -6.1890  -10.3641
   740  5709  5513  586940.00  2310010.00  20.888285  105.835891   -9.4602  -12.2716
   741  4620  5519  576050.00  2309950.00  20.888222  105.731193  -10.8170  -12.3742
   742  2895  5519  558800.00  2309950.00  20.888851  105.565348  -10.1289  -11.8079
   743  6021  5552  590060.00  2309620.00  20.884612  105.865866   -9.9830  -14.1802
   744  3393  5663  563780.00  2308510.00  20.875675  105.613174  -10.6620  -15.2533
   745  3159  5720  561440.00  2307940.00  20.870604  105.590658  -12.3926  -18.0607
   746  3153  5738  561380.00  2307760.00  20.868980  105.590075   -5.9086   -5.8905
   747  3150  5738  561350.00  2307760.00  20.868981  105.589787   -7.9989  -13.0611
   748  4656  5744  576410.00  2307700.00  20.867879  105.734555   -7.3201  -16.5471
   749  2991  5747  559760.00  2307670.00  20.868220  105.574499   -9.4093  -14.8109
   750  3210  5765  561950.00  2307490.00  20.866521  105.595545   -9.7572  -13.5272
   751  4677  5777  576620.00  2307370.00  20.864888  105.736559   -6.9513  -13.2959
   752  4686  5786  576710.00  2307280.00  20.864072  105.737421   -7.4608  -14.5626
   753  3219  5786  562040.00  2307280.00  20.864621  105.596403   -8.6910  -12.2814
   754  3240  5786  562250.00  2307280.00  20.864614  105.598422   -6.5116  -12.5541
   755  3525  5813  565100.00  2307010.00  20.862076  105.625808  -10.5606  -14.2317
   756  6666  5888  596510.00  2306260.00  20.853930  105.927686   -5.2365  -17.6012
   757  3729  5888  567140.00  2306260.00  20.855227  105.645389   -9.4323  -14.6900
   758  3438  5975  564230.00  2305390.00  20.847470  105.617385  -12.0071  -13.8663
   759  4656  5981  576410.00  2305330.00  20.846466  105.734451   -9.1953  -19.2589
   760  4674  6026  576590.00  2304880.00  20.842392  105.736161   -8.1225  -15.0066
   761  3297  6026  562820.00  2304880.00  20.842910  105.603814   -8.7169  -14.4603
   762  3153  6041  561380.00  2304730.00  20.841603  105.589969   -8.2101  -12.2296
   763  3831  6182  568160.00  2303320.00  20.828626  105.655078  -15.6163  -19.2418
   764  3123  6188  561080.00  2303260.00  20.828331  105.587034  -12.7511  -12.3201
   765  3675  6242  566600.00  2302720.00  20.823262  105.640063  -11.3277  -16.3242
   766  3090  6260  560750.00  2302540.00  20.821836  105.583837  -10.8040  -14.3321
   767  3084  6269  560690.00  2302450.00  20.821025  105.583257   -5.6146  -10.2823
   768  2943  6275  559280.00  2302390.00  20.820528  105.569705   -9.4294  -12.6346
   769  2970  6284  559550.00  2302300.00  20.819707  105.572297  -12.7094  -16.4813
   770  2916  6284  559010.00  2302300.00  20.819724  105.567107  -15.1157  -18.0335
   771  2940  6293  559250.00  2302210.00  20.818903  105.569411  -14.5959  -17.5506
   772  3045  6293  560300.00  2302210.00  20.818869  105.579501   -1.5730   -6.4036
   773  2886  6311  558710.00  2302030.00  20.817294  105.564215   -6.6104  -19.0449
   774  2892  6320  558770.00  2301940.00  20.816479  105.564789   -9.9734  -15.3579
   775  2901  6320  558860.00  2301940.00  20.816476  105.565654   -2.6876  -13.5676
   776  2892  6323  558770.00  2301910.00  20.816208  105.564788   -7.4782  -17.3997
   777  3027  6332  560120.00  2301820.00  20.815351  105.577758   -9.6660  -15.5693
   778  3648  6332  566330.00  2301820.00  20.815140  105.637434   -6.7583  -15.1264
   779  2877  6332  558620.00  2301820.00  20.815399  105.563343   -2.9521  -12.6660
   780  5967  6335  589520.00  2301790.00  20.813896  105.860273  -10.8664  -16.8035
   781  2898  6350  558830.00  2301640.00  20.813766  105.565355  -10.4213  -16.4694
   782  3048  6362  560330.00  2301520.00  20.812634  105.579766   -9.2051  -13.6712
   783  3012  6392  559970.00  2301220.00  20.809935  105.576296  -11.0455  -17.3082
   784  2862  6401  558470.00  2301130.00  20.809170  105.561879  -10.0844  -12.5585
   785  5172  6458  581570.00  2300560.00  20.803149  105.783823  -10.0794  -17.4457
   787  3810  6662  567950.00  2298520.00  20.785265  105.652873   -1.8953   -6.7479
   789  3798  6827  567830.00  2296870.00  20.770361  105.651656  -10.6684  -12.0148
   790  3852  6845  568370.00  2296690.00  20.768715  105.656837  -12.8581  -15.1599
   792  3795  6860  567800.00  2296540.00  20.767380  105.651355  -12.5222  -16.8485
   793  4470  6866  574550.00  2296480.00  20.766580  105.716196   -9.1951  -17.2868
   794  3825  6896  568100.00  2296180.00  20.764117  105.654223   -8.7271  -14.3290
   796  3801  6929  567860.00  2295850.00  20.761144  105.651905  -11.8913  -17.7874
   797  3855  6947  568400.00  2295670.00  20.759498  105.657085  -14.0174  -16.9491
   798  3834  6956  568190.00  2295580.00  20.758692  105.655064   -3.3462  -10.7766
   799  3822  6965  568070.00  2295490.00  20.757884  105.653908   -3.9483   -9.6178
   800  3837  6974  568220.00  2295400.00  20.757065  105.655346   -8.9568  -15.7297
   802  3861  7001  568460.00  2295130.00  20.754617  105.657640   -5.0261  -12.4042
   805  3945  7037  569300.00  2294770.00  20.751333  105.665695   -7.5282  -12.3973
   806  3921  7040  569060.00  2294740.00  20.751071  105.663388  -17.9049  -30.1974
   807  3909  7046  568940.00  2294680.00  20.750533  105.662233  -13.5268  -19.8853
   811  3897  7064  568820.00  2294500.00  20.748911  105.661074  -14.6810  -19.2591
   813  3894  7079  568790.00  2294350.00  20.747557  105.660780  -13.3915  -17.2458
   815  3849  7103  568340.00  2294110.00  20.745405  105.656448   -1.7754  -10.2758
   817  3870  7109  568550.00  2294050.00  20.744855  105.658463   -2.4496  -13.6619
   819  4578  7190  575630.00  2293240.00  20.737263  105.726431   -9.4571  -17.3723
   823  3984  7253  569690.00  2292610.00  20.731802  105.669355   -2.3704   -8.7840
   824  3942  7319  569270.00  2291950.00  20.725854  105.665295   -7.5663  -10.4164
   825  4635  7349  576200.00  2291650.00  20.722874  105.731837   -8.1058  -14.6255
   826  3915  7361  569000.00  2291530.00  20.722069  105.662686   -8.0868  -13.9289
   827  3996  7361  569810.00  2291530.00  20.722039  105.670465  -14.7336  -20.8513
   828  4038  7400  570230.00  2291140.00  20.718500  105.674483  -17.0050  -26.3836
   829  4014  7400  569990.00  2291140.00  20.718509  105.672178  -12.1289  -14.1781
   830  4014  7424  569990.00  2290900.00  20.716340  105.672168   -9.7539  -13.2959
   831  3999  7439  569840.00  2290750.00  20.714991  105.670722   -7.8785  -13.6728
   832  4056  7448  570410.00  2290660.00  20.714156  105.676192  -11.8418  -12.7791
   833  4077  7448  570620.00  2290660.00  20.714148  105.678209   -6.2566   -9.4535
   834  4047  7451  570320.00  2290630.00  20.713888  105.675327   -9.3576  -17.3254
   835  4104  7499  570890.00  2290150.00  20.709530  105.680781  -10.1393  -17.8831
   836  4125  7520  571100.00  2289940.00  20.707625  105.682789   -6.0190  -16.8047
   837  4188  7541  571730.00  2289730.00  20.705703  105.688830  -10.1045  -15.1997
   838  4191  7547  571760.00  2289670.00  20.705160  105.689116  -10.6175  -19.8621
   839  4200  7547  571850.00  2289670.00  20.705156  105.689980  -16.1660  -26.4591
   840  4059  7550  570440.00  2289640.00  20.704939  105.676439   -0.2843   -7.2622
   841  4125  7559  571100.00  2289550.00  20.704101  105.682773   -8.3717  -10.6160
   842  4089  7562  570740.00  2289520.00  20.703843  105.679315   -0.8505   -6.0004
   843  4119  7583  571040.00  2289310.00  20.701935  105.682187  -12.6065  -15.5662
   844  4185  7592  571700.00  2289220.00  20.701096  105.688521  -11.5015  -15.5848
   845  4125  7613  571100.00  2289010.00  20.699222  105.682751   -6.5485  -13.5578
   846  4140  7649  571250.00  2288650.00  20.695963  105.684177   -0.8442  -10.0110
   847  4770  7667  577550.00  2288470.00  20.694086  105.744661   -7.3675  -16.2340
   849  4188  7703  571730.00  2288110.00  20.691066  105.688764   -1.4697   -8.6371
   850  4095  8057  570800.00  2284570.00  20.659116  105.679692   -9.4764   -8.0346
   851  4107  8078  570920.00  2284360.00  20.657214  105.680836   -9.9797  -15.9192
   852  4203  8096  571880.00  2284180.00  20.655551  105.690044   -9.0568  -12.6818
   853  4194  8096  571790.00  2284180.00  20.655555  105.689180   -6.0133  -11.8561
   854  4200  8096  571850.00  2284180.00  20.655552  105.689756   -5.0082  -12.0476
   855  4134  8102  571190.00  2284120.00  20.655035  105.683418  -11.3914  -16.1861
   856  4179  8102  571640.00  2284120.00  20.655018  105.687738  -13.6183  -15.8907
   857  4563  8147  575480.00  2283670.00  20.650802  105.724580  -10.6673  -15.6964
   858  4476  8150  574610.00  2283640.00  20.650565  105.716227   -9.0092  -22.2432
   859  4554  8153  575390.00  2283610.00  20.650263  105.723713   -8.4971  -16.8042
   860  4647  8183  576320.00  2283310.00  20.647515  105.732627   -7.7502  -18.1593
   861  4569  8183  575540.00  2283310.00  20.647546  105.725140    0.1882   -6.4994
   862  4509  8198  574940.00  2283160.00  20.646215  105.719375   -2.1888   -7.9785
   863  4623  8201  576080.00  2283130.00  20.645898  105.730316   -2.8482   -9.1813
   864  4389  8210  573740.00  2283040.00  20.645179  105.707851   -0.0990   -7.6335
   865  4536  8210  575210.00  2283040.00  20.645120  105.721961   -4.3114  -10.9969
   866  4548  8216  575330.00  2282980.00  20.644573  105.723111   -1.2820   -4.8442
   867  4629  8225  576140.00  2282890.00  20.643727  105.730882  -10.2828  -13.9283
   868  4572  8234  575570.00  2282800.00  20.642937  105.725406  -10.8280  -17.5240
   869  4653  8243  576380.00  2282710.00  20.642091  105.733177   -7.4694  -14.8564
   870  4677  8252  576620.00  2282620.00  20.641268  105.735477  -12.4789  -18.8208
   871  4584  8273  575690.00  2282410.00  20.639409  105.726542   -6.2148  -12.0415
   872  4563  8276  575480.00  2282380.00  20.639146  105.724525  -17.6719  -17.7451
   873  4542  8291  575270.00  2282230.00  20.637799  105.722503   -6.3295  -12.8525
   874  4497  8297  574820.00  2282170.00  20.637275  105.718181  -21.0509  -24.6925
   875  4455  8303  574400.00  2282110.00  20.636750  105.714147  -12.5622  -15.0015
   876  4512  8315  574970.00  2281990.00  20.635643  105.719613  -19.9803  -30.8982
   877  4695  8318  576800.00  2281960.00  20.635298  105.737176   -0.0329   -8.7478
   878  4695  8321  576800.00  2281930.00  20.635026  105.737175   -0.3734   -7.9749
   879  4545  8324  575300.00  2281900.00  20.634816  105.722776   -1.8767   -7.2631
   880  4497  8327  574820.00  2281870.00  20.634564  105.718168   -3.2186   -6.6439
   881  4650  8345  576350.00  2281690.00  20.632876  105.732845   -5.6649  -14.1361
   882  4629  8348  576140.00  2281660.00  20.632614  105.730828   -7.4223  -15.9174
   883  4608  8351  575930.00  2281630.00  20.632351  105.728812   -6.7234  -11.3808
   884  4653  8351  576380.00  2281630.00  20.632333  105.733131  -12.8768  -11.3770
   885  4512  8357  574970.00  2281570.00  20.631848  105.719595  -15.0023  -16.1304
   886  4509  8363  574940.00  2281510.00  20.631307  105.719305  -16.5465  -20.1461
   887  4686  8366  576710.00  2281480.00  20.630964  105.736291  -11.3241  -19.2686
   888  4713  8369  576980.00  2281450.00  20.630682  105.738882  -13.7930  -17.1203
   889  4662  8372  576470.00  2281420.00  20.630432  105.733985   -7.4866  -15.2034
   890  4512  8384  574970.00  2281300.00  20.629408  105.719584    2.0875   -6.1134
   891  4446  8384  574310.00  2281300.00  20.629435  105.713249   -7.1560  -13.3644
   892  4779  8390  577640.00  2281240.00  20.628758  105.745207   -7.7579  -11.1704
   893  4803  8393  577880.00  2281210.00  20.628477  105.747509   -3.3660   -8.8554
   894  4590  8402  575750.00  2281120.00  20.627751  105.727062    1.3005   -4.8164
   895  4584  8405  575690.00  2281090.00  20.627482  105.726485   -4.1944  -10.3635
   896  3987  8411  569720.00  2281030.00  20.627171  105.669185  -14.5530  -14.9063
   897  4521  8414  575060.00  2281000.00  20.626694  105.720435  -10.1493  -13.4963
   898  4824  8420  578090.00  2280940.00  20.626028  105.749512    3.2158   -1.0632
   899  4530  8423  575150.00  2280910.00  20.625877  105.721295   -0.4229   -9.0107
   900  4548  8423  575330.00  2280910.00  20.625870  105.723022    0.5505   -4.8187
   901  5307  8426  582920.00  2280880.00  20.625279  105.795865   -6.0955  -14.3796
   902  4380  8426  573650.00  2280880.00  20.625666  105.706897   -1.4649  -11.0246
   903  4557  8435  575420.00  2280790.00  20.624782  105.723881   -3.0759   -7.0742
   904  4638  8438  576230.00  2280760.00  20.624478  105.731653    1.4739   -4.5191
   905  4560  8438  575450.00  2280760.00  20.624510  105.724167   -4.3750   -6.1524
   906  4497  8444  574820.00  2280700.00  20.623993  105.718119  -12.3743  -18.2620
   907  4497  8447  574820.00  2280670.00  20.623722  105.718117   -7.8818  -13.6754
   908  4608  8450  575930.00  2280640.00  20.623406  105.728769  -11.4363  -11.0098
   909  4533  8456  575180.00  2280580.00  20.622894  105.721568   -5.7811  -13.9946
   910  4845  8459  578300.00  2280550.00  20.622496  105.751511   -6.0171   -9.8062
   911  4629  8462  576140.00  2280520.00  20.622314  105.730779   -3.4355  -10.5360
   912  4689  8480  576740.00  2280340.00  20.620663  105.736530   -8.9465  -15.3809
   913  4461  8480  574460.00  2280340.00  20.620755  105.714648  -13.5010  -18.0703
   914  4569  8480  575540.00  2280340.00  20.620712  105.725013  -10.3472  -18.2390
   915  4776  8492  577610.00  2280220.00  20.619543  105.744874   -4.4403  -12.6425
   916  4419  8492  574040.00  2280220.00  20.619687  105.710612  -12.6959  -16.5572
   917  4548  8498  575330.00  2280160.00  20.619094  105.722990  -15.7409  -25.6150
   918  4677  8510  576620.00  2280040.00  20.617957  105.735365   -6.4084  -15.8263
   919  4923  8510  579080.00  2280040.00  20.617855  105.758974  -15.4986  -19.8315
   920  4602  8522  575870.00  2279920.00  20.616903  105.728162  -10.1793  -14.1658
   921  4635  8528  576200.00  2279860.00  20.616348  105.731327   -1.7777   -9.3605
   922  4536  8534  575210.00  2279800.00  20.615846  105.721823  -16.1099  -18.8260
   923  4764  8546  577490.00  2279680.00  20.614669  105.743699  -12.0269  -17.0769
   924  4590  8546  575750.00  2279680.00  20.614740  105.727000  -11.3821  -19.7299
   925  4794  8549  577790.00  2279650.00  20.614385  105.746576   -4.6926  -11.7364
   926  4677  8558  576620.00  2279560.00  20.613620  105.735344   -1.6167   -9.0936
   927  4752  8561  577370.00  2279530.00  20.613318  105.742541   -9.2182  -15.6633
   928  4518  8564  575030.00  2279500.00  20.613142  105.720083   -0.1034   -7.4138
   929  4845  8576  578300.00  2279380.00  20.611925  105.751459  -12.8553  -18.0936
   930  4755  8591  577400.00  2279230.00  20.610607  105.742815  -15.3418  -16.7113
   931  4761  8603  577460.00  2279110.00  20.609520  105.743386   -6.0555  -10.5653
   932  4551  8606  575360.00  2279080.00  20.609334  105.723232   -8.1749  -15.5780
   933  4596  8609  575810.00  2279050.00  20.609045  105.727549   -6.4801  -11.7708
   934  4869  8612  578540.00  2279020.00  20.608662  105.753746    2.7463   -5.6980
   935  4497  8612  574820.00  2279020.00  20.608814  105.718047   -8.9232  -12.3072
   936  4740  8615  577250.00  2278990.00  20.608444  105.741365   -8.7027  -16.9568
   937  4581  8618  575660.00  2278960.00  20.608238  105.726106   -6.4121  -14.8975
   938  4632  8618  576170.00  2278960.00  20.608217  105.731000   -9.2914  -13.4226
   939  4578  8621  575630.00  2278930.00  20.607968  105.725817   -6.2814  -12.0901
   940  5034  8654  580190.00  2278600.00  20.604797  105.769561  -15.8166  -20.8925
   941  4803  8660  577880.00  2278540.00  20.604352  105.747391  -21.9944  -23.0332
   942  4905  8672  578900.00  2278420.00  20.603226  105.757174  -23.1992  -23.8216
   943  4893  8681  578780.00  2278330.00  20.602417  105.756018   -7.8942  -12.9405
   944  4893  8687  578780.00  2278270.00  20.601875  105.756016   -6.9706   -7.6639
   945  4701  8699  576860.00  2278150.00  20.600871  105.737586  -14.7689  -17.4481
   946  4878  8711  578630.00  2278030.00  20.599713  105.754566   -6.4284  -11.2409
   947  5100  8714  580850.00  2278000.00  20.599348  105.775867  -10.5881  -12.4067
   948  4953  8717  579380.00  2277970.00  20.599139  105.761760  -10.4473  -16.7282
   949  5142  8717  581270.00  2277970.00  20.599059  105.779896  -14.6556  -19.5241
   950  4851  8720  578360.00  2277940.00  20.598911  105.751971  -10.9102  -12.5402
   951  4497  8735  574820.00  2277790.00  20.597700  105.717995   -3.6250   -8.2942
   952  4881  8741  578660.00  2277730.00  20.597001  105.754840   -6.9163   -9.7787
   953  4896  8744  578810.00  2277700.00  20.596724  105.756278    1.4300   -5.2689
   955  4851  8768  578360.00  2277460.00  20.594574  105.751949  -12.2021  -20.6924
   956  4845  8777  578300.00  2277370.00  20.593764  105.751370  -11.2800  -18.8098
   957  4926  8780  579110.00  2277340.00  20.593459  105.759141  -18.9145  -19.2510
   958  5325  8810  583100.00  2277040.00  20.590576  105.797412   -1.7349  -11.2010
   959  5301  8825  582860.00  2276890.00  20.589231  105.795102   -3.2411  -14.6007
   960  5109  8825  580940.00  2276890.00  20.589315  105.776680  -12.0866  -17.3636
   961  4935  8834  579200.00  2276800.00  20.588576  105.759980   -2.4624  -11.1627
   962  5319  8837  583040.00  2276770.00  20.588139  105.796824   -0.3958  -10.2490
   964  5346  8846  583310.00  2276680.00  20.587314  105.799410  -12.1135  -17.1359
   965  5325  8846  583100.00  2276680.00  20.587323  105.797395   -7.9225  -11.1585
   966  5208  8873  581930.00  2276410.00  20.584935  105.786157   -9.1445  -15.0819
   967  5325  8894  583100.00  2276200.00  20.582986  105.797373   -7.8262  -15.2481
   968  4983  8897  579680.00  2276170.00  20.582863  105.764557  -14.7875  -20.7639
   969  4956  8912  579410.00  2276020.00  20.581519  105.761960   -0.5346   -8.2141
   970  5160  8912  581450.00  2276020.00  20.581432  105.781533   -8.5001  -13.2739
   971  5025  8915  580100.00  2275990.00  20.581219  105.768579  -21.7763  -20.7429
   972  5208  8924  581930.00  2275900.00  20.580327  105.786133   -6.6911  -17.4948
   973  5226  8927  582110.00  2275870.00  20.580048  105.787859   -9.0730  -17.2360
   974  5013  8936  579980.00  2275780.00  20.579327  105.767418  -14.5532  -19.0807
   975  5142  8942  581270.00  2275720.00  20.578729  105.779792    0.8186  -12.3575
   976  4977  8948  579620.00  2275660.00  20.578258  105.763959  -14.5429  -16.9688
   977  5238  8963  582230.00  2275510.00  20.576790  105.788993   -9.8165  -17.4999
   978  5061  8981  580460.00  2275330.00  20.575240  105.772003  -16.9075  -19.4024
   979  5250  8987  582350.00  2275270.00  20.574616  105.790133   -6.9017  -15.9817
   980  5100  8990  580850.00  2275240.00  20.574410  105.775741   -2.0742   -8.8766
   981  5184  8993  581690.00  2275210.00  20.574103  105.783798   -9.0195  -11.5442
   982  5121  9002  581060.00  2275120.00  20.573317  105.777750   -9.1965  -14.8394
   983  5196  9014  581810.00  2275000.00  20.572201  105.784940   -7.5354  -15.0004
   984  5160  9023  581450.00  2274910.00  20.571403  105.781482  -13.4325  -18.3339
   985  5205  9032  581900.00  2274820.00  20.570570  105.785795   -6.3311   -9.3867
   986  5280  9035  582650.00  2274790.00  20.570266  105.792989   -6.5878  -13.0907
   987  5226  9044  582110.00  2274700.00  20.569477  105.787804  -11.4121  -18.4896
   988  5127  9050  581120.00  2274640.00  20.568978  105.778304  -13.7747  -15.7402
   990  5046  9059  580310.00  2274550.00  20.568199  105.770529   -8.9597  -13.4389
   991  5049  9083  580340.00  2274310.00  20.566030  105.770805  -10.4535  -19.1501
