; ENVI Output of ROIs (5.2) [Tue Nov 26 00:36:35 2019]
; Number of ROIs: 1
; File Dimension: 7647 x 9116
;
; ROI name: EVF: Layer: water.shp
; ROI rgb value: {255, 255, 0}
; ROI npts: 620
;   ID     X     Y      Map X       Map Y        Lat         Lon        B1        B2
     1  5478   518  584630.00  2359960.00  21.339670  105.816148   -9.0143  -14.0541
     2  5703   593  586880.00  2359210.00  21.332788  105.837806  -19.8881  -25.6379
     3  4971   827  579560.00  2356870.00  21.311984  105.767112  -18.7639  -19.3683
     4  5958   887  589430.00  2356270.00  21.306103  105.862239   -6.2223  -14.1097
     5  6408   935  593930.00  2355790.00  21.301538  105.905595  -12.5231  -19.3453
     7  1161   959  541460.00  2355550.00  21.301332  105.399732  -17.5148  -35.7828
     8  1167   962  541520.00  2355520.00  21.301060  105.400310  -20.8388  -47.4346
     9  1170   968  541550.00  2355460.00  21.300517  105.400598  -16.8658  -23.7390
    10  1137   968  541220.00  2355460.00  21.300524  105.397416  -17.1792  -29.6940
    11  1083   971  540680.00  2355430.00  21.300265  105.392209  -19.8523  -28.0166
    12  1143   971  541280.00  2355430.00  21.300252  105.397994  -17.3292  -28.6262
    13  1029   971  540140.00  2355430.00  21.300277  105.387003  -20.9416  -27.2787
    14  1113   983  540980.00  2355310.00  21.299174  105.395099  -26.2280  -29.2951
    15  1185   986  541700.00  2355280.00  21.298887  105.402040  -23.3415  -45.7891
    16  1164   986  541490.00  2355280.00  21.298892  105.400015  -23.6809  -25.6250
    17  1191   989  541760.00  2355250.00  21.298615  105.402617  -21.9716  -33.0146
    18  1173   989  541580.00  2355250.00  21.298619  105.400882  -22.0769  -28.7015
    19  1167   989  541520.00  2355250.00  21.298620  105.400303  -20.5508  -27.5460
    20  1182   992  541670.00  2355220.00  21.298346  105.401749  -17.6726  -23.9329
    21  1143   992  541280.00  2355220.00  21.298354  105.397989  -20.4898  -24.8173
    22  1173   992  541580.00  2355220.00  21.298348  105.400881  -24.6422  -29.0246
    23  1203   995  541880.00  2355190.00  21.298070  105.403773  -22.9285  -24.7464
    24  1197   995  541820.00  2355190.00  21.298071  105.403194  -20.2664  -23.4600
    25  1149   998  541340.00  2355160.00  21.297811  105.398566  -23.4276  -32.1221
    28  1170  1004  541550.00  2355100.00  21.297264  105.400589  -20.9188  -23.1722
    29  1218  1004  542030.00  2355100.00  21.297253  105.405217  -23.0630  -25.0455
    33  1212  1007  541970.00  2355070.00  21.296983  105.404637  -13.3532  -26.6483
    34  1164  1007  541490.00  2355070.00  21.296994  105.400010  -21.0485  -47.4352
    36  1188  1010  541730.00  2355040.00  21.296718  105.402323  -15.4089  -19.4170
    37  1185  1013  541700.00  2355010.00  21.296447  105.402033  -19.6794  -24.7409
    38  1155  1013  541400.00  2355010.00  21.296454  105.399141  -19.6182  -25.7945
    40  6558  1016  595430.00  2354980.00  21.294142  105.920010  -11.2793  -22.9041
    42  1206  1016  541910.00  2354980.00  21.296172  105.404057  -17.1947  -26.5645
    43  1203  1019  541880.00  2354950.00  21.295901  105.403767  -19.2192  -33.8310
    44  1188  1019  541730.00  2354950.00  21.295905  105.402321  -15.4718  -24.1391
    46  1215  1025  542000.00  2354890.00  21.295356  105.404922  -17.6273  -27.8065
    47  1191  1028  541760.00  2354860.00  21.295091  105.402608  -16.0749  -26.2593
    48   987  1028  539720.00  2354860.00  21.295137  105.382940  -21.0912  -26.5344
    50  1251  1031  542360.00  2354830.00  21.294806  105.408391  -20.0362  -27.4362
    51  1224  1031  542090.00  2354830.00  21.294812  105.405788  -21.3701  -20.9950
    52   987  1034  539720.00  2354800.00  21.294595  105.382939  -20.1709  -28.2587
    53  1191  1034  541760.00  2354800.00  21.294549  105.402606  -22.3080  -24.4686
    56  1200  1040  541850.00  2354740.00  21.294005  105.403472  -18.7762  -29.3786
    57  1179  1040  541640.00  2354740.00  21.294009  105.401448  -18.1557  -33.1704
    58  1179  1046  541640.00  2354680.00  21.293467  105.401446  -18.7616  -47.4348
    59  1173  1052  541580.00  2354620.00  21.292927  105.400866  -19.8528  -28.6787
    84  1362  1124  543470.00  2353900.00  21.286377  105.419069   -6.9417  -24.4166
    87  1353  1130  543380.00  2353840.00  21.285837  105.418200  -19.5491  -30.8243
    92  1260  1148  542450.00  2353660.00  21.284233  105.409230  -14.2051  -23.4887
   101  1437  1214  544220.00  2353000.00  21.278227  105.426276  -24.1506  -26.9573
   107  1476  1247  544610.00  2352670.00  21.275236  105.430026  -23.6821  -24.2732
   111   906  1295  538910.00  2352190.00  21.271030  105.375070  -11.2845  -17.4521
   112   891  1313  538760.00  2352010.00  21.269407  105.373620  -14.3296  -23.5657
   113   987  1343  539720.00  2351710.00  21.266676  105.382867  -20.9367  -27.0415
   114  1146  1373  541310.00  2351410.00  21.263930  105.398185  -18.7472  -23.3927
   115  5589  1382  585740.00  2351320.00  21.261561  105.826415  -21.2500  -33.1321
   116  1089  1391  540740.00  2351230.00  21.262316  105.392687  -24.8112  -30.5746
   117  1095  1400  540800.00  2351140.00  21.261502  105.393263  -21.0780  -34.7644
   118  1596  1433  545810.00  2350810.00  21.258401  105.441544  -23.3209  -35.0552
   119   720  1442  537050.00  2350720.00  21.257788  105.357109  -25.8215  -30.5187
   120  1596  1442  545810.00  2350720.00  21.257588  105.441541  -19.2291  -28.3612
   121  1227  1442  542120.00  2350720.00  21.257677  105.405976  -25.1865  -32.4057
   122  1599  1451  545840.00  2350630.00  21.256774  105.441828  -26.2274  -30.9580
   123  1599  1463  545840.00  2350510.00  21.255690  105.441825  -20.5472  -33.0780
   124  5583  1475  585680.00  2350390.00  21.253162  105.825790  -14.7028  -17.6077
   125  6591  1505  595760.00  2350090.00  21.249948  105.922916  -16.9342  -27.9081
   126  5991  1505  589760.00  2350090.00  21.250254  105.865094  -20.2682  -21.1668
   127  6006  1520  589910.00  2349940.00  21.248892  105.866532  -20.1834  -21.6353
   128  1191  1544  541760.00  2349700.00  21.248470  105.402481  -17.1318  -18.9954
   129  1218  1544  542030.00  2349700.00  21.248463  105.405083  -23.4505  -47.4377
   130   996  1568  539810.00  2349460.00  21.246345  105.383682  -11.2717  -20.1777
   132  6060  1574  590450.00  2349400.00  21.243986  105.871707   -7.2840  -16.6814
   133  6048  1595  590330.00  2349190.00  21.242095  105.870539  -16.3756  -29.3014
   134  6486  1634  594710.00  2348800.00  21.238349  105.912725  -18.8917  -25.1727
   135  1569  1640  545540.00  2348740.00  21.239705  105.438886  -17.5187  -23.6400
   137  1569  1667  545540.00  2348470.00  21.237265  105.438879  -24.1013  -47.4207
   138  5553  1673  585380.00  2348410.00  21.235288  105.822799   -6.8385  -14.3321
   140  1566  1694  545510.00  2348200.00  21.234827  105.438582  -23.6487  -40.6737
   141  1569  1700  545540.00  2348140.00  21.234284  105.438870  -23.9443  -28.9279
   143  1578  1718  545630.00  2347960.00  21.232655  105.439732  -23.9103  -34.2879
   144  1569  1724  545540.00  2347900.00  21.232115  105.438863  -22.6476  -33.9897
   145  1581  1736  545660.00  2347780.00  21.231028  105.440017  -20.3533  -32.5872
   146  1569  1736  545540.00  2347780.00  21.231031  105.438860  -25.6445  -24.5476
   147  1566  1739  545510.00  2347750.00  21.230761  105.438570  -20.7431  -30.3783
   148  1545  1745  545300.00  2347690.00  21.230224  105.436545  -22.7512  -28.7345
   149  1539  1748  545240.00  2347660.00  21.229954  105.435966  -16.1955  -27.9202
   150  1572  1748  545570.00  2347660.00  21.229946  105.439146  -22.5828  -29.8658
   151  1542  1754  545270.00  2347600.00  21.229412  105.436254  -11.4180  -19.4863
   152  1560  1757  545450.00  2347570.00  21.229136  105.437987  -23.5485  -47.4220
   153   648  1757  536330.00  2347570.00  21.229341  105.350102  -18.3120  -27.9360
   154  1533  1760  545180.00  2347540.00  21.228872  105.435385  -16.4334  -23.1636
   155  1563  1763  545480.00  2347510.00  21.228593  105.438275  -24.4745  -32.0068
   156  6312  1763  592970.00  2347510.00  21.226784  105.895888  -17.4655  -23.5610
   157  1536  1766  545210.00  2347480.00  21.228329  105.435672  -16.0993  -26.5323
   158  1578  1772  545630.00  2347420.00  21.227776  105.439718  -24.9572  -39.4631
   159   633  1778  536180.00  2347360.00  21.227447  105.348652  -22.3515  -23.8599
   160  1563  1784  545480.00  2347300.00  21.226696  105.438269  -23.3438  -30.1547
   161  1566  1793  545510.00  2347210.00  21.225882  105.438556  -17.5176  -29.4456
   163  1572  1796  545570.00  2347180.00  21.225609  105.439133  -23.8595  -30.8274
   164  1524  1802  545090.00  2347120.00  21.225079  105.434506  -11.4507  -21.5403
   165   678  1811  536630.00  2347030.00  21.224456  105.352982  -10.5601  -18.9764
   166  1563  1820  545480.00  2346940.00  21.223443  105.438260  -12.1450  -26.3835
   167  1560  1820  545450.00  2346940.00  21.223444  105.437971   -5.8947  -13.1125
   168  1557  1823  545420.00  2346910.00  21.223174  105.437681  -11.5829  -26.1086
   169  1485  1823  544700.00  2346910.00  21.223191  105.430743  -10.6987  -16.0493
   170  1566  1829  545510.00  2346850.00  21.222629  105.438546  -19.4987  -22.8020
   171  1482  1847  544670.00  2346670.00  21.221024  105.430447  -17.3704  -27.2754
   172  6393  1901  593780.00  2346130.00  21.214275  105.903617  -19.6599  -24.4363
   173  1395  1910  543800.00  2346040.00  21.215353  105.422048  -16.5080  -26.2644
   174  1623  1925  546080.00  2345890.00  21.213941  105.444013  -26.1304  -29.0876
   175   582  1952  535670.00  2345620.00  21.211736  105.343701   -6.4116  -13.0338
   176   594  1967  535790.00  2345470.00  21.210378  105.344854  -19.9919  -28.7599
   177   516  2042  535010.00  2344720.00  21.203617  105.337323  -17.6054  -23.8296
   178   498  2054  534830.00  2344600.00  21.202536  105.335587  -15.0287  -24.6017
   179  5976  2063  589610.00  2344510.00  21.199850  105.863355   -8.4752  -15.0759
   180  4239  2069  572240.00  2344450.00  21.200080  105.696010  -18.5563  -22.1352
   181  5151  2078  581360.00  2344360.00  21.198882  105.783868  -15.1542  -14.5744
   183  1683  2093  546680.00  2344210.00  21.198747  105.449748  -21.7083  -24.5914
   184  5952  2135  589370.00  2343790.00  21.193357  105.861005  -13.1263  -20.8595
   185  5850  2162  588350.00  2343520.00  21.190967  105.851165  -18.6201  -22.9739
   186  1788  2165  547730.00  2343490.00  21.192214  105.459844  -19.9608  -22.7417
   188  5571  2201  585560.00  2343130.00  21.187577  105.824269  -13.7076  -22.2135
   189  1827  2249  548120.00  2342650.00  21.184614  105.463578  -29.4736  -26.8116
   190  1845  2276  548300.00  2342380.00  21.182170  105.465304  -26.1103  -30.0076
   191   420  2327  534050.00  2341870.00  21.177884  105.328017  -16.3307  -21.0668
   192  3411  2366  563960.00  2341480.00  21.173556  105.616127  -40.4176  -37.3909
   193  3414  2366  563990.00  2341480.00  21.173555  105.616416  -28.3491  -31.3404
   194  3417  2369  564020.00  2341450.00  21.173283  105.616704  -20.4430  -32.0744
   195  3381  2369  563660.00  2341450.00  21.173296  105.613237  -23.7993  -26.2253
   196  3399  2369  563840.00  2341450.00  21.173289  105.614970  -21.4807  -27.9752
   197  3384  2372  563690.00  2341420.00  21.173024  105.613524  -24.1181  -26.2527
   198  3372  2372  563570.00  2341420.00  21.173028  105.612369  -23.3339  -36.0632
   199  3426  2375  564110.00  2341390.00  21.172738  105.617569  -24.7987  -33.9045
   200  3417  2375  564020.00  2341390.00  21.172741  105.616702  -11.2768  -22.3945
   201  3402  2375  563870.00  2341390.00  21.172746  105.615257  -16.9361  -26.3095
   202  3378  2378  563630.00  2341360.00  21.172484  105.612944  -24.4785  -22.5562
   203  3420  2381  564050.00  2341330.00  21.172198  105.616989  -24.0939  -39.0732
   204  3489  2381  564740.00  2341330.00  21.172174  105.623635   -4.0386  -12.4610
   205  3423  2384  564080.00  2341300.00  21.171926  105.617277  -25.2623  -32.4254
   206  3411  2384  563960.00  2341300.00  21.171930  105.616121  -22.6938  -28.5889
   207  1923  2387  549080.00  2341270.00  21.172120  105.472786  -20.2969  -26.9357
   208  3390  2387  563750.00  2341270.00  21.171666  105.614097  -21.7952  -33.3106
   209  3441  2387  564260.00  2341270.00  21.171648  105.619009   -6.4374  -15.9465
   210  3420  2393  564050.00  2341210.00  21.171114  105.616984  -24.2974  -30.5146
   211  3378  2393  563630.00  2341210.00  21.171128  105.612939  -24.2576  -30.5218
   212  3387  2396  563720.00  2341180.00  21.170854  105.613804  -24.7337  -28.8466
   213  3426  2396  564110.00  2341180.00  21.170841  105.617561  -23.6481  -46.9814
   214  3393  2399  563780.00  2341150.00  21.170581  105.614381  -26.4516  -28.0965
   215  3327  2399  563120.00  2341150.00  21.170604  105.608024  -33.0129  -32.8639
   216  3381  2399  563660.00  2341150.00  21.170585  105.613225  -22.9272  -25.2642
   217  3390  2399  563750.00  2341150.00  21.170582  105.614092  -22.0723  -23.1243
   218   405  2399  533900.00  2341150.00  21.171382  105.326558   -8.8438  -17.2387
   219  3327  2402  563120.00  2341120.00  21.170333  105.608023  -27.6892  -28.3001
   220  3339  2402  563240.00  2341120.00  21.170329  105.609179  -25.2207  -26.0694
   221    30  2408  530150.00  2341060.00  21.170634  105.290433  -26.8511  -33.9018
   222  3360  2408  563450.00  2341060.00  21.169779  105.611199  -26.4541  -26.1118
   223  3336  2408  563210.00  2341060.00  21.169788  105.608887  -23.1647  -28.5503
   224  4461  2411  574460.00  2341030.00  21.169092  105.717249  -20.2797  -28.8598
   225  3318  2411  563030.00  2341030.00  21.169523  105.607153  -22.6084  -47.3397
   226  3327  2414  563120.00  2341000.00  21.169249  105.608018  -21.3361  -27.9725
   227  3351  2417  563360.00  2340970.00  21.168969  105.610329  -27.7539  -47.3381
   228  3516  2420  565010.00  2340940.00  21.168640  105.626221  -26.4589  -47.3301
   229  3315  2426  563000.00  2340880.00  21.168169  105.606858  -24.6322  -27.7917
   230  3354  2429  563390.00  2340850.00  21.167884  105.610614  -23.9978  -33.6872
   231   771  2438  537560.00  2340760.00  21.167786  105.361805  -11.7049  -14.3337
   232   570  2447  535550.00  2340670.00  21.167013  105.342442  -22.7509  -46.6000
   233  1263  2471  542480.00  2340430.00  21.164697  105.409189  -17.1170  -21.2914
   234  3648  2474  566330.00  2340400.00  21.163714  105.638915  -19.0558  -30.2018
   235  2037  2474  550220.00  2340400.00  21.164229  105.483742  -21.9353  -24.2461
   236  1503  2474  544880.00  2340400.00  21.164368  105.432306  -16.2788  -18.7628
   237  3135  2483  561200.00  2340310.00  21.163080  105.589500  -24.8989  -34.3520
   238  3123  2486  561080.00  2340280.00  21.162813  105.588343  -24.1275  -22.7037
   239  3102  2486  560870.00  2340280.00  21.162820  105.586320  -24.5613  -36.6342
   240  3138  2486  561230.00  2340280.00  21.162808  105.589787  -22.2873  -24.3727
   241  3147  2492  561320.00  2340220.00  21.162263  105.590652  -24.3897  -26.6629
   242  3141  2492  561260.00  2340220.00  21.162265  105.590074  -27.3424  -42.1129
   243  3090  2495  560750.00  2340190.00  21.162011  105.585161  -23.8922  -22.2606
   244  3165  2501  561500.00  2340130.00  21.161444  105.592383  -27.6556  -31.4027
   245  3138  2501  561230.00  2340130.00  21.161453  105.589782  -22.7348  -25.7787
   246   993  2504  539780.00  2340100.00  21.161776  105.383174  -21.2748  -33.0268
   247  3123  2504  561080.00  2340100.00  21.161187  105.588336  -21.3493  -28.5885
   248  3099  2504  560840.00  2340100.00  21.161195  105.586025  -21.4237  -34.0395
   249  3162  2504  561470.00  2340100.00  21.161174  105.592093  -33.0899  -32.8975
   250  3159  2504  561440.00  2340100.00  21.161175  105.591804  -19.2102  -30.9495
   251  3189  2507  561740.00  2340070.00  21.160894  105.594692  -21.5889  -29.5796
   252  3105  2507  560900.00  2340070.00  21.160922  105.586601  -25.1173  -46.7450
   253  3120  2507  561050.00  2340070.00  21.160917  105.588046  -28.1603  -43.7851
   254  3171  2507  561560.00  2340070.00  21.160900  105.592958  -26.2697  -35.5510
   255  3120  2510  561050.00  2340040.00  21.160646  105.588045  -28.8180  -32.2707
   256  3180  2522  561650.00  2339920.00  21.159541  105.593820  -23.7716  -32.0590
   257  3684  2525  566690.00  2339890.00  21.159093  105.642362  -22.7196  -26.4354
   258  5784  2528  587690.00  2339860.00  21.157933  105.844620  -20.5337  -23.6188
   259  3072  2534  560570.00  2339800.00  21.158493  105.583413  -18.5759  -27.7414
   260  3849  2540  568340.00  2339740.00  21.157677  105.658248  -20.3510  -28.8333
   261  5286  2543  582710.00  2339710.00  21.156811  105.796649   -8.4024  -12.1130
   262  3246  2555  562310.00  2339590.00  21.156537  105.600165  -22.1484  -26.3316
   263   876  2555  538610.00  2339590.00  21.157193  105.371893  -29.1634  -43.1101
   264  2757  2570  557420.00  2339440.00  21.155343  105.553061  -20.2194  -24.8070
   265  2616  2579  556010.00  2339350.00  21.154573  105.539478  -20.1663  -28.5292
   266  2895  2582  558800.00  2339320.00  21.154214  105.566349  -26.5041  -28.7228
   267  2547  2585  555320.00  2339290.00  21.154052  105.532830  -27.6536  -37.3668
   268  5994  2588  589790.00  2339260.00  21.152410  105.864813  -16.0297  -13.5692
   269  5259  2594  582440.00  2339200.00  21.152215  105.794024  -10.4096  -15.3696
   270  1491  2594  544760.00  2339200.00  21.153529  105.431119  -25.7651  -31.8646
   271  1650  2597  546350.00  2339170.00  21.153218  105.446432  -19.7590  -23.8997
   272  2913  2600  558980.00  2339140.00  21.152582  105.568076  -31.4458  -40.8018
   273   870  2603  538550.00  2339110.00  21.152857  105.371304  -16.4014  -22.2908
   274   504  2609  534890.00  2339050.00  21.152389  105.336051  -20.7836  -25.6992
   275  1479  2612  544640.00  2339020.00  21.151905  105.429958  -20.3520  -26.4202
   276  3720  2618  567050.00  2338960.00  21.150677  105.645793  -24.5472  -40.2375
   277  2892  2630  558770.00  2338840.00  21.149879  105.566043  -24.2747  -44.9748
   278   357  2654  533420.00  2338600.00  21.148350  105.321884  -25.4090  -39.7415
   279  5364  2654  583490.00  2338600.00  21.146747  105.804107  -19.5114  -25.6610
   280  3774  2669  567590.00  2338450.00  21.146050  105.650974  -23.1233  -25.2243
   281  3750  2687  567350.00  2338270.00  21.144432  105.648655  -20.5034  -30.3793
   282  3762  2696  567470.00  2338180.00  21.143615  105.649808  -31.5045  -40.2468
   283  4425  2699  574100.00  2338150.00  21.143086  105.713657  -27.5009  -44.0727
   284  2181  2699  551660.00  2338150.00  21.143859  105.497545   -6.3085  -12.9532
   285  1113  2705  540980.00  2338090.00  21.143588  105.394685  -21.9428  -36.0928
   286  3759  2711  567440.00  2338030.00  21.142260  105.649513  -21.4448  -27.9446
   287  4320  2723  573050.00  2337910.00  21.140960  105.703534  -26.6978  -36.2074
   288  4239  2726  572240.00  2337880.00  21.140722  105.695733  -27.3774  -33.2793
   289  4146  2735  571310.00  2337790.00  21.139945  105.686773  -21.0818  -25.1729
   290  3852  2738  568370.00  2337760.00  21.139786  105.658458  -23.2748  -34.3707
   291  4419  2741  574040.00  2337730.00  21.139294  105.713061  -19.5364  -28.1656
   292  4188  2741  571730.00  2337730.00  21.139386  105.690815  -23.0407  -47.3006
   293  3855  2744  568400.00  2337700.00  21.139243  105.658745  -25.7510  -28.9274
   294  4227  2750  572120.00  2337640.00  21.138558  105.694567  -25.9120  -25.3924
   295  4170  2750  571550.00  2337640.00  21.138580  105.689078  -21.8236  -35.2170
   296  3864  2750  568490.00  2337640.00  21.138698  105.659609  -26.2716  -26.1649
   297  3792  2759  567770.00  2337550.00  21.137911  105.652672  -23.3198  -26.1159
   298  4284  2762  572690.00  2337520.00  21.137451  105.700051  -20.5013  -23.2488
   299  3885  2765  568700.00  2337490.00  21.137335  105.661626  -25.2951  -20.5651
   300  3819  2768  568040.00  2337460.00  21.137088  105.655268  -20.3636  -37.8328
   301  4641  2771  576260.00  2337430.00  21.136492  105.734426  -17.2674  -18.9281
   302  4056  2771  570410.00  2337430.00  21.136727  105.678091  -12.4032  -25.5069
   303   984  2771  539690.00  2337430.00  21.137654  105.382245  -20.4522  -30.2217
   304  3843  2783  568280.00  2337310.00  21.135724  105.657574  -24.7863  -25.8195
   305   999  2798  539840.00  2337160.00  21.135211  105.383684  -20.6073  -24.6589
   306  4443  2804  574280.00  2337100.00  21.133593  105.715345  -22.7827  -27.4966
   307  2685  2822  556700.00  2336920.00  21.132597  105.546043  -17.0385  -22.0418
   308  2985  2825  559700.00  2336890.00  21.132230  105.574932  -24.7455  -26.0028
   309  1074  2837  540590.00  2336770.00  21.131670  105.390897  -23.2617  -27.9355
   310  3969  2846  569540.00  2336680.00  21.129985  105.669682  -26.3082  -26.7691
   311  4431  2846  574160.00  2336680.00  21.129803  105.714171  -28.8813  -28.8557
   312  1995  2852  549800.00  2336620.00  21.130087  105.479587  -21.9868  -27.3598
   313  4446  2861  574310.00  2336530.00  21.128442  105.715609  -22.9740  -26.5746
   314  4647  2876  576320.00  2336380.00  21.127003  105.734957  -21.5105  -23.7037
   315  2646  2879  556310.00  2336350.00  21.127459  105.542269  -11.9237  -19.6013
   316  4500  2879  574850.00  2336350.00  21.126793  105.720801  -19.8689  -28.2390
   317  4707  2888  576920.00  2336260.00  21.125894  105.740730  -12.1074  -22.3566
   318  4638  2900  576230.00  2336140.00  21.124839  105.734080  -13.0191  -19.9994
   319  4446  2936  574310.00  2335780.00  21.121665  105.715576  -11.2708  -19.1455
   320  4629  2966  576140.00  2335480.00  21.118880  105.733184  -23.8314  -27.5017
   321  3267  2966  562520.00  2335480.00  21.119396  105.602037  -11.9010  -16.6829
   322   303  2969  532880.00  2335450.00  21.119899  105.316623  -26.3388  -26.0213
   323  5850  3008  588350.00  2335060.00  21.114536  105.850729  -12.7428  -13.8505
   324  4509  3023  574940.00  2334910.00  21.113779  105.721605  -17.2968  -25.7057
   325  6366  3032  593510.00  2334820.00  21.112111  105.900397  -19.8045  -25.5127
   326  4590  3050  575750.00  2334640.00  21.111307  105.729392  -23.0913  -23.9872
   327  6030  3074  590150.00  2334400.00  21.108485  105.868025  -14.9191  -21.4071
   328  6366  3083  593510.00  2334310.00  21.107503  105.900369  -16.6118  -26.7706
   329  4869  3107  578540.00  2334070.00  21.106039  105.756229  -21.1393  -26.9555
   330  4671  3110  576560.00  2334040.00  21.105852  105.737164  -21.8716  -40.7447
   331  5388  3134  583730.00  2333800.00  21.103370  105.806184  -20.6428  -24.4200
   332  4797  3140  577820.00  2333740.00  21.103088  105.749282  -14.5424  -19.7413
   333  5421  3143  584060.00  2333710.00  21.102541  105.809357  -17.6709  -29.4708
   334  5355  3152  583400.00  2333620.00  21.101758  105.802998  -24.4914  -29.7387
   335  2919  3167  559040.00  2333470.00  21.101352  105.568459  -19.1303  -30.6277
   336  4779  3167  577640.00  2333470.00  21.100657  105.747536  -21.6417  -29.0665
   337  3969  3167  569540.00  2333470.00  21.100983  105.669552  -14.8077  -16.3056
   338  5097  3176  580820.00  2333380.00  21.099706  105.778148  -17.1301  -30.6331
   339  6189  3176  591740.00  2333380.00  21.099191  105.883278  -17.4149  -21.8336
   340   327  3188  533120.00  2333260.00  21.100107  105.318892  -21.1460  -32.7988
   341  5022  3188  580070.00  2333260.00  21.098655  105.770922  -23.6518  -47.9471
   342  5274  3188  582590.00  2333260.00  21.098543  105.795183  -21.4582  -26.2429
   343  5280  3200  582650.00  2333140.00  21.097456  105.795754  -22.4209  -22.8529
   344  1362  3212  543470.00  2333020.00  21.097722  105.418537  -26.2054  -28.9755
   345  1068  3218  540530.00  2332960.00  21.097247  105.390230  -19.0292  -24.4289
   346  1758  3221  547430.00  2332930.00  21.096810  105.456662  -15.0847  -17.6543
   347  3324  3221  563090.00  2332930.00  21.096337  105.607432  -21.9293  -30.0384
   348  1758  3224  547430.00  2332900.00  21.096539  105.456661  -23.6730  -27.1036
   349  4842  3227  578270.00  2332870.00  21.095209  105.753574  -21.9649  -47.2740
   350  3486  3248  564710.00  2332660.00  21.093841  105.623019  -16.5233  -23.3230
   351  5295  3248  582800.00  2332660.00  21.093112  105.797175  -19.3685  -26.4349
   352  5613  3248  585980.00  2332660.00  21.092966  105.827789  -18.5973  -25.6073
   353  6399  3251  593840.00  2332630.00  21.092309  105.903454  -15.2277  -23.2750
   354  5628  3257  586130.00  2332570.00  21.092146  105.829229  -21.3212  -30.4887
   355  5769  3263  587540.00  2332510.00  21.091537  105.842800  -18.8618  -24.3928
   356  5997  3281  589820.00  2332330.00  21.089800  105.864739  -10.6527  -16.4487
   357  1671  3305  546560.00  2332090.00  21.089243  105.448263  -21.5339  -24.6368
   358  2208  3308  551930.00  2332060.00  21.088828  105.499961  -13.7297  -16.7561
   359  4428  3308  574130.00  2332060.00  21.088063  105.713682  -14.0514  -20.8452
   360  5712  3332  586970.00  2331820.00  21.085330  105.837277  -21.4588  -27.6157
   361  5718  3344  587030.00  2331700.00  21.084243  105.837849  -21.8196  -28.9955
   363  5718  3365  587030.00  2331490.00  21.082346  105.837838  -22.5965  -25.0776
   364  1857  3383  548420.00  2331310.00  21.082147  105.466148  -21.2335  -34.6132
   365  5802  3386  587870.00  2331280.00  21.080408  105.845914  -17.7210  -23.8766
   366  6309  3392  592940.00  2331220.00  21.079616  105.894714  -20.1298  -27.6574
   367   222  3416  532070.00  2330980.00  21.079525  105.308739  -20.8480  -25.9934
   368  2655  3440  556400.00  2330740.00  21.076769  105.542951  -11.0727  -26.1213
   369  6828  3443  598130.00  2330710.00  21.074738  105.944643  -13.5304  -20.1320
   370  6177  3455  591620.00  2330590.00  21.073991  105.881974  -20.4065  -29.2301
   371  4929  3458  579140.00  2330560.00  21.074301  105.761844  -13.5827  -19.2817
   372  1728  3461  547130.00  2330530.00  21.075133  105.453707  -22.5952  -27.4282
   373  1725  3470  547100.00  2330440.00  21.074321  105.453416  -18.4207  -24.9789
   374   174  3473  531590.00  2330410.00  21.074383  105.304108  -21.3587  -24.4154
   375  1935  3479  549200.00  2330350.00  21.073453  105.473629  -18.2192  -22.0091
   376  6651  3503  596360.00  2330110.00  21.069411  105.927572  -19.4080  -23.3400
   377  1044  3515  540290.00  2329990.00  21.070418  105.387849  -13.4002  -21.7015
   378   153  3524  531380.00  2329900.00  21.069779  105.302077  -31.0259  -29.6734
   379  3780  3530  567650.00  2329840.00  21.068256  105.651212   -7.4851  -14.7681
   380  6003  3533  589880.00  2329810.00  21.067030  105.865185  -21.1486  -23.5381
   381  6012  3539  589970.00  2329750.00  21.066483  105.866048  -19.5047  -23.6835
   382  6693  3581  596780.00  2329330.00  21.062342  105.931571  -13.4429  -20.1413
   383  5880  3581  588650.00  2329330.00  21.062753  105.853321  -19.0322  -26.6227
   384  6588  3587  595730.00  2329270.00  21.061855  105.921462  -14.0296  -22.5888
   385  5925  3614  589100.00  2329000.00  21.059750  105.857635  -20.9037  -26.0827
   386  5913  3620  588980.00  2328940.00  21.059214  105.856477  -21.9163  -20.2477
   387  6810  3641  597950.00  2328730.00  21.056859  105.942798  -20.5577  -21.8248
   388  5451  3647  584360.00  2328670.00  21.056993  105.811998  -22.5241  -19.7979
   389  5940  3656  589250.00  2328580.00  21.055948  105.859057  -21.5849  -23.8757
   390  5616  3656  586010.00  2328580.00  21.056103  105.827874  -20.2110  -24.6105
   391  1806  3659  547910.00  2328550.00  21.057223  105.461161  -18.7691  -25.7328
   392  5664  3662  586490.00  2328520.00  21.055538  105.832491  -14.8768  -20.0616
   393  4947  3671  579320.00  2328430.00  21.055049  105.763478  -15.1881  -22.5905
   394  2064  3674  550490.00  2328400.00  21.055799  105.485990  -19.1073  -27.0753
   395  5037  3674  580220.00  2328400.00  21.054739  105.772139  -16.1458  -19.6628
   396  5703  3719  586880.00  2327950.00  21.050370  105.836216  -25.3275  -23.1379
   397  5499  3722  584840.00  2327920.00  21.050195  105.816581  -17.6370  -22.0768
   398  5880  3731  588650.00  2327830.00  21.049201  105.853244  -21.2863  -16.5400
   399  1869  3746  548540.00  2327680.00  21.049346  105.467200  -21.7499  -28.3534
   401  7170  3764  601550.00  2327500.00  21.045551  105.977373  -21.7395  -24.2500
   402  5544  3767  585290.00  2327470.00  21.046108  105.820889  -20.8936  -24.4507
   403  7008  3782  599930.00  2327320.00  21.044014  105.961772  -18.8194  -21.2266
   404  5655  3785  586400.00  2327290.00  21.044430  105.831563  -18.5473  -18.1014
   405  2295  3857  552800.00  2326570.00  21.039199  105.508168  -21.3997  -22.1335
   406  2271  3881  552560.00  2326330.00  21.037038  105.505851  -15.7818  -23.8003
   407  5991  3917  589760.00  2325970.00  21.032343  105.863830  -18.4250  -27.6956
   408   708  3947  536930.00  2325670.00  21.031455  105.355412  -18.0368  -21.0277
   409  5871  3953  588560.00  2325610.00  21.029149  105.852264  -18.7447  -21.9529
   410  2346  3956  553310.00  2325580.00  21.030240  105.513046  -10.0909  -15.6952
   411  2439  3956  554240.00  2325580.00  21.030212  105.521995  -15.7747  -20.5676
   412  4839  3965  578240.00  2325490.00  21.028533  105.752950   -9.4841  -14.7904
   413  2688  3989  556730.00  2325250.00  21.027156  105.545947  -20.5423  -26.2347
   414  6819  4001  598040.00  2325130.00  21.024331  105.943459  -11.6018  -16.1024
   415   204  4037  531890.00  2324770.00  21.023418  105.306891  -21.2277  -32.3936
   416  6024  4040  590090.00  2324740.00  21.021214  105.866941  -28.3762  -26.7809
   417   228  4073  532130.00  2324410.00  21.020161  105.309194  -20.2307  -47.5174
   418  4821  4121  578060.00  2323930.00  21.014447  105.751147  -12.5833  -16.5242
   419  4671  4145  576560.00  2323690.00  21.012341  105.736703   -9.3915  -16.4737
   420  4881  4148  578660.00  2323660.00  21.011982  105.756908  -18.9363  -21.5759
   421  3726  4160  567110.00  2323540.00  21.011356  105.645769  -22.4383  -33.6573
   422  6207  4208  591920.00  2323060.00  21.005946  105.884460  -19.8898  -23.4974
   423  7149  4211  601340.00  2323030.00  21.005180  105.975089  -20.8309  -24.6132
   424  6252  4256  592370.00  2322580.00  21.001587  105.888764  -18.5776  -25.2380
   425  3219  4466  562040.00  2320480.00  20.983886  105.596875  -17.5286  -23.2886
   426  3132  4475  561170.00  2320390.00  20.983102  105.588502  -16.9595  -27.4296
   427  5772  4475  587570.00  2320390.00  20.982035  105.842472   -8.8304  -14.3338
   428  6657  4484  596420.00  2320300.00  20.980780  105.927601   -7.5536  -13.4848
   429  5658  4517  586430.00  2319970.00  20.978295  105.831485  -10.9255  -20.9272
   430  6000  4559  589850.00  2319550.00  20.974336  105.864362  -19.6638  -23.4523
   431  5973  4577  589580.00  2319370.00  20.972723  105.861755  -21.9296  -26.3301
   432  5967  4586  589520.00  2319280.00  20.971913  105.861174  -22.3779  -28.0670
   433  5682  4598  586670.00  2319160.00  20.970965  105.833753   -9.8368  -15.0565
   434  5949  4601  589340.00  2319130.00  20.970567  105.859434  -25.8557  -24.8505
   435  6333  4607  593180.00  2319070.00  20.969834  105.896368  -10.3464  -16.3018
   436  5940  4640  589250.00  2318740.00  20.967048  105.858549  -18.3950  -22.6539
   437  2982  4652  559670.00  2318620.00  20.967159  105.574010  -17.1880  -30.8902
   438  2616  4655  556010.00  2318590.00  20.967003  105.538802  -10.9928  -26.2791
   439  6339  4691  593240.00  2318230.00  20.962242  105.896900  -20.4684  -23.3844
   440  6360  4721  593450.00  2317930.00  20.959521  105.898903  -23.4823  -25.8116
   441  6261  4787  592460.00  2317270.00  20.953608  105.889346  -10.5612  -23.3422
   442  6045  4805  590300.00  2317090.00  20.952089  105.868562  -21.4946  -25.6326
   443  3207  4817  561920.00  2316970.00  20.952177  105.595595  -23.6573  -24.1998
   444  5997  4832  589820.00  2316820.00  20.949673  105.863932  -20.2604  -23.7351
   445  6255  4835  592400.00  2316790.00  20.949275  105.888743  -23.4215  -22.6353
   446  5658  4838  586430.00  2316760.00  20.949293  105.831325  -17.3464  -21.1948
   447  6255  4859  592400.00  2316550.00  20.947107  105.888731  -22.3801  -28.9483
   448  5994  4862  589790.00  2316520.00  20.946964  105.863628  -19.7026  -22.9310
   449  2910  4877  558950.00  2316370.00  20.946853  105.567008  -17.9232  -21.1626
   450  5991  4892  589760.00  2316220.00  20.944255  105.863323   -9.7380  -23.4558
   451  5670  4907  586550.00  2316070.00  20.943054  105.832444  -18.1475  -22.3055
   452  6018  4916  590030.00  2315980.00  20.942074  105.865908  -15.5856  -20.6599
   453  6204  4937  591890.00  2315770.00  20.940085  105.883784  -21.0361  -24.3372
   454  5979  4964  589640.00  2315500.00  20.937756  105.862132  -22.2835  -28.7201
   455  3057  4979  560420.00  2315350.00  20.937589  105.581111  -27.1309  -24.5140
   456  4578  4991  575630.00  2315230.00  20.935944  105.727385   -9.8408  -15.7908
   457  4233  4994  572180.00  2315200.00  20.935811  105.694205  -14.2086  -17.9823
   458  6144  5015  591290.00  2314990.00  20.933068  105.877973  -21.0131  -23.2943
   459  4725  5048  577100.00  2314660.00  20.930734  105.741497  -20.6880  -22.2766
   460  4602  5048  575870.00  2314660.00  20.930785  105.729668  -16.8111  -18.4294
   461  4968  5075  579530.00  2314390.00  20.928191  105.764853  -14.9693  -18.4360
   462  6465  5096  594500.00  2314180.00  20.925588  105.908798  -20.0745  -25.3057
   463  3303  5138  562880.00  2313760.00  20.923141  105.604712  -16.5803  -24.9032
   464  6183  5147  591680.00  2313670.00  20.921123  105.881654  -11.2840  -20.0213
   465  5610  5210  585950.00  2313040.00  20.915706  105.826524  -11.2255  -13.8695
   466  5241  5216  582260.00  2312980.00  20.915332  105.791039   -9.4749  -20.7474
   467  5874  5363  588590.00  2311510.00  20.901758  105.851831  -15.0214   -7.9611
   468  4011  5420  569960.00  2310940.00  20.897407  105.672683  -15.0642  -15.7988
   469  6309  5435  592940.00  2310790.00  20.895040  105.893616  -18.0660  -25.1241
   470  6207  5468  591920.00  2310460.00  20.892109  105.883792  -15.2741  -19.4890
   471  4119  5513  571040.00  2310010.00  20.888964  105.683029  -17.3607  -20.7918
   472  3690  5558  566750.00  2309560.00  20.885058  105.641766  -19.8831  -25.7338
   473  4383  5561  573680.00  2309530.00  20.884523  105.708390  -22.1951  -24.2497
   474  6555  5594  595400.00  2309200.00  20.880550  105.917179  -20.1518  -25.1004
   475  6240  5654  592250.00  2308600.00  20.875289  105.886866   -9.2549  -10.4152
   476  3102  5699  560870.00  2308150.00  20.872521  105.585186  -18.8041  -21.8268
   477  4857  5768  578420.00  2307460.00  20.865626  105.753866  -16.0533  -13.8396
   478  3591  5804  565760.00  2307100.00  20.862866  105.632156  -13.7453  -16.6396
   479  5547  5858  585320.00  2306560.00  20.857190  105.820148  -17.2250  -19.2480
   480  4512  5909  574970.00  2306050.00  20.853030  105.720642  -14.9811  -16.9986
   481  5910  5942  588950.00  2305720.00  20.849430  105.854996  -13.9153  -17.2163
   482  3348  5981  563330.00  2305330.00  20.846959  105.608732  -22.5914  -24.6124
   483  3885  5981  568700.00  2305330.00  20.846767  105.660347  -21.4677  -28.7765
   484  3369  5984  563540.00  2305300.00  20.846680  105.610750  -20.9409  -27.9528
   485  5886  6011  588710.00  2305030.00  20.843207  105.852654  -18.2714  -21.3609
   486  3999  6044  569840.00  2304700.00  20.841033  105.671279  -11.0870  -19.5994
   487  3459  6053  564440.00  2304610.00  20.840415  105.619375  -23.3282  -25.2046
   488  3453  6071  564380.00  2304430.00  20.838791  105.618791  -18.5578  -25.7313
   489  3543  6077  565280.00  2304370.00  20.838217  105.627439  -14.5023  -19.1933
   490  6438  6086  594230.00  2304280.00  20.836159  105.905665  -10.1248  -24.5049
   491  3573  6128  565580.00  2303860.00  20.833598  105.630303  -20.8906  -21.2325
   492  5163  6146  581480.00  2303680.00  20.831342  105.783103  -21.0327  -41.7047
   493  3945  6155  569300.00  2303590.00  20.831024  105.666045  -12.0095  -19.6438
   494  4893  6158  578780.00  2303560.00  20.830374  105.757150  -12.7384  -25.0729
   495  3936  6170  569210.00  2303440.00  20.829672  105.665174   -9.9511  -14.9428
   496  3951  6296  569360.00  2302180.00  20.818282  105.666565  -13.7792  -21.5540
   497  3822  6326  568070.00  2301880.00  20.815619  105.654157   -7.7653  -19.2013
   498  5736  6335  587210.00  2301790.00  20.814006  105.838076  -17.8283  -24.0164
   499  5775  6371  587600.00  2301430.00  20.810735  105.841805  -16.8066  -21.5486
   500  4806  6383  577910.00  2301310.00  20.810082  105.748689  -15.0852  -23.5230
   501  5358  6386  583430.00  2301280.00  20.809571  105.801729  -27.0829  -19.9717
   502  5934  6401  589190.00  2301130.00  20.807949  105.857068   -7.4279  -13.4158
   503  3693  6428  566780.00  2300860.00  20.806450  105.641721  -22.8547  -31.7378
   504  3657  6434  566420.00  2300800.00  20.805921  105.638260   -9.1124  -18.6640
   505  5052  6437  580370.00  2300770.00  20.805098  105.772302  -15.6934  -21.4784
   506  6222  6458  592070.00  2300560.00  20.802658  105.884711  -12.9049  -15.1313
   507  5445  6467  584300.00  2300470.00  20.802214  105.810049  -13.9031  -18.0594
   508  5691  6470  586760.00  2300440.00  20.801830  105.833685  -14.9730  -16.0453
   509  5943  6497  589280.00  2300170.00  20.799271  105.857884  -10.0919  -18.0208
   510  5991  6554  589760.00  2299600.00  20.794098  105.862466  -15.8731  -19.0883
   511  3843  6662  568280.00  2298520.00  20.785253  105.656044  -11.1086  -14.4662
   512  4965  6668  579500.00  2298460.00  20.784265  105.763837  -13.7978  -18.5667
   513  5697  6698  586820.00  2298160.00  20.781227  105.834148  -13.3444  -16.7237
   514  5901  6740  588860.00  2297740.00  20.777336  105.853725  -13.3790  -21.0746
   515  5493  6749  584780.00  2297650.00  20.776713  105.814525  -12.6568  -17.6307
   516  5523  6749  585080.00  2297650.00  20.776700  105.817407  -18.7322  -26.8224
   517  5544  6779  585290.00  2297350.00  20.773980  105.819410   -8.3019  -13.8502
   518  3876  6797  568610.00  2297170.00  20.773043  105.659161  -17.1070  -32.3953
   519  5373  6830  583580.00  2296840.00  20.769449  105.802958  -12.1674  -17.0056
   520  5823  6881  588080.00  2296330.00  20.764634  105.846161  -18.2052  -42.3962
   521  6132  6881  591170.00  2296330.00  20.764485  105.875843  -14.8330  -20.7825
   522  5202  6884  581870.00  2296300.00  20.764646  105.786506  -16.1293  -25.0076
   523  4524  6905  575090.00  2296090.00  20.763035  105.721367  -20.8208  -28.6246
   524  3876  6917  568610.00  2295970.00  20.762201  105.659114  -18.9570  -25.7852
   525  3882  6917  568670.00  2295970.00  20.762198  105.659691  -19.7953  -27.6139
   526  3990  6944  569750.00  2295700.00  20.759719  105.670054   -7.8544  -18.7054
   527  6117  6950  591020.00  2295640.00  20.758259  105.874366  -16.6450  -21.4021
   528  5187  6965  581720.00  2295490.00  20.757335  105.785027  -13.4298  -15.5606
   529  5187  6977  581720.00  2295370.00  20.756250  105.785021  -15.8644  -24.6359
   530  5619  6989  586040.00  2295250.00  20.754972  105.826511  -15.6369  -22.4349
   531  5601  6995  585860.00  2295190.00  20.754438  105.824779  -25.8946  -25.3803
   532  6195  7013  591800.00  2295010.00  20.752528  105.881825  -18.5434  -30.3907
   533  5412  7022  583970.00  2294920.00  20.752085  105.806612  -14.5445  -17.8052
   534  4014  7037  569990.00  2294770.00  20.751307  105.672323  -25.6533  -29.5511
   535  5316  7040  583010.00  2294740.00  20.750501  105.797383  -16.1900  -20.6442
   536  3984  7046  569690.00  2294680.00  20.750505  105.669438  -24.5934  -34.4072
   537  6996  7073  599810.00  2294410.00  20.746696  105.958727  -12.0325  -23.9354
   538  7032  7076  600170.00  2294380.00  20.746405  105.962183  -20.8102  -21.5582
   539  5460  7088  584450.00  2294260.00  20.746100  105.811191  -10.3843  -17.4635
   540  4068  7094  570530.00  2294200.00  20.746137  105.677487  -16.7313  -26.0164
   541  5595  7133  585800.00  2293810.00  20.741972  105.824136  -11.8521  -20.2359
   542  4977  7136  579620.00  2293780.00  20.741976  105.764778  -33.9236  -32.6818
   543  7017  7142  600020.00  2293720.00  20.740451  105.960705  -18.3723  -31.3040
   544  5607  7157  585920.00  2293570.00  20.739798  105.825276  -18.4720  -20.8798
   545  5826  7178  588110.00  2293360.00  20.737799  105.846299  -19.3228  -26.0248
   546  4614  7196  575990.00  2293180.00  20.736706  105.729886  -23.1128  -26.6295
   547  4197  7202  571820.00  2293120.00  20.736329  105.689833  -21.0444  -30.2328
   548  5904  7250  588890.00  2292640.00  20.731257  105.853754  -16.5640  -25.0128
   549  5541  7262  585260.00  2292520.00  20.730342  105.818886  -16.6174  -17.7954
   550  6003  7289  589880.00  2292250.00  20.727686  105.863242  -20.1451  -25.8089
   551  7032  7313  600170.00  2292010.00  20.724993  105.962047  -18.6742  -24.7157
   552  6300  7328  592850.00  2291860.00  20.724017  105.891744  -10.6862  -20.5503
   553  5622  7355  586070.00  2291590.00  20.721902  105.826620  -16.8472  -25.3374
   554  4632  7355  576170.00  2291590.00  20.722333  105.731546  -12.0227  -21.0638
   555  6405  7358  593900.00  2291560.00  20.721254  105.901811   -7.4931  -14.9791
   556  4068  7361  570530.00  2291530.00  20.722012  105.677379  -23.0176  -26.7869
   557  4989  7364  579740.00  2291500.00  20.721370  105.765826  -20.7825  -23.7060
   558  5883  7373  588680.00  2291410.00  20.720154  105.851675  -18.3522  -18.4410
   559  5658  7388  586430.00  2291260.00  20.718904  105.830061  -23.3399  -25.2762
   560  5931  7394  589160.00  2291200.00  20.718234  105.856274  -16.4196  -22.5737
   561  6162  7397  591470.00  2291170.00  20.717851  105.878455  -17.4143  -30.5588
   562  5520  7415  585050.00  2290990.00  20.716528  105.816795  -23.3237  -21.8635
   563  4950  7430  579350.00  2290840.00  20.715424  105.762051  -19.4645  -22.9415
   564  5343  7448  583280.00  2290660.00  20.713626  105.799783  -10.8584  -18.5823
   565  5376  7478  583610.00  2290360.00  20.710901  105.802937  -17.3254  -25.5862
   566  6342  7481  593270.00  2290330.00  20.710172  105.895696  -16.8600  -23.5520
   567  4251  7493  572360.00  2290210.00  20.710016  105.694900  -22.1734  -26.7195
   569  6444  7505  594290.00  2290090.00  20.707953  105.905478  -13.2508  -19.5608
   570  6354  7511  593390.00  2290030.00  20.707456  105.896832  -11.7310  -14.1074
   571  4227  7520  572120.00  2289940.00  20.707585  105.692584  -17.2397  -22.1495
   572  5733  7535  587180.00  2289790.00  20.705588  105.837190  -22.9629  -36.8467
   573  5733  7556  587180.00  2289580.00  20.703690  105.837180  -21.7748  -29.2651
   574  6414  7571  593990.00  2289430.00  20.702005  105.902562  -18.4830  -22.9816
   575  5607  7580  585920.00  2289340.00  20.701580  105.825069  -19.3807  -32.6139
   576  4254  7589  572390.00  2289250.00  20.701341  105.695148  -21.4242  -30.9155
   577  4242  7595  572270.00  2289190.00  20.700803  105.693993  -22.2572  -26.0088
   578  5562  7613  585470.00  2289010.00  20.698620  105.820732  -13.1465  -19.7290
   579  5256  7628  582410.00  2288860.00  20.697402  105.791344  -12.8793  -24.5703
   580  5574  7634  585590.00  2288800.00  20.696717  105.821874  -22.1697  -31.0111
   581  4140  7733  571250.00  2287810.00  20.688374  105.684143  -13.9008  -21.0030
   582  6588  7742  595730.00  2287720.00  20.686467  105.919176  -15.8190  -21.9315
   583  5868  7748  588530.00  2287660.00  20.686280  105.850046  -16.6401  -27.6921
   584  6837  7763  598220.00  2287510.00  20.684441  105.943070   -7.7207  -10.2289
   585  5490  7766  584750.00  2287480.00  20.684829  105.813745  -18.2090  -24.8365
   586  5649  7769  586340.00  2287450.00  20.684485  105.829009  -23.0875  -31.8007
   587  6255  7781  592400.00  2287330.00  20.683111  105.887184  -21.4363  -23.8459
   588  5643  7844  586280.00  2286700.00  20.677711  105.828397  -17.9571  -29.8730
   589  6978  7847  599630.00  2286670.00  20.676777  105.956559  -14.2251  -18.9236
   590  4107  7922  570920.00  2285920.00  20.671309  105.680899  -15.0374  -20.0644
   591  5868  7958  588530.00  2285560.00  20.667306  105.849940  -19.1239  -24.0122
   592  6189  7994  591740.00  2285200.00  20.663899  105.880737  -15.0141  -22.5884
   593  4224  8024  572090.00  2284900.00  20.662049  105.692089  -16.1950  -26.6749
   594  5163  8045  581480.00  2284690.00  20.659766  105.782221  -15.6143  -22.8503
   595  4680  8057  576650.00  2284570.00  20.658886  105.735850   -9.2482  -12.8083
   596  5625  8129  586100.00  2283850.00  20.651970  105.826529  -16.2848  -25.3071
   597  4827  8138  578120.00  2283760.00  20.651506  105.749925  -14.9381  -28.7076
   598  4308  8141  572930.00  2283730.00  20.651445  105.700105  -25.0870  -41.6144
   599  4437  8162  574220.00  2283520.00  20.649497  105.712479  -23.2724  -33.5380
   600  4125  8195  571100.00  2283190.00  20.646636  105.682516  -22.2573  -26.2047
   601  5469  8240  584540.00  2282740.00  20.642012  105.811502  -19.8233  -47.2896
   602  4308  8285  572930.00  2282290.00  20.638434  105.700045  -17.4890  -21.9748
   603  4392  8297  573770.00  2282170.00  20.637317  105.708103  -21.5253  -23.2367
   604  4422  8321  574070.00  2281930.00  20.635136  105.710972  -21.7865  -39.6361
   605  4425  8336  574100.00  2281780.00  20.633780  105.711254  -20.1970  -27.4461
   606  4977  8342  579620.00  2281720.00  20.633011  105.764232  -11.1574  -16.1385
   607  4410  8342  573950.00  2281720.00  20.633244  105.709812  -23.1734  -47.3418
   608  4446  8351  574310.00  2281630.00  20.632416  105.713263  -11.9234  -16.9663
   609  4446  8360  574310.00  2281540.00  20.631603  105.713259  -23.8266  -22.5708
   610  4503  8387  574880.00  2281270.00  20.629141  105.718719  -17.5837  -26.3901
   611  4170  8465  571550.00  2280490.00  20.622223  105.686726  -12.4691  -16.6233
   612  4419  8519  574040.00  2279950.00  20.617248  105.710601  -20.3895  -29.1145
   613  4380  8570  573650.00  2279440.00  20.612655  105.706837  -16.0357  -19.5309
   615  4506  8639  574910.00  2278750.00  20.606371  105.718900  -20.0960  -25.3723
   616  4461  8657  574460.00  2278570.00  20.604762  105.714574  -15.9292  -22.4929
   617  5304  8720  582890.00  2277940.00  20.598717  105.795439  -15.3629  -19.7770
   618  5061  8747  580460.00  2277670.00  20.596383  105.772109  -12.9454  -19.8044
   619  5097  8768  580820.00  2277460.00  20.594470  105.775554  -26.9450  -26.2161
   620  5097  8972  580820.00  2275420.00  20.576038  105.775461  -27.1642  -22.6257
