; ENVI Output of ROIs (5.2) [Mon Dec 02 12:07:32 2019]
; Number of ROIs: 1
; File Dimension: 7647 x 9116
;
; ROI name: EVF: Layer: water.shp
; ROI rgb value: {255, 255, 255}
; ROI npts: 770
;   ID     X     Y      Map X       Map Y        Lat         Lon        B1        B2
     1  5478   518  584630.00  2359960.00  21.339670  105.816148  -16.7658  -26.9125
     2  5703   593  586880.00  2359210.00  21.332788  105.837806  -20.0730  -24.2174
     3  4971   827  579560.00  2356870.00  21.311984  105.767112  -13.1465  -18.7381
     4  5958   887  589430.00  2356270.00  21.306103  105.862239   -9.2702  -14.3396
     5  6408   935  593930.00  2355790.00  21.301538  105.905595  -13.5161  -22.3434
     7  1161   959  541460.00  2355550.00  21.301332  105.399732  -18.2694  -25.5751
     8  1167   962  541520.00  2355520.00  21.301060  105.400310  -18.3103  -26.6870
    10  1137   968  541220.00  2355460.00  21.300524  105.397416  -18.2806  -25.7195
    11  1170   968  541550.00  2355460.00  21.300517  105.400598  -17.6641  -28.4464
    12  1083   971  540680.00  2355430.00  21.300265  105.392209   -8.7267  -19.8221
    13  1029   971  540140.00  2355430.00  21.300277  105.387003  -21.1122  -31.0573
    14  1143   971  541280.00  2355430.00  21.300252  105.397994  -18.4807  -25.9168
    15  1113   983  540980.00  2355310.00  21.299174  105.395099  -19.0354  -32.7409
    16  1164   986  541490.00  2355280.00  21.298892  105.400015  -15.4632  -25.6270
    17  1185   986  541700.00  2355280.00  21.298887  105.402040  -17.0613  -20.9091
    18  1191   989  541760.00  2355250.00  21.298615  105.402617  -13.1413  -16.2924
    19  1173   989  541580.00  2355250.00  21.298619  105.400882  -13.8456  -21.9531
    20  1167   989  541520.00  2355250.00  21.298620  105.400303  -22.2386  -28.8801
    21  1143   992  541280.00  2355220.00  21.298354  105.397989  -19.1219  -27.0423
    22  1173   992  541580.00  2355220.00  21.298348  105.400881  -13.6945  -19.6744
    23  1182   992  541670.00  2355220.00  21.298346  105.401749  -13.9307  -19.4312
    24  1197   995  541820.00  2355190.00  21.298071  105.403194  -14.8533  -19.6622
    25  1203   995  541880.00  2355190.00  21.298070  105.403773  -19.7959  -47.4337
    28  1149   998  541340.00  2355160.00  21.297811  105.398566  -20.3447  -29.3609
    29  1218  1004  542030.00  2355100.00  21.297253  105.405217  -17.0429  -22.3479
    33  1170  1004  541550.00  2355100.00  21.297264  105.400589  -18.7541  -37.6632
    34  1164  1007  541490.00  2355070.00  21.296994  105.400010  -16.8045  -24.3665
    35  1212  1007  541970.00  2355070.00  21.296983  105.404637   -7.2851  -15.9434
    37  1188  1010  541730.00  2355040.00  21.296718  105.402323   -7.1196  -12.6120
    38  1155  1013  541400.00  2355010.00  21.296454  105.399141  -15.0172  -21.2402
    39  1185  1013  541700.00  2355010.00  21.296447  105.402033  -10.2086  -15.6076
    41  1206  1016  541910.00  2354980.00  21.296172  105.404057   -9.7505  -13.6115
    42  6558  1016  595430.00  2354980.00  21.294142  105.920010  -15.3089  -23.3348
    44  1188  1019  541730.00  2354950.00  21.295905  105.402321   -9.9247  -13.6358
    45  1203  1019  541880.00  2354950.00  21.295901  105.403767   -9.0116  -15.9056
    47  1215  1025  542000.00  2354890.00  21.295356  105.404922   -8.3391  -14.6663
    48  1224  1025  542090.00  2354890.00  21.295354  105.405790  -10.5964  -13.9659
    49  1221  1028  542060.00  2354860.00  21.295084  105.405500   -8.9272  -15.6215
    50  1191  1028  541760.00  2354860.00  21.295091  105.402608  -16.7763  -27.7986
    52   987  1028  539720.00  2354860.00  21.295137  105.382940  -17.2010  -44.6229
    53  1224  1031  542090.00  2354830.00  21.294812  105.405788   -8.8056  -16.8956
    54  1251  1031  542360.00  2354830.00  21.294806  105.408391  -21.0909  -42.0604
    55  1191  1034  541760.00  2354800.00  21.294549  105.402606  -17.4314  -25.2115
    57   987  1034  539720.00  2354800.00  21.294595  105.382939  -21.0806  -29.2802
    59  1179  1040  541640.00  2354740.00  21.294009  105.401448  -17.3425  -28.0699
    60  1200  1040  541850.00  2354740.00  21.294005  105.403472  -16.6923  -23.4493
    61  1140  1043  541250.00  2354710.00  21.293747  105.397687  -17.8404  -21.4692
    62  1179  1046  541640.00  2354680.00  21.293467  105.401446  -15.4466  -28.7283
    63  1197  1049  541820.00  2354650.00  21.293192  105.403181  -14.2277  -24.5830
    64  1212  1049  541970.00  2354650.00  21.293189  105.404627  -14.8679  -23.4519
    65  1173  1052  541580.00  2354620.00  21.292927  105.400866  -22.4450  -21.7123
    67  1167  1061  541520.00  2354530.00  21.292115  105.400286  -13.1426  -27.6488
    69  1170  1061  541550.00  2354530.00  21.292114  105.400575  -15.4539  -28.0357
    70   960  1067  539450.00  2354470.00  21.291619  105.380328  -16.4456  -25.4533
    71   966  1070  539510.00  2354440.00  21.291347  105.380906  -17.7838  -28.2870
    94  1362  1124  543470.00  2353900.00  21.286377  105.419069  -20.8386  -36.7430
    97  1353  1130  543380.00  2353840.00  21.285837  105.418200  -18.7797  -28.8504
   102  1260  1148  542450.00  2353660.00  21.284233  105.409230  -14.9244  -21.6923
   112  1437  1214  544220.00  2353000.00  21.278227  105.426276  -19.8606  -25.1650
   118  1476  1247  544610.00  2352670.00  21.275236  105.430026  -16.1492  -24.1345
   122  1491  1262  544760.00  2352520.00  21.273877  105.431468  -17.4944  -44.2071
   123   906  1295  538910.00  2352190.00  21.271030  105.375070  -10.6322  -14.7530
   124   891  1313  538760.00  2352010.00  21.269407  105.373620  -12.6613  -17.1252
   125   987  1343  539720.00  2351710.00  21.266676  105.382867  -11.1762  -16.3472
   126  1146  1373  541310.00  2351410.00  21.263930  105.398185  -13.2706  -23.5587
   127  1572  1376  545570.00  2351380.00  21.263557  105.439246  -21.6955  -31.7489
   128  5589  1382  585740.00  2351320.00  21.261561  105.826415  -21.5275  -23.2566
   129  1089  1391  540740.00  2351230.00  21.262316  105.392687   -4.2751  -11.7778
   130  1095  1400  540800.00  2351140.00  21.261502  105.393263   -9.4702  -14.9816
   131  1596  1433  545810.00  2350810.00  21.258401  105.441544  -14.1212  -24.0565
   132   720  1442  537050.00  2350720.00  21.257788  105.357109  -19.9125  -27.6495
   133  1227  1442  542120.00  2350720.00  21.257677  105.405976   -8.6541  -11.7942
   134  1596  1442  545810.00  2350720.00  21.257588  105.441541  -17.2747  -28.9174
   135  1599  1451  545840.00  2350630.00  21.256774  105.441828  -20.7814  -23.0730
   136  1599  1463  545840.00  2350510.00  21.255690  105.441825  -19.9624  -28.2962
   137  1602  1466  545870.00  2350480.00  21.255418  105.442113  -15.2366  -31.7600
   138  5583  1475  585680.00  2350390.00  21.253162  105.825790  -14.9485  -23.7477
   139  5991  1505  589760.00  2350090.00  21.250254  105.865094  -16.3868  -17.0622
   140  6591  1505  595760.00  2350090.00  21.249948  105.922916  -15.5466  -25.1316
   141  6006  1520  589910.00  2349940.00  21.248892  105.866532  -19.0851  -25.3355
   142  1191  1544  541760.00  2349700.00  21.248470  105.402481  -13.3658  -17.8627
   143  1218  1544  542030.00  2349700.00  21.248463  105.405083   -7.9101  -16.7097
   144   996  1568  539810.00  2349460.00  21.246345  105.383682  -15.4806  -18.8243
   145  6060  1574  590450.00  2349400.00  21.243986  105.871707  -10.6823  -13.8548
   147  1584  1583  545690.00  2349310.00  21.244851  105.440347  -16.6769  -28.8824
   148  1575  1586  545600.00  2349280.00  21.244582  105.439479  -15.6839  -22.7734
   149  1572  1592  545570.00  2349220.00  21.244041  105.439188  -15.6289  -23.1509
   150  6048  1595  590330.00  2349190.00  21.242095  105.870539  -15.3301  -17.3139
   151  1575  1598  545600.00  2349160.00  21.243498  105.439475  -15.4409  -22.5116
   152  1584  1604  545690.00  2349100.00  21.242954  105.440341  -12.9660  -19.9211
   153  1581  1607  545660.00  2349070.00  21.242683  105.440051  -18.9579  -25.7361
   154  1581  1625  545660.00  2348890.00  21.241057  105.440046  -20.4262  -22.2261
   155  1563  1628  545480.00  2348860.00  21.240791  105.438311  -16.2251  -24.7227
   156  1563  1631  545480.00  2348830.00  21.240520  105.438310  -17.3430  -33.2896
   157  1572  1631  545570.00  2348830.00  21.240517  105.439177  -16.7708  -26.2662
   158  1578  1631  545630.00  2348830.00  21.240516  105.439756  -15.4589  -26.4850
   159  1557  1631  545420.00  2348830.00  21.240521  105.437732  -13.5030  -24.7603
   160  6486  1634  594710.00  2348800.00  21.238349  105.912725  -17.8525  -25.0054
   161  1569  1640  545540.00  2348740.00  21.239705  105.438886  -18.3087  -26.5975
   162  1563  1643  545480.00  2348710.00  21.239435  105.438307  -17.8005  -29.3039
   163  1557  1643  545420.00  2348710.00  21.239437  105.437729  -16.2265  -25.1318
   164  1563  1652  545480.00  2348620.00  21.238622  105.438304  -20.6451  -33.2776
   166  1572  1652  545570.00  2348620.00  21.238620  105.439172  -14.0704  -19.5855
   167  1569  1667  545540.00  2348470.00  21.237265  105.438879  -16.3349  -26.6012
   168  1557  1667  545420.00  2348470.00  21.237268  105.437722  -10.1899  -21.9346
   169  5553  1673  585380.00  2348410.00  21.235288  105.822799  -10.5636  -13.9813
   170  1560  1673  545450.00  2348410.00  21.236726  105.438010  -14.2394  -18.6888
   171  1560  1679  545450.00  2348350.00  21.236183  105.438008  -15.2593  -24.5624
   172  1551  1679  545360.00  2348350.00  21.236186  105.437141   -9.5719  -21.0303
   173  1542  1682  545270.00  2348320.00  21.235917  105.436273   -7.7868  -15.8628
   175  1554  1685  545390.00  2348290.00  21.235643  105.437428  -16.5950  -26.4693
   176  1566  1694  545510.00  2348200.00  21.234827  105.438582  -20.1982  -21.2756
   177  1569  1700  545540.00  2348140.00  21.234284  105.438870  -17.5641  -29.2406
   178  1542  1700  545270.00  2348140.00  21.234291  105.436268  -18.0757  -22.3015
   180  1578  1718  545630.00  2347960.00  21.232655  105.439732  -24.7833  -23.4310
   181  1569  1724  545540.00  2347900.00  21.232115  105.438863  -18.4825  -38.6392
   182  1569  1736  545540.00  2347780.00  21.231031  105.438860  -18.7328  -27.3967
   183  1581  1736  545660.00  2347780.00  21.231028  105.440017  -20.0022  -34.5447
   184  1566  1739  545510.00  2347750.00  21.230761  105.438570  -11.7778  -23.4980
   185  1545  1745  545300.00  2347690.00  21.230224  105.436545  -16.3187  -29.4172
   186  1539  1748  545240.00  2347660.00  21.229954  105.435966  -16.3969  -27.4342
   187  1572  1748  545570.00  2347660.00  21.229946  105.439146  -20.6099  -23.5830
   188  1542  1754  545270.00  2347600.00  21.229412  105.436254  -17.0667  -25.4127
   189  1560  1757  545450.00  2347570.00  21.229136  105.437987  -13.9444  -26.0492
   190  1539  1757  545240.00  2347570.00  21.229141  105.435964  -18.8507  -27.2777
   191   648  1757  536330.00  2347570.00  21.229341  105.350102  -21.7636  -28.1404
   192  1533  1760  545180.00  2347540.00  21.228872  105.435385  -14.4784  -21.1884
   193  1563  1763  545480.00  2347510.00  21.228593  105.438275  -12.7947  -23.8204
   194  6312  1763  592970.00  2347510.00  21.226784  105.895888  -19.1133  -26.6130
   195  1536  1766  545210.00  2347480.00  21.228329  105.435672  -20.4591  -26.3075
   196  1545  1772  545300.00  2347420.00  21.227785  105.436538  -17.9465  -32.8885
   197  1578  1772  545630.00  2347420.00  21.227776  105.439718  -19.7539  -32.8064
   198   633  1778  536180.00  2347360.00  21.227447  105.348652  -20.5472  -26.7267
   199  5388  1781  583730.00  2347330.00  21.225607  105.806846   -7.8068  -16.4296
   200  1563  1784  545480.00  2347300.00  21.226696  105.438269  -18.7270  -25.4555
   201  1566  1793  545510.00  2347210.00  21.225882  105.438556  -19.1982  -27.1921
   203  1572  1796  545570.00  2347180.00  21.225609  105.439133  -18.1970  -25.5278
   204  1524  1802  545090.00  2347120.00  21.225079  105.434506   -6.7506  -19.9534
   205  1560  1808  545450.00  2347060.00  21.224528  105.437974  -18.5626  -27.9793
   206  1563  1808  545480.00  2347060.00  21.224527  105.438263  -19.0619  -31.5680
   207   678  1811  536630.00  2347030.00  21.224456  105.352982  -11.9558  -15.1295
   208  1497  1820  544820.00  2346940.00  21.223460  105.431900   -7.7317  -15.1578
   209  1560  1820  545450.00  2346940.00  21.223444  105.437971  -19.4380  -39.0913
   210  1491  1820  544760.00  2346940.00  21.223461  105.431322   -8.5619  -20.2273
   211  1563  1820  545480.00  2346940.00  21.223443  105.438260  -20.4516  -20.3130
   212  1485  1823  544700.00  2346910.00  21.223191  105.430743  -12.4682  -18.5283
   213  1557  1823  545420.00  2346910.00  21.223174  105.437681  -22.7453  -32.2179
   214  1494  1829  544790.00  2346850.00  21.222647  105.431608  -11.6848  -13.2548
   215  1566  1829  545510.00  2346850.00  21.222629  105.438546  -15.9361  -32.7912
   216  1560  1829  545450.00  2346850.00  21.222631  105.437968  -16.5914  -26.9051
   217  1503  1844  544880.00  2346700.00  21.221290  105.432472   -7.7578  -12.5972
   218  1488  1844  544730.00  2346700.00  21.221293  105.431026   -9.9766  -16.7491
   219  1506  1847  544910.00  2346670.00  21.221018  105.432760   -9.1471  -15.4725
   220  1482  1847  544670.00  2346670.00  21.221024  105.430447  -16.8093  -24.5231
   221  1503  1877  544880.00  2346370.00  21.218308  105.432463  -10.7416  -16.7773
   222  5877  1880  588620.00  2346340.00  21.216431  105.853913  -17.1698  -22.4388
   223  6393  1901  593780.00  2346130.00  21.214275  105.903617  -19.0511  -22.8678
   224  1395  1910  543800.00  2346040.00  21.215353  105.422048  -14.9093  -22.5653
   225  1623  1925  546080.00  2345890.00  21.213941  105.444013  -18.0695  -29.8807
   226  5568  1934  585530.00  2345800.00  21.211701  105.824114  -10.9807  -14.0543
   227   582  1952  535670.00  2345620.00  21.211736  105.343701  -11.5239  -15.6475
   228   594  1967  535790.00  2345470.00  21.210378  105.344854  -20.6005  -19.0991
   229   516  2042  535010.00  2344720.00  21.203617  105.337323  -16.8430  -24.3506
   230   498  2054  534830.00  2344600.00  21.202536  105.335587  -10.0060  -23.4433
   231  5976  2063  589610.00  2344510.00  21.199850  105.863355  -16.6007  -23.9396
   232  4239  2069  572240.00  2344450.00  21.200080  105.696010  -14.3973  -18.6631
   233  5151  2078  581360.00  2344360.00  21.198882  105.783868  -14.2252  -15.3352
   235  1683  2093  546680.00  2344210.00  21.198747  105.449748  -18.6467  -26.3986
   236  5952  2135  589370.00  2343790.00  21.193357  105.861005   -9.5253  -18.5588
   237  5982  2150  589670.00  2343640.00  21.191987  105.863887   -7.9195  -14.2111
   238  5850  2162  588350.00  2343520.00  21.190967  105.851165  -12.1959  -17.6013
   239  1788  2165  547730.00  2343490.00  21.192214  105.459844  -13.5195  -25.2852
   241  5571  2201  585560.00  2343130.00  21.187577  105.824269  -10.9098  -17.3867
   242  3885  2237  568700.00  2342770.00  21.185039  105.661838   -7.8201  -14.5717
   243  1827  2249  548120.00  2342650.00  21.184614  105.463578  -21.1290  -45.3316
   244  1845  2276  548300.00  2342380.00  21.182170  105.465304  -19.5696  -24.3441
   245   420  2327  534050.00  2341870.00  21.177884  105.328017  -16.8642  -24.8250
   246  3414  2366  563990.00  2341480.00  21.173555  105.616416  -21.5887  -24.9929
   247  3411  2366  563960.00  2341480.00  21.173556  105.616127  -20.9054  -36.2148
   248  3417  2369  564020.00  2341450.00  21.173283  105.616704  -20.1166  -26.8047
   249  3399  2369  563840.00  2341450.00  21.173289  105.614970  -19.1664  -27.7762
   250  3381  2369  563660.00  2341450.00  21.173296  105.613237  -19.8655  -25.5009
   251  3372  2372  563570.00  2341420.00  21.173028  105.612369  -21.2788  -24.5101
   252  3384  2372  563690.00  2341420.00  21.173024  105.613524  -19.5477  -35.6735
   253  3426  2375  564110.00  2341390.00  21.172738  105.617569  -24.9901  -25.9122
   254  3402  2375  563870.00  2341390.00  21.172746  105.615257  -21.2317  -25.4319
   255  3417  2375  564020.00  2341390.00  21.172741  105.616702  -21.6365  -21.0558
   256  3378  2378  563630.00  2341360.00  21.172484  105.612944  -27.2295  -28.8740
   257  3489  2381  564740.00  2341330.00  21.172174  105.623635  -21.9866  -37.7051
   258  4473  2381  574580.00  2341330.00  21.171797  105.718418  -16.5497  -19.4987
   259  3420  2381  564050.00  2341330.00  21.172198  105.616989  -19.5702  -29.1654
   260  3423  2384  564080.00  2341300.00  21.171926  105.617277  -17.4615  -29.6596
   261  3411  2384  563960.00  2341300.00  21.171930  105.616121  -19.7929  -29.1924
   262  3441  2387  564260.00  2341270.00  21.171648  105.619009  -18.7272  -26.3586
   263  1923  2387  549080.00  2341270.00  21.172120  105.472786  -21.5118  -34.7874
   264  3390  2387  563750.00  2341270.00  21.171666  105.614097  -18.6748  -31.6006
   265  3420  2393  564050.00  2341210.00  21.171114  105.616984  -21.9785  -22.8327
   266  3378  2393  563630.00  2341210.00  21.171128  105.612939  -15.0827  -28.1927
   267  3426  2396  564110.00  2341180.00  21.170841  105.617561  -23.4220  -27.1243
   268  3387  2396  563720.00  2341180.00  21.170854  105.613804  -13.6739  -19.6902
   269  3327  2399  563120.00  2341150.00  21.170604  105.608024  -21.1347  -27.9206
   270  3381  2399  563660.00  2341150.00  21.170585  105.613225  -11.9796  -13.7574
   271  3390  2399  563750.00  2341150.00  21.170582  105.614092  -12.8589  -17.6141
   272  3393  2399  563780.00  2341150.00  21.170581  105.614381  -11.2749  -15.1250
   273   405  2399  533900.00  2341150.00  21.171382  105.326558   -8.8470  -21.3518
   274  3339  2402  563240.00  2341120.00  21.170329  105.609179  -20.4970  -24.9675
   275  3327  2402  563120.00  2341120.00  21.170333  105.608023  -18.2409  -27.2849
   276  3336  2408  563210.00  2341060.00  21.169788  105.608887  -23.7580  -33.1659
   277  3360  2408  563450.00  2341060.00  21.169779  105.611199  -17.8869  -29.0351
   278    30  2408  530150.00  2341060.00  21.170634  105.290433  -15.2527  -24.6713
   279  4461  2411  574460.00  2341030.00  21.169092  105.717249  -18.5856  -25.2833
   280  3318  2411  563030.00  2341030.00  21.169523  105.607153  -17.5178  -27.3199
   281  3327  2414  563120.00  2341000.00  21.169249  105.608018  -20.8966  -28.5368
   282  3351  2417  563360.00  2340970.00  21.168969  105.610329  -21.7500  -29.0138
   283  3516  2420  565010.00  2340940.00  21.168640  105.626221  -24.0527  -23.6356
   284  3315  2426  563000.00  2340880.00  21.168169  105.606858  -23.8957  -30.6933
   285  3354  2429  563390.00  2340850.00  21.167884  105.610614  -11.0334  -19.6036
   286   771  2438  537560.00  2340760.00  21.167786  105.361805   -9.4398  -16.0305
   287   570  2447  535550.00  2340670.00  21.167013  105.342442  -18.1985  -22.1396
   288  3192  2447  561770.00  2340670.00  21.166313  105.595003  -24.5778  -47.3469
   289  1263  2471  542480.00  2340430.00  21.164697  105.409189   -8.3998  -16.7054
   290  2037  2474  550220.00  2340400.00  21.164229  105.483742  -21.6213  -26.7938
   291  3141  2474  561260.00  2340400.00  21.163891  105.590081  -13.0600  -16.3091
   292  3648  2474  566330.00  2340400.00  21.163714  105.638915  -12.6849  -26.2200
   293  1503  2474  544880.00  2340400.00  21.164368  105.432306   -9.6064  -14.6249
   294  3123  2483  561080.00  2340310.00  21.163084  105.588344  -11.9051  -18.1090
   295  3135  2483  561200.00  2340310.00  21.163080  105.589500  -16.3076  -25.5244
   296  3096  2483  560810.00  2340310.00  21.163093  105.585743   -9.5252  -14.6622
   297  3087  2486  560720.00  2340280.00  21.162825  105.584875   -9.3983  -13.6410
   298  3102  2486  560870.00  2340280.00  21.162820  105.586320  -18.9251  -22.1828
   299  3123  2486  561080.00  2340280.00  21.162813  105.588343  -14.6945  -23.7898
   300  3138  2486  561230.00  2340280.00  21.162808  105.589787  -19.5712  -28.8552
   301  3147  2492  561320.00  2340220.00  21.162263  105.590652  -18.1270  -29.3682
   302  3141  2492  561260.00  2340220.00  21.162265  105.590074  -23.1838  -24.0757
   303  3090  2495  560750.00  2340190.00  21.162011  105.585161  -22.4322  -44.3549
   304  3165  2501  561500.00  2340130.00  21.161444  105.592383  -18.0344  -37.2678
   305  3138  2501  561230.00  2340130.00  21.161453  105.589782  -14.1124  -28.2265
   306   993  2504  539780.00  2340100.00  21.161776  105.383174  -18.7240  -33.8768
   307  3099  2504  560840.00  2340100.00  21.161195  105.586025  -15.7409  -25.2232
   308  3159  2504  561440.00  2340100.00  21.161175  105.591804  -24.5488  -23.8206
   309  3123  2504  561080.00  2340100.00  21.161187  105.588336  -17.7084  -43.7205
   310  3162  2504  561470.00  2340100.00  21.161174  105.592093  -19.5319  -24.6759
   311  3189  2507  561740.00  2340070.00  21.160894  105.594692  -17.4130  -31.4554
   312  3171  2507  561560.00  2340070.00  21.160900  105.592958  -18.5009  -35.0259
   313  3120  2507  561050.00  2340070.00  21.160917  105.588046  -21.0167  -31.3343
   314  3105  2507  560900.00  2340070.00  21.160922  105.586601  -22.9489  -25.4695
   315  3120  2510  561050.00  2340040.00  21.160646  105.588045  -28.2410  -28.2453
   316  3180  2513  561650.00  2340010.00  21.160354  105.593823  -11.9278  -22.7538
   317  3198  2513  561830.00  2340010.00  21.160348  105.595557  -19.9359  -23.9536
   318  3111  2516  560960.00  2339980.00  21.160107  105.587176  -26.7720  -24.1465
   319  3114  2516  560990.00  2339980.00  21.160106  105.587465  -24.0997  -30.5179
   320  3093  2519  560780.00  2339950.00  21.159842  105.585441  -22.3558  -28.6215
   321  3132  2519  561170.00  2339950.00  21.159829  105.589198  -19.4250  -26.3600
   322  3180  2522  561650.00  2339920.00  21.159541  105.593820  -19.6664  -31.4604
   323  3684  2525  566690.00  2339890.00  21.159093  105.642362  -20.4506  -26.6247
   324  5784  2528  587690.00  2339860.00  21.157933  105.844620  -17.1098  -22.4948
   325  3072  2534  560570.00  2339800.00  21.158493  105.583413  -22.9693  -30.9877
   326  3849  2540  568340.00  2339740.00  21.157677  105.658248  -18.6832  -32.0153
   327  5286  2543  582710.00  2339710.00  21.156811  105.796649   -7.4602  -10.8003
   328  3246  2555  562310.00  2339590.00  21.156537  105.600165   -8.0818  -15.4649
   329   876  2555  538610.00  2339590.00  21.157193  105.371893  -20.2910  -27.1994
   330  3204  2564  561890.00  2339500.00  21.155738  105.596116  -13.1420  -18.7774
   331  2757  2570  557420.00  2339440.00  21.155343  105.553061  -18.7301  -27.9040
   332  2616  2579  556010.00  2339350.00  21.154573  105.539478  -22.2915  -24.8998
   333  2895  2582  558800.00  2339320.00  21.154214  105.566349  -20.9988  -31.8961
   334  2547  2585  555320.00  2339290.00  21.154052  105.532830  -22.8895  -24.4194
   335  5994  2588  589790.00  2339260.00  21.152410  105.864813   -8.4176  -13.1439
   336  5259  2594  582440.00  2339200.00  21.152215  105.794024   -8.5750  -13.7631
   337  1491  2594  544760.00  2339200.00  21.153529  105.431119  -18.2818  -26.2352
   338  1650  2597  546350.00  2339170.00  21.153218  105.446432   -8.3066  -13.2830
   339  2913  2600  558980.00  2339140.00  21.152582  105.568076  -18.1923  -27.8312
   340   870  2603  538550.00  2339110.00  21.152857  105.371304  -13.8584  -23.2773
   341   504  2609  534890.00  2339050.00  21.152389  105.336051  -15.7378  -26.0583
   342  1479  2612  544640.00  2339020.00  21.151905  105.429958   -9.3298  -19.3880
   343  3720  2618  567050.00  2338960.00  21.150677  105.645793  -21.5056  -34.3887
   344  2892  2630  558770.00  2338840.00  21.149879  105.566043  -18.1659  -25.0499
   345   357  2654  533420.00  2338600.00  21.148350  105.321884  -20.9723  -29.9320
   346  5364  2654  583490.00  2338600.00  21.146747  105.804107  -20.5817  -22.2644
   347  3774  2669  567590.00  2338450.00  21.146050  105.650974  -16.7977  -28.3319
   348  3750  2687  567350.00  2338270.00  21.144432  105.648655  -20.3032  -21.4804
   349  3762  2696  567470.00  2338180.00  21.143615  105.649808  -19.2038  -28.7035
   350  2181  2699  551660.00  2338150.00  21.143859  105.497545  -10.7405  -16.7923
   351  4425  2699  574100.00  2338150.00  21.143086  105.713657  -20.4792  -24.4791
   352  1113  2705  540980.00  2338090.00  21.143588  105.394685  -15.4002  -19.2134
   353  3759  2711  567440.00  2338030.00  21.142260  105.649513  -15.1221  -19.2043
   354  4320  2723  573050.00  2337910.00  21.140960  105.703534  -20.5749  -38.5409
   355  4239  2726  572240.00  2337880.00  21.140722  105.695733  -23.2348  -22.5846
   356  1200  2729  541850.00  2337850.00  21.141400  105.403058   -8.5840  -11.5873
   357  4146  2735  571310.00  2337790.00  21.139945  105.686773  -17.6545  -47.3032
   358  4395  2735  573800.00  2337790.00  21.139846  105.710752  -21.1774  -24.6695
   359  4407  2738  573920.00  2337760.00  21.139570  105.711906  -12.4342  -17.8702
   360  3852  2738  568370.00  2337760.00  21.139786  105.658458  -20.0841  -24.9244
   361  4188  2741  571730.00  2337730.00  21.139386  105.690815  -24.1714  -31.4339
   362  4419  2741  574040.00  2337730.00  21.139294  105.713061  -16.2899  -29.2540
   363  3855  2744  568400.00  2337700.00  21.139243  105.658745  -20.7511  -33.4464
   364  4170  2750  571550.00  2337640.00  21.138580  105.689078  -19.5569  -20.5244
   365  3864  2750  568490.00  2337640.00  21.138698  105.659609  -20.8293  -32.9830
   366  4227  2750  572120.00  2337640.00  21.138558  105.694567  -19.2892  -38.8053
   367  1083  2750  540680.00  2337640.00  21.139529  105.391785   -8.0627  -13.4142
   368  4404  2753  573890.00  2337610.00  21.138216  105.711611  -10.9730  -18.9810
   369  4389  2753  573740.00  2337610.00  21.138222  105.710166  -20.4952  -30.6676
   370  4425  2753  574100.00  2337610.00  21.138208  105.713633  -12.8116  -16.8899
   371  4431  2753  574160.00  2337610.00  21.138205  105.714211  -13.9449  -20.5039
   372  4407  2753  573920.00  2337610.00  21.138215  105.711900  -12.0015  -18.5466
   373  3792  2759  567770.00  2337550.00  21.137911  105.652672  -14.5349  -33.4137
   374  4284  2762  572690.00  2337520.00  21.137451  105.700051  -22.6751  -30.0546
   375  3885  2765  568700.00  2337490.00  21.137335  105.661626  -19.8290  -34.0333
   376  4389  2765  573740.00  2337490.00  21.137138  105.710161  -14.8638  -25.3030
   377  4425  2768  574100.00  2337460.00  21.136852  105.713627  -14.3788  -19.8657
   378  3819  2768  568040.00  2337460.00  21.137088  105.655268  -23.7714  -37.2519
   379  4413  2771  573980.00  2337430.00  21.136586  105.712470  -19.9371  -27.9411
   380  4641  2771  576260.00  2337430.00  21.136492  105.734426  -18.2310  -23.5429
   381   984  2771  539690.00  2337430.00  21.137654  105.382245  -18.6548  -26.1349
   382  4056  2771  570410.00  2337430.00  21.136727  105.678091  -15.5249  -23.1819
   383  4440  2774  574250.00  2337400.00  21.136304  105.715069  -15.2628  -25.1109
   384  4431  2777  574160.00  2337370.00  21.136037  105.714201  -20.2111  -29.8332
   385  4389  2777  573740.00  2337370.00  21.136054  105.710156  -18.1708  -34.8671
   386  4389  2780  573740.00  2337340.00  21.135783  105.710155  -20.8169  -24.4043
   387  4434  2780  574190.00  2337340.00  21.135765  105.714488  -13.0049  -24.0853
   388  4446  2780  574310.00  2337340.00  21.135760  105.715644  -21.4513  -41.5478
   389  4449  2780  574340.00  2337340.00  21.135758  105.715933  -17.6186  -19.8975
   390  3843  2783  568280.00  2337310.00  21.135724  105.657574  -24.6414  -27.9662
   391  4383  2783  573680.00  2337310.00  21.135514  105.709576  -20.5779  -24.9652
   392  4401  2783  573860.00  2337310.00  21.135507  105.711309  -16.3700  -24.8052
   393  4434  2783  574190.00  2337310.00  21.135494  105.714487  -10.6280  -16.8551
   394  4434  2789  574190.00  2337250.00  21.134951  105.714484  -14.5182  -19.9678
   395  4449  2792  574340.00  2337220.00  21.134674  105.715928  -18.6933  -24.4711
   396  4425  2795  574100.00  2337190.00  21.134413  105.713615  -25.7063  -47.2904
   397  4455  2798  574400.00  2337160.00  21.134130  105.716503  -20.9637  -23.9203
   398   999  2798  539840.00  2337160.00  21.135211  105.383684  -18.3241  -21.6753
   399  4443  2804  574280.00  2337100.00  21.133593  105.715345  -22.1106  -31.7052
   400  4422  2807  574070.00  2337070.00  21.133330  105.713321  -22.2502  -25.5069
   401  4410  2807  573950.00  2337070.00  21.133335  105.712165  -23.0653  -30.1149
   402  4416  2807  574010.00  2337070.00  21.133332  105.712743  -19.0435  -24.4889
   403  4437  2810  574220.00  2337040.00  21.133053  105.714764  -18.5962  -22.7048
   404  1656  2819  546410.00  2336950.00  21.133158  105.446950   -6.2949  -17.7260
   405  4422  2822  574070.00  2336920.00  21.131975  105.713315  -19.5080  -29.9273
   406  2685  2822  556700.00  2336920.00  21.132597  105.546043  -14.8892  -21.5629
   407  2985  2825  559700.00  2336890.00  21.132230  105.574932  -21.9393  -29.0612
   408  4434  2825  574190.00  2336890.00  21.131699  105.714469  -17.3557  -26.9345
   409  1074  2837  540590.00  2336770.00  21.131670  105.390897  -18.0269  -26.5323
   410  3969  2846  569540.00  2336680.00  21.129985  105.669682  -24.2551  -30.6912
   411  4431  2846  574160.00  2336680.00  21.129803  105.714171  -21.9063  -27.0627
   412  1995  2852  549800.00  2336620.00  21.130087  105.479587  -19.3451  -22.8927
   413  4446  2861  574310.00  2336530.00  21.128442  105.715609  -26.0943  -25.9235
   414  4647  2876  576320.00  2336380.00  21.127003  105.734957  -16.5655  -20.3451
   415  4500  2879  574850.00  2336350.00  21.126793  105.720801  -25.0032  -34.1241
   416  2646  2879  556310.00  2336350.00  21.127459  105.542269  -10.6067  -19.7849
   417  4707  2888  576920.00  2336260.00  21.125894  105.740730  -10.4170  -18.5579
   418  4638  2900  576230.00  2336140.00  21.124839  105.734080   -9.8717  -17.7143
   419  4446  2936  574310.00  2335780.00  21.121665  105.715576   -9.6337  -13.0768
   420  3267  2966  562520.00  2335480.00  21.119396  105.602037  -13.0727  -20.5091
   421  4629  2966  576140.00  2335480.00  21.118880  105.733184  -20.9039  -25.0206
   422   303  2969  532880.00  2335450.00  21.119899  105.316623  -19.5906  -23.2138
   423  5850  3008  588350.00  2335060.00  21.114536  105.850729   -8.9664  -12.6508
   424  4509  3023  574940.00  2334910.00  21.113779  105.721605  -15.6855  -22.2956
   425  6366  3032  593510.00  2334820.00  21.112111  105.900397  -10.0789  -19.7396
   426  4590  3050  575750.00  2334640.00  21.111307  105.729392  -19.9018  -21.5924
   427  3798  3062  567830.00  2334520.00  21.110533  105.653130   -4.5006  -12.0437
   428  6030  3074  590150.00  2334400.00  21.108485  105.868025  -14.0241  -21.3661
   429  6366  3083  593510.00  2334310.00  21.107503  105.900369  -18.0012  -19.2920
   430  4869  3107  578540.00  2334070.00  21.106039  105.756229  -19.0001  -21.9993
   431  4671  3110  576560.00  2334040.00  21.105852  105.737164  -19.1199  -42.5214
   432  5388  3134  583730.00  2333800.00  21.103370  105.806184  -19.7075  -33.2630
   433  4797  3140  577820.00  2333740.00  21.103088  105.749282  -13.0292  -20.7719
   434  5421  3143  584060.00  2333710.00  21.102541  105.809357  -17.8565  -24.1197
   435  5355  3152  583400.00  2333620.00  21.101758  105.802998  -24.4341  -23.3487
   436  4779  3167  577640.00  2333470.00  21.100657  105.747536  -21.6097  -23.2893
   437  2919  3167  559040.00  2333470.00  21.101352  105.568459  -20.7913  -23.2775
   438  3969  3167  569540.00  2333470.00  21.100983  105.669552  -11.9453  -20.9990
   439  5097  3176  580820.00  2333380.00  21.099706  105.778148  -15.3789  -21.2316
   440  6189  3176  591740.00  2333380.00  21.099191  105.883278  -18.2217  -28.4372
   441  5358  3182  583430.00  2333320.00  21.099047  105.803273  -12.1366  -15.3114
   442   327  3188  533120.00  2333260.00  21.100107  105.318892  -20.9857  -25.7915
   443  5022  3188  580070.00  2333260.00  21.098655  105.770922  -23.1381  -23.2422
   444  5274  3188  582590.00  2333260.00  21.098543  105.795183  -21.2070  -24.4860
   445  5280  3200  582650.00  2333140.00  21.097456  105.795754  -20.2465  -25.5212
   446  1362  3212  543470.00  2333020.00  21.097722  105.418537  -15.7152  -25.2085
   447  1068  3218  540530.00  2332960.00  21.097247  105.390230  -18.0484  -26.4661
   448  3324  3221  563090.00  2332930.00  21.096337  105.607432  -19.4769  -24.4436
   449  1758  3221  547430.00  2332930.00  21.096810  105.456662  -13.9980  -19.3264
   450  1758  3224  547430.00  2332900.00  21.096539  105.456661  -21.7237  -25.4840
   451  4842  3227  578270.00  2332870.00  21.095209  105.753574  -22.7846  -32.4249
   452  5613  3248  585980.00  2332660.00  21.092966  105.827789  -18.8845  -23.0565
   453  3486  3248  564710.00  2332660.00  21.093841  105.623019  -13.4525  -17.2835
   454  5295  3248  582800.00  2332660.00  21.093112  105.797175  -20.7597  -23.0841
   455  6399  3251  593840.00  2332630.00  21.092309  105.903454  -12.4001  -19.5249
   456  5628  3257  586130.00  2332570.00  21.092146  105.829229  -19.0453  -26.3865
   457  5769  3263  587540.00  2332510.00  21.091537  105.842800  -18.1989  -22.4847
   458  5997  3281  589820.00  2332330.00  21.089800  105.864739  -12.4181  -18.3450
   459  1671  3305  546560.00  2332090.00  21.089243  105.448263  -21.3845  -28.1387
   460  4428  3308  574130.00  2332060.00  21.088063  105.713682  -17.0972  -24.4642
   461  2208  3308  551930.00  2332060.00  21.088828  105.499961  -14.7080  -17.1128
   462  4932  3323  579170.00  2331910.00  21.086497  105.762195   -8.3905  -14.8358
   463  5712  3332  586970.00  2331820.00  21.085330  105.837277  -19.9839  -25.9052
   464  5718  3344  587030.00  2331700.00  21.084243  105.837849  -18.4725  -25.2073
   466  5718  3365  587030.00  2331490.00  21.082346  105.837838  -21.7271  -40.1948
   467  1857  3383  548420.00  2331310.00  21.082147  105.466148  -19.7088  -35.9855
   468  5802  3386  587870.00  2331280.00  21.080408  105.845914  -19.4677  -26.4904
   469  6309  3392  592940.00  2331220.00  21.079616  105.894714  -24.4345  -22.7058
   470  4863  3407  578480.00  2331070.00  21.078937  105.755514  -17.2408  -19.9206
   471   222  3416  532070.00  2330980.00  21.079525  105.308739  -21.5421  -27.5296
   472  2655  3440  556400.00  2330740.00  21.076769  105.542951  -15.9061  -20.7940
   473  6828  3443  598130.00  2330710.00  21.074738  105.944643  -15.8064  -21.2505
   474  6177  3455  591620.00  2330590.00  21.073991  105.881974  -17.7486  -28.6853
   475  4929  3458  579140.00  2330560.00  21.074301  105.761844  -13.4002  -25.1353
   476  1728  3461  547130.00  2330530.00  21.075133  105.453707  -18.8674  -27.0367
   477  1725  3470  547100.00  2330440.00  21.074321  105.453416  -23.5012  -22.5381
   478   174  3473  531590.00  2330410.00  21.074383  105.304108  -19.0153  -24.8553
   479  1935  3479  549200.00  2330350.00  21.073453  105.473629  -16.5064  -21.4536
   480  4404  3494  573890.00  2330200.00  21.071268  105.711292  -10.1857  -15.9018
   481  6651  3503  596360.00  2330110.00  21.069411  105.927572  -20.2790  -23.0664
   482  3741  3512  567260.00  2330020.00  21.069897  105.647465  -12.5936  -14.8741
   483  1044  3515  540290.00  2329990.00  21.070418  105.387849   -9.4172  -18.5809
   484   153  3524  531380.00  2329900.00  21.069779  105.302077  -19.9083  -25.6067
   485  3780  3530  567650.00  2329840.00  21.068256  105.651212   -9.7351  -13.1870
   486  6003  3533  589880.00  2329810.00  21.067030  105.865185  -19.9730  -28.2781
   487  6012  3539  589970.00  2329750.00  21.066483  105.866048  -23.3672  -23.1073
   488  6693  3581  596780.00  2329330.00  21.062342  105.931571  -14.4177  -22.5139
   489  5880  3581  588650.00  2329330.00  21.062753  105.853321  -19.6199  -24.2605
   490  6588  3587  595730.00  2329270.00  21.061855  105.921462  -16.8101  -20.1110
   491  5925  3614  589100.00  2329000.00  21.059750  105.857635  -19.9143  -26.3648
   492  5913  3620  588980.00  2328940.00  21.059214  105.856477  -20.8565  -21.1121
   493  6810  3641  597950.00  2328730.00  21.056859  105.942798  -19.1735  -22.6255
   494  5451  3647  584360.00  2328670.00  21.056993  105.811998  -21.7748  -21.3573
   495  5616  3656  586010.00  2328580.00  21.056103  105.827874  -20.9909  -24.0358
   496  5940  3656  589250.00  2328580.00  21.055948  105.859057  -18.7361  -22.8453
   497  1806  3659  547910.00  2328550.00  21.057223  105.461161  -18.5463  -27.9161
   498  5664  3662  586490.00  2328520.00  21.055538  105.832491  -16.8060  -19.6753
   499  4947  3671  579320.00  2328430.00  21.055049  105.763478   -8.1569  -18.4132
   500  2064  3674  550490.00  2328400.00  21.055799  105.485990  -13.8284  -13.8732
   501  5037  3674  580220.00  2328400.00  21.054739  105.772139  -11.8893  -16.4803
   502  6948  3707  599330.00  2328070.00  21.050822  105.956041   -8.0548  -16.0921
   503  5703  3719  586880.00  2327950.00  21.050370  105.836216  -16.7127  -21.9613
   504  5499  3722  584840.00  2327920.00  21.050195  105.816581  -20.1074  -42.7120
   505  5880  3731  588650.00  2327830.00  21.049201  105.853244  -13.4472  -20.9528
   506  1869  3746  548540.00  2327680.00  21.049346  105.467200  -11.0806  -18.5371
   508  7170  3764  601550.00  2327500.00  21.045551  105.977373  -19.6945  -23.9004
   509  5544  3767  585290.00  2327470.00  21.046108  105.820889  -21.8277  -29.6526
   510  7008  3782  599930.00  2327320.00  21.044014  105.961772    4.4190   -8.2453
   511  5655  3785  586400.00  2327290.00  21.044430  105.831563  -19.5857  -25.1941
   512  2295  3857  552800.00  2326570.00  21.039199  105.508168  -22.2652  -27.7719
   513  2271  3881  552560.00  2326330.00  21.037038  105.505851  -20.1968  -27.5810
   514  5991  3917  589760.00  2325970.00  21.032343  105.863830  -17.1837  -21.7515
   515   708  3947  536930.00  2325670.00  21.031455  105.355412  -15.6204  -24.1305
   516  5871  3953  588560.00  2325610.00  21.029149  105.852264  -17.3777  -21.3417
   517  2346  3956  553310.00  2325580.00  21.030240  105.513046   -9.0042  -15.7627
   518  2439  3956  554240.00  2325580.00  21.030212  105.521995  -16.1086  -17.9587
   519  4839  3965  578240.00  2325490.00  21.028533  105.752950   -9.9746  -16.6650
   520  2688  3989  556730.00  2325250.00  21.027156  105.545947  -18.2472  -25.3018
   521  7392  3998  603770.00  2325160.00  21.024287  105.998596   -5.0954  -12.7259
   522  6819  4001  598040.00  2325130.00  21.024331  105.943459  -11.3014  -19.3779
   523   204  4037  531890.00  2324770.00  21.023418  105.306891  -18.2691  -30.4078
   524  6024  4040  590090.00  2324740.00  21.021214  105.866941  -22.2613  -22.7396
   525  3687  4058  566720.00  2324560.00  21.020586  105.642056   -8.0697  -21.7650
   526   228  4073  532130.00  2324410.00  21.020161  105.309194  -17.5475  -29.3724
   527  4821  4121  578060.00  2323930.00  21.014447  105.751147  -12.3780  -21.8715
   528  4671  4145  576560.00  2323690.00  21.012341  105.736703  -10.8132  -17.6952
   529  4881  4148  578660.00  2323660.00  21.011982  105.756908   -9.7602  -17.5560
   530  3726  4160  567110.00  2323540.00  21.011356  105.645769   -4.2596  -12.6055
   531  6207  4208  591920.00  2323060.00  21.005946  105.884460  -21.2185  -26.1093
   532  7149  4211  601340.00  2323030.00  21.005180  105.975089  -17.8544  -23.8778
   533  6252  4256  592370.00  2322580.00  21.001587  105.888764  -25.3281  -23.6379
   534  6225  4340  592100.00  2321740.00  20.994011  105.886122   -4.2575   -9.6655
   535  3936  4421  569210.00  2320930.00  20.987696  105.665871   -9.9627  -14.2485
   536  3219  4466  562040.00  2320480.00  20.983886  105.596875  -15.7627  -28.9488
   537  5772  4475  587570.00  2320390.00  20.982035  105.842472   -7.1000  -15.5268
   538  3132  4475  561170.00  2320390.00  20.983102  105.588502  -11.4429  -16.6057
   539  6657  4484  596420.00  2320300.00  20.980780  105.927601  -15.3209  -19.4882
   540  4875  4490  578600.00  2320240.00  20.981085  105.756175  -16.8291  -22.1498
   541  5658  4517  586430.00  2319970.00  20.978295  105.831485  -15.4419  -22.3833
   542  6000  4559  589850.00  2319550.00  20.974336  105.864362  -17.2706  -25.1657
   543  5973  4577  589580.00  2319370.00  20.972723  105.861755  -22.5555  -22.3763
   544  4380  4580  573650.00  2319340.00  20.973158  105.708518   -7.5921   -9.4670
   545  5967  4586  589520.00  2319280.00  20.971913  105.861174  -20.3966  -24.3688
   546  5682  4598  586670.00  2319160.00  20.970965  105.833753   -8.6887  -14.2703
   547  5949  4601  589340.00  2319130.00  20.970567  105.859434  -20.1209  -24.4768
   548  6333  4607  593180.00  2319070.00  20.969834  105.896368   -9.7735  -15.1798
   549  5940  4640  589250.00  2318740.00  20.967048  105.858549  -14.8547  -24.3790
   550  2982  4652  559670.00  2318620.00  20.967159  105.574010  -19.1446  -29.3339
   551  2616  4655  556010.00  2318590.00  20.967003  105.538802   -7.7536  -22.0902
   552  6339  4691  593240.00  2318230.00  20.962242  105.896900  -18.5125  -26.7017
   553  6360  4721  593450.00  2317930.00  20.959521  105.898903  -15.6990  -21.4294
   554  6261  4787  592460.00  2317270.00  20.953608  105.889346  -20.5430  -27.7929
   555  6045  4805  590300.00  2317090.00  20.952089  105.868562  -20.7379  -22.9628
   556  3207  4817  561920.00  2316970.00  20.952177  105.595595  -14.8289  -19.4818
   557  5997  4832  589820.00  2316820.00  20.949673  105.863932  -16.5808  -24.0984
   558  6255  4835  592400.00  2316790.00  20.949275  105.888743  -20.3406  -28.4900
   559  5658  4838  586430.00  2316760.00  20.949293  105.831325  -15.0413  -22.3619
   560  6255  4859  592400.00  2316550.00  20.947107  105.888731  -24.6407  -25.0190
   561  5994  4862  589790.00  2316520.00  20.946964  105.863628  -20.6471  -22.8597
   562  2910  4877  558950.00  2316370.00  20.946853  105.567008  -11.5972  -13.7186
   563  5991  4892  589760.00  2316220.00  20.944255  105.863323  -12.8022  -25.3606
   564  5670  4907  586550.00  2316070.00  20.943054  105.832444  -17.2111  -21.4869
   565  6018  4916  590030.00  2315980.00  20.942074  105.865908  -13.0569  -20.4150
   566  6204  4937  591890.00  2315770.00  20.940085  105.883784  -21.6712  -28.1087
   567  4776  4949  577610.00  2315650.00  20.939657  105.746446  -11.7039  -14.3186
   568  5979  4964  589640.00  2315500.00  20.937756  105.862132  -22.6711  -30.6843
   569  3549  4964  565340.00  2315500.00  20.938777  105.628434  -10.4812  -13.3759
   570  3057  4979  560420.00  2315350.00  20.937589  105.581111  -34.8735  -27.2859
   571  4785  4982  577700.00  2315320.00  20.936672  105.747296  -13.8220  -26.1032
   572  4578  4991  575630.00  2315230.00  20.935944  105.727385  -20.9722  -23.2575
   573  4233  4994  572180.00  2315200.00  20.935811  105.694205  -11.7806  -17.5455
   574  6144  5015  591290.00  2314990.00  20.933068  105.877973  -19.5229  -28.0093
   575  4740  5036  577250.00  2314780.00  20.931812  105.742945   -8.5788  -18.4826
   576  4599  5045  575840.00  2314690.00  20.931057  105.729381   -6.8989  -12.7499
   577  4725  5048  577100.00  2314660.00  20.930734  105.741497  -14.5363  -24.4635
   578  4602  5048  575870.00  2314660.00  20.930785  105.729668   -6.8549  -13.7811
   579  4968  5075  579530.00  2314390.00  20.928191  105.764853  -12.7587  -19.6048
   580  4749  5093  577340.00  2314210.00  20.926658  105.743785  -13.2561  -19.0163
   581  6465  5096  594500.00  2314180.00  20.925588  105.908798  -18.9757  -26.0789
   582  3303  5138  562880.00  2313760.00  20.923141  105.604712  -13.9449  -17.0838
   583  6183  5147  591680.00  2313670.00  20.921123  105.881654   -8.9753  -16.4124
   584  5208  5177  581930.00  2313370.00  20.918871  105.787884  -11.4267  -13.6958
   585  5610  5210  585950.00  2313040.00  20.915706  105.826524  -10.4752  -17.1814
   586  5241  5216  582260.00  2312980.00  20.915332  105.791039  -15.0247  -14.8836
   587  5073  5246  580580.00  2312680.00  20.912696  105.774871   -9.8487  -19.4149
   588  3333  5255  563180.00  2312590.00  20.912560  105.607554   -9.1897  -18.5619
   589  5874  5363  588590.00  2311510.00  20.901758  105.851831  -10.9769  -14.0035
   590  4011  5420  569960.00  2310940.00  20.897407  105.672683  -13.1430  -21.6249
   591  6309  5435  592940.00  2310790.00  20.895040  105.893616  -18.4427  -27.9365
   592  6207  5468  591920.00  2310460.00  20.892109  105.883792  -12.9265  -19.5022
   593  4119  5513  571040.00  2310010.00  20.888964  105.683029  -15.1625  -20.7175
   594  3690  5558  566750.00  2309560.00  20.885058  105.641766  -19.2416  -28.4089
   595  4383  5561  573680.00  2309530.00  20.884523  105.708390  -22.4725  -46.9322
   596  6555  5594  595400.00  2309200.00  20.880550  105.917179  -16.8702  -28.0337
   597  5262  5597  582470.00  2309170.00  20.880900  105.792878  -11.8875  -15.8151
   598  5040  5627  580250.00  2308870.00  20.878287  105.771522  -13.2349  -19.2405
   599  6240  5654  592250.00  2308600.00  20.875289  105.886866   -8.2910  -15.7363
   600  3102  5699  560870.00  2308150.00  20.872521  105.585186  -22.2607  -22.4975
   601  4878  5759  578630.00  2307550.00  20.866430  105.755889  -12.2449  -18.7040
   602  4857  5768  578420.00  2307460.00  20.865626  105.753866   -7.4905  -16.8909
   603  3591  5804  565760.00  2307100.00  20.862866  105.632156  -10.8393  -18.5063
   604  4110  5813  570950.00  2307010.00  20.861862  105.682041  -11.1818  -14.5457
   605  5547  5858  585320.00  2306560.00  20.857190  105.820148  -14.4263  -18.9043
   606  4512  5909  574970.00  2306050.00  20.853030  105.720642   -9.3528  -21.8819
   607  4950  5924  579350.00  2305900.00  20.851492  105.762735  -10.4201  -17.1910
   608  5910  5942  588950.00  2305720.00  20.849430  105.854996  -11.2475  -22.1228
   609  5004  5948  579890.00  2305660.00  20.849300  105.767914   -9.1421  -15.7905
   610  3885  5981  568700.00  2305330.00  20.846767  105.660347  -27.0031  -26.1541
   611  3348  5981  563330.00  2305330.00  20.846959  105.608732  -13.0143  -17.8220
   612  3369  5984  563540.00  2305300.00  20.846680  105.610750  -20.4952  -26.0866
   613  5886  6011  588710.00  2305030.00  20.843207  105.852654  -15.3592  -22.3823
   614  3999  6044  569840.00  2304700.00  20.841033  105.671279   -6.4806  -19.2363
   615  3459  6053  564440.00  2304610.00  20.840415  105.619375  -20.2380  -25.3271
   616  3453  6071  564380.00  2304430.00  20.838791  105.618791  -17.5229  -23.7832
   617  3543  6077  565280.00  2304370.00  20.838217  105.627439  -16.9098  -17.3649
   618  6438  6086  594230.00  2304280.00  20.836159  105.905665  -10.6131  -20.6209
   619  5136  6089  581210.00  2304250.00  20.836504  105.780535  -12.0444  -15.9894
   620  3573  6128  565580.00  2303860.00  20.833598  105.630303  -15.9431  -23.5545
   621  5163  6146  581480.00  2303680.00  20.831342  105.783103   -9.9820  -15.0473
   622  3945  6155  569300.00  2303590.00  20.831024  105.666045  -10.5663  -20.5821
   623  4893  6158  578780.00  2303560.00  20.830374  105.757150  -13.1730  -23.1953
   624  5565  6164  585500.00  2303500.00  20.829535  105.821728   -8.4879  -19.3554
   625  3936  6170  569210.00  2303440.00  20.829672  105.665174   -9.1022  -13.3379
   626  3951  6296  569360.00  2302180.00  20.818282  105.666565  -11.2674  -19.5351
   627  3822  6326  568070.00  2301880.00  20.815619  105.654157  -10.6048  -18.2585
   628  5736  6335  587210.00  2301790.00  20.814006  105.838076  -16.6504  -25.9592
   629  5775  6371  587600.00  2301430.00  20.810735  105.841805  -15.2673  -18.5603
   630  4806  6383  577910.00  2301310.00  20.810082  105.748689  -16.6181  -21.1252
   631  5358  6386  583430.00  2301280.00  20.809571  105.801729  -19.1264  -28.8297
   632  5934  6401  589190.00  2301130.00  20.807949  105.857068   -9.3061  -14.4079
   633  3693  6428  566780.00  2300860.00  20.806450  105.641721  -22.0635  -29.5162
   634  3657  6434  566420.00  2300800.00  20.805921  105.638260  -10.7052  -12.0596
   635  5052  6437  580370.00  2300770.00  20.805098  105.772302  -15.9921  -20.2775
   636  5748  6443  587330.00  2300710.00  20.804242  105.839175  -11.8158  -15.7245
   637  5445  6467  584300.00  2300470.00  20.802214  105.810049   -5.4166  -21.0318
   638  5691  6470  586760.00  2300440.00  20.801830  105.833685   -6.8038  -12.3151
   639  5943  6497  589280.00  2300170.00  20.799271  105.857884  -10.1724  -15.5955
   640  5991  6554  589760.00  2299600.00  20.794098  105.862466  -12.9052  -18.5044
   641  5832  6641  588170.00  2298730.00  20.786314  105.847146  -18.2511  -22.5434
   642  3843  6662  568280.00  2298520.00  20.785253  105.656044   -7.8031  -15.7133
   643  4965  6668  579500.00  2298460.00  20.784265  105.763837   -7.4036  -17.4794
   644  5697  6698  586820.00  2298160.00  20.781227  105.834148   -9.3371  -16.4863
   645  5046  6704  580310.00  2298100.00  20.780978  105.771603   -9.7454  -14.7993
   646  5901  6740  588860.00  2297740.00  20.777336  105.853725  -10.4991  -24.0034
   647  5523  6749  585080.00  2297650.00  20.776700  105.817407  -10.4630  -22.1332
   648  5493  6749  584780.00  2297650.00  20.776713  105.814525  -10.7469  -20.3635
   649  3948  6779  569330.00  2297350.00  20.774643  105.666085   -5.3711  -15.5732
   650  5544  6779  585290.00  2297350.00  20.773980  105.819410  -15.1289  -23.8064
   651  3876  6797  568610.00  2297170.00  20.773043  105.659161  -15.1989  -22.2576
   652  4833  6803  578180.00  2297110.00  20.772123  105.751095   -9.7277  -20.6716
   653  5373  6830  583580.00  2296840.00  20.769449  105.802958  -11.7440  -16.6000
   654  6132  6881  591170.00  2296330.00  20.764485  105.875843  -12.1959  -16.4610
   655  5823  6881  588080.00  2296330.00  20.764634  105.846161  -16.0875  -23.2036
   656  5202  6884  581870.00  2296300.00  20.764646  105.786506  -20.9345  -27.3154
   657  4524  6905  575090.00  2296090.00  20.763035  105.721367  -15.9609  -26.4084
   658  3882  6917  568670.00  2295970.00  20.762198  105.659691  -23.0608  -23.7618
   659  3876  6917  568610.00  2295970.00  20.762201  105.659114  -14.4555  -20.6778
   660  3990  6944  569750.00  2295700.00  20.759719  105.670054  -14.0600  -18.0084
   661  6117  6950  591020.00  2295640.00  20.758259  105.874366  -21.2120  -20.5310
   662  5187  6965  581720.00  2295490.00  20.757335  105.785027   -8.7821  -15.2855
   663  4560  6974  575450.00  2295400.00  20.756786  105.724795   -9.7497  -15.5068
   664  5187  6977  581720.00  2295370.00  20.756250  105.785021   -7.1701  -15.9595
   665  5619  6989  586040.00  2295250.00  20.754972  105.826511  -15.8717  -18.9685
   666  6078  6992  590630.00  2295220.00  20.754483  105.870598  -10.6481  -16.2615
   667  6267  6995  592520.00  2295190.00  20.754119  105.888750  -13.3560  -17.1094
   668  5601  6995  585860.00  2295190.00  20.754438  105.824779  -15.3512  -28.6912
   669  6195  7013  591800.00  2295010.00  20.752528  105.881825   -9.1764  -24.7065
   670  5412  7022  583970.00  2294920.00  20.752085  105.806612  -13.7307  -19.8360
   671  4014  7037  569990.00  2294770.00  20.751307  105.672323  -20.6728  -27.0091
   672  5316  7040  583010.00  2294740.00  20.750501  105.797383  -16.2780  -20.8866
   673  3984  7046  569690.00  2294680.00  20.750505  105.669438  -22.2188  -22.5051
   674  6996  7073  599810.00  2294410.00  20.746696  105.958727  -12.5726  -15.7447
   675  7032  7076  600170.00  2294380.00  20.746405  105.962183  -13.6859  -25.9396
   676  5460  7088  584450.00  2294260.00  20.746100  105.811191  -10.1343  -12.8413
   677  4068  7094  570530.00  2294200.00  20.746137  105.677487  -16.2845  -21.9520
   678  5610  7109  585950.00  2294050.00  20.744134  105.825588   -9.9081  -11.4307
   679  5619  7112  586040.00  2294020.00  20.743859  105.826451   -8.0046  -18.8293
   680  6864  7133  598490.00  2293810.00  20.741345  105.946015  -13.0765  -17.9511
   681  5595  7133  585800.00  2293810.00  20.741972  105.824136   -8.7806  -17.8801
   682  4977  7136  579620.00  2293780.00  20.741976  105.764778   -9.7422  -23.8646
   683  7017  7142  600020.00  2293720.00  20.740451  105.960705  -16.7428  -25.2024
   684  5607  7157  585920.00  2293570.00  20.739798  105.825276   -8.2515  -13.1755
   685  5826  7178  588110.00  2293360.00  20.737799  105.846299  -16.5389  -20.1219
   686  4614  7196  575990.00  2293180.00  20.736706  105.729886  -16.9182  -37.4055
   687  4197  7202  571820.00  2293120.00  20.736329  105.689833  -18.6153  -21.6501
   688  5904  7250  588890.00  2292640.00  20.731257  105.853754  -19.6077  -23.2635
   689  5541  7262  585260.00  2292520.00  20.730342  105.818886  -10.5507  -15.3218
   690  6003  7289  589880.00  2292250.00  20.727686  105.863242  -18.1378  -28.7881
   691  7032  7313  600170.00  2292010.00  20.724993  105.962047  -18.6969  -26.4723
   692  6300  7328  592850.00  2291860.00  20.724017  105.891744  -14.5227  -18.2693
   693  5622  7355  586070.00  2291590.00  20.721902  105.826620  -13.7212  -18.7866
   694  4632  7355  576170.00  2291590.00  20.722333  105.731546   -9.7174  -11.6456
   695  6405  7358  593900.00  2291560.00  20.721254  105.901811   -7.1872  -13.4040
   696  4068  7361  570530.00  2291530.00  20.722012  105.677379  -18.2829  -24.9211
   697  4989  7364  579740.00  2291500.00  20.721370  105.765826  -19.7423  -30.0288
   698  5883  7373  588680.00  2291410.00  20.720154  105.851675  -11.7276  -16.3489
   699  5658  7388  586430.00  2291260.00  20.718904  105.830061  -22.0251  -24.3531
   700  5931  7394  589160.00  2291200.00  20.718234  105.856274   -8.4525  -12.8108
   701  6162  7397  591470.00  2291170.00  20.717851  105.878455   -9.8561  -18.3733
   702  5520  7415  585050.00  2290990.00  20.716528  105.816795  -17.2742  -21.5824
   703  4950  7430  579350.00  2290840.00  20.715424  105.762051  -13.6467  -18.9594
   704  5343  7448  583280.00  2290660.00  20.713626  105.799783  -11.8686  -20.2590
   705  5496  7454  584810.00  2290600.00  20.713015  105.814472  -10.6235  -20.9166
   706  5376  7478  583610.00  2290360.00  20.710901  105.802937  -13.2950  -23.1513
   707  6342  7481  593270.00  2290330.00  20.710172  105.895696  -16.1695  -23.7607
   708  4251  7493  572360.00  2290210.00  20.710016  105.694900  -10.2077  -18.1252
   710  6444  7505  594290.00  2290090.00  20.707953  105.905478  -10.5396  -16.6395
   711  6354  7511  593390.00  2290030.00  20.707456  105.896832  -10.4233  -23.4746
   712  4356  7517  573410.00  2289970.00  20.707806  105.704973   -6.4420  -17.1980
   713  4227  7520  572120.00  2289940.00  20.707585  105.692584  -15.9379  -26.1591
   714  5733  7535  587180.00  2289790.00  20.705588  105.837190  -22.9095  -25.4185
   715  5733  7556  587180.00  2289580.00  20.703690  105.837180  -19.8254  -27.2878
   716  6414  7571  593990.00  2289430.00  20.702005  105.902562  -16.6799  -24.2190
   717  5607  7580  585920.00  2289340.00  20.701580  105.825069  -16.5313  -15.5722
   718  5646  7586  586310.00  2289280.00  20.701020  105.828811   -9.0373  -14.6840
   719  4254  7589  572390.00  2289250.00  20.701341  105.695148  -12.3436  -20.7294
   720  4242  7595  572270.00  2289190.00  20.700803  105.693993   -7.2697  -22.0190
   721  5562  7613  585470.00  2289010.00  20.698620  105.820732   -6.5671  -13.4090
   722  5256  7628  582410.00  2288860.00  20.697402  105.791344  -14.6020  -24.0725
   723  5574  7634  585590.00  2288800.00  20.696717  105.821874  -22.9900  -39.3911
   724  4140  7733  571250.00  2287810.00  20.688374  105.684143   -9.5902  -13.2925
   725  6588  7742  595730.00  2287720.00  20.686467  105.919176  -16.0042  -22.7723
   726  5868  7748  588530.00  2287660.00  20.686280  105.850046  -18.3686  -25.2859
   727  6837  7763  598220.00  2287510.00  20.684441  105.943070   -8.6347  -11.4155
   728  5490  7766  584750.00  2287480.00  20.684829  105.813745  -17.1176  -22.0660
   729  5649  7769  586340.00  2287450.00  20.684485  105.829009  -23.3466  -27.9161
   730  6726  7772  597110.00  2287420.00  20.683685  105.932408   -6.7808  -15.3162
   731  6255  7781  592400.00  2287330.00  20.683111  105.887184  -21.5167  -31.2872
   732  5643  7844  586280.00  2286700.00  20.677711  105.828397  -10.1380  -20.0635
   733  5070  7844  580550.00  2286700.00  20.677967  105.773385   -8.9543  -27.7259
   734  5565  7847  585500.00  2286670.00  20.677476  105.820907  -15.3569  -21.4081
   735  6978  7847  599630.00  2286670.00  20.676777  105.956559   -9.5837  -13.9146
   736  4107  7922  570920.00  2285920.00  20.671309  105.680899   -9.6878  -14.2152
   737  5868  7958  588530.00  2285560.00  20.667306  105.849940  -12.5438  -36.2472
   738  6189  7994  591740.00  2285200.00  20.663899  105.880737  -13.5549  -19.4518
   739  4224  8024  572090.00  2284900.00  20.662049  105.692089  -17.5793  -25.4573
   740  5163  8045  581480.00  2284690.00  20.659766  105.782221  -18.4678  -17.8983
   741  4680  8057  576650.00  2284570.00  20.658886  105.735850  -10.0071  -16.3858
   742  5151  8129  581360.00  2283850.00  20.652182  105.781030  -10.7019  -17.8871
   743  5625  8129  586100.00  2283850.00  20.651970  105.826529  -11.4860  -27.8450
   744  4827  8138  578120.00  2283760.00  20.651506  105.749925  -11.0695  -15.8797
   745  6072  8141  590570.00  2283730.00  20.650675  105.869430  -10.7151  -16.8536
   746  4308  8141  572930.00  2283730.00  20.651445  105.700105   -6.0106  -17.1133
   747  4437  8162  574220.00  2283520.00  20.649497  105.712479  -19.1257  -22.1253
   748  4125  8195  571100.00  2283190.00  20.646636  105.682516  -24.0130  -30.0029
   749  5469  8240  584540.00  2282740.00  20.642012  105.811502   -8.1764  -15.8072
   750  4308  8285  572930.00  2282290.00  20.638434  105.700045  -14.6701  -20.1880
   751  4257  8285  572420.00  2282290.00  20.638454  105.695150  -11.9465  -15.3604
   752  4392  8297  573770.00  2282170.00  20.637317  105.708103  -19.2160  -24.6209
   753  4422  8321  574070.00  2281930.00  20.635136  105.710972  -25.9263  -26.7417
   754  4425  8336  574100.00  2281780.00  20.633780  105.711254  -21.8612  -24.5466
   755  4410  8342  573950.00  2281720.00  20.633244  105.709812  -21.1913  -27.9634
   756  4977  8342  579620.00  2281720.00  20.633011  105.764232  -10.9028  -13.7454
   757  4446  8351  574310.00  2281630.00  20.632416  105.713263   -7.5763  -16.0874
   758  4446  8360  574310.00  2281540.00  20.631603  105.713259  -20.5898  -28.1151
   759  4503  8387  574880.00  2281270.00  20.629141  105.718719  -12.1941  -22.3370
   760  4170  8465  571550.00  2280490.00  20.622223  105.686726  -14.8998  -19.1779
   761  4419  8519  574040.00  2279950.00  20.617248  105.710601  -19.9286  -24.6216
   762  4380  8570  573650.00  2279440.00  20.612655  105.706837   -8.9111  -15.7259
   764  4506  8639  574910.00  2278750.00  20.606371  105.718900  -11.2851  -14.1067
   765  4533  8642  575180.00  2278720.00  20.606089  105.721489  -12.0661  -14.7977
   766  4461  8657  574460.00  2278570.00  20.604762  105.714574  -19.8392  -16.5402
   767  5304  8720  582890.00  2277940.00  20.598717  105.795439  -11.7155  -15.9447
   768  5061  8747  580460.00  2277670.00  20.596383  105.772109   -9.3648  -14.4935
   769  5097  8768  580820.00  2277460.00  20.594470  105.775554   -4.3130  -15.1150
   770  5097  8972  580820.00  2275420.00  20.576038  105.775461  -18.4612  -20.5013
