; ENVI Output of ROIs (5.2) [Tue Nov 26 22:11:17 2019]
; Number of ROIs: 1
; File Dimension: 7647 x 9116
;
; ROI name: EVF: Layer: water.shp
; ROI rgb value: {0, 0, 255}
; ROI npts: 758
;   ID     X     Y      Map X       Map Y        Lat         Lon        B1        B2
     1  5478   518  584630.00  2359960.00  21.339670  105.816148  -18.6253  -27.7374
     2  5703   593  586880.00  2359210.00  21.332788  105.837806  -21.5656  -26.3832
     3  4971   827  579560.00  2356870.00  21.311984  105.767112  -14.9518  -19.9603
     4  6408   935  593930.00  2355790.00  21.301538  105.905595  -16.4364  -17.7876
     6  1161   959  541460.00  2355550.00  21.301332  105.399732  -17.6396  -33.9155
     7  1167   962  541520.00  2355520.00  21.301060  105.400310  -12.5476  -30.3453
     9  1170   968  541550.00  2355460.00  21.300517  105.400598  -14.1218  -28.5658
    10  1137   968  541220.00  2355460.00  21.300524  105.397416  -16.3453  -24.8945
    11  1143   971  541280.00  2355430.00  21.300252  105.397994  -21.4721  -28.0505
    12  1083   971  540680.00  2355430.00  21.300265  105.392209  -22.7542  -29.4841
    13  1029   971  540140.00  2355430.00  21.300277  105.387003  -17.8363  -26.8255
    14  1113   983  540980.00  2355310.00  21.299174  105.395099  -22.4864  -28.4186
    15  1185   986  541700.00  2355280.00  21.298887  105.402040  -11.3931  -22.4465
    16  1164   986  541490.00  2355280.00  21.298892  105.400015  -24.4345  -26.0157
    17  1167   989  541520.00  2355250.00  21.298620  105.400303  -20.6779  -25.2802
    18  1191   989  541760.00  2355250.00  21.298615  105.402617   -9.5442  -19.3451
    19  1173   989  541580.00  2355250.00  21.298619  105.400882  -14.6269  -22.0039
    20  1143   992  541280.00  2355220.00  21.298354  105.397989  -23.5895  -28.1740
    21  1182   992  541670.00  2355220.00  21.298346  105.401749  -16.6950  -21.4724
    22  1173   992  541580.00  2355220.00  21.298348  105.400881  -20.2520  -21.1458
    23  1197   995  541820.00  2355190.00  21.298071  105.403194  -11.9618  -20.9279
    24  1203   995  541880.00  2355190.00  21.298070  105.403773  -15.0211  -26.2863
    27  1149   998  541340.00  2355160.00  21.297811  105.398566  -24.3693  -22.6571
    28  1170  1004  541550.00  2355100.00  21.297264  105.400589  -22.4035  -32.0601
    32  1218  1004  542030.00  2355100.00  21.297253  105.405217  -11.7710  -21.7644
    33  1164  1007  541490.00  2355070.00  21.296994  105.400010  -22.3600  -26.9021
    34  1212  1007  541970.00  2355070.00  21.296983  105.404637  -12.0379  -15.3876
    35  1188  1010  541730.00  2355040.00  21.296718  105.402323  -11.3918  -14.8332
    37  1185  1013  541700.00  2355010.00  21.296447  105.402033  -13.0441  -19.6989
    39  1155  1013  541400.00  2355010.00  21.296454  105.399141  -16.1254  -33.5689
    40  6558  1016  595430.00  2354980.00  21.294142  105.920010  -13.3142  -25.8934
    42  1206  1016  541910.00  2354980.00  21.296172  105.404057   -8.5478  -19.1887
    43  1203  1019  541880.00  2354950.00  21.295901  105.403767  -12.4022  -12.6684
    44  1188  1019  541730.00  2354950.00  21.295905  105.402321  -10.9083  -17.5674
    46  1224  1025  542090.00  2354890.00  21.295354  105.405790  -13.1157  -20.4227
    47  1215  1025  542000.00  2354890.00  21.295356  105.404922   -7.1885  -17.5354
    48   987  1028  539720.00  2354860.00  21.295137  105.382940  -15.3286  -30.5997
    50  1191  1028  541760.00  2354860.00  21.295091  105.402608  -18.2240  -25.9552
    51  1221  1028  542060.00  2354860.00  21.295084  105.405500  -12.3441  -17.4059
    52  1224  1031  542090.00  2354830.00  21.294812  105.405788  -11.7260  -22.1587
    53  1251  1031  542360.00  2354830.00  21.294806  105.408391  -16.2349  -33.0606
    54  1191  1034  541760.00  2354800.00  21.294549  105.402606  -17.5087  -38.2830
    56   987  1034  539720.00  2354800.00  21.294595  105.382939  -15.3963  -24.1123
    58  1179  1040  541640.00  2354740.00  21.294009  105.401448  -18.1589  -24.6055
    59  1200  1040  541850.00  2354740.00  21.294005  105.403472  -14.9402  -23.2257
    60  1140  1043  541250.00  2354710.00  21.293747  105.397687  -21.5354  -29.1472
    61  1179  1046  541640.00  2354680.00  21.293467  105.401446  -21.3598  -22.6392
    62  1212  1049  541970.00  2354650.00  21.293189  105.404627  -23.0584  -28.4736
    63  1197  1049  541820.00  2354650.00  21.293192  105.403181  -21.8349  -23.3254
    64  1173  1052  541580.00  2354620.00  21.292927  105.400866  -23.0553  -28.0000
    66  1167  1061  541520.00  2354530.00  21.292115  105.400286  -20.6588  -35.7992
    67  1170  1061  541550.00  2354530.00  21.292114  105.400575  -20.0643  -25.6114
    69   960  1067  539450.00  2354470.00  21.291619  105.380328  -20.1622  -28.9635
    70   966  1070  539510.00  2354440.00  21.291347  105.380906  -18.0729  -28.8780
    94  1362  1124  543470.00  2353900.00  21.286377  105.419069  -14.2434  -26.0943
    96  1353  1130  543380.00  2353840.00  21.285837  105.418200  -17.3568  -47.4270
   101  1260  1148  542450.00  2353660.00  21.284233  105.409230  -18.0590  -21.6605
   111  1437  1214  544220.00  2353000.00  21.278227  105.426276  -19.0262  -24.7433
   117  1476  1247  544610.00  2352670.00  21.275236  105.430026  -17.1336  -28.3353
   121  1491  1262  544760.00  2352520.00  21.273877  105.431468  -14.1049  -24.3744
   122   906  1295  538910.00  2352190.00  21.271030  105.375070  -12.4361  -18.7276
   123   891  1313  538760.00  2352010.00  21.269407  105.373620  -15.2710  -20.5290
   124   987  1343  539720.00  2351710.00  21.266676  105.382867   -6.1408  -22.5855
   125  1146  1373  541310.00  2351410.00  21.263930  105.398185  -12.6638  -17.8722
   126  1572  1376  545570.00  2351380.00  21.263557  105.439246  -18.9030  -41.8612
   127  5589  1382  585740.00  2351320.00  21.261561  105.826415  -17.4211  -23.9354
   128  1089  1391  540740.00  2351230.00  21.262316  105.392687  -12.4131  -23.9010
   129  1095  1400  540800.00  2351140.00  21.261502  105.393263  -14.0091  -20.7070
   130  1596  1433  545810.00  2350810.00  21.258401  105.441544  -17.3744  -26.7510
   131   720  1442  537050.00  2350720.00  21.257788  105.357109  -14.7712  -27.1778
   132  1227  1442  542120.00  2350720.00  21.257677  105.405976  -13.7860  -28.7293
   133  1596  1442  545810.00  2350720.00  21.257588  105.441541  -16.5814  -25.7497
   134  1599  1451  545840.00  2350630.00  21.256774  105.441828  -18.7487  -35.8189
   135  1599  1463  545840.00  2350510.00  21.255690  105.441825  -20.7586  -38.5411
   136  1602  1466  545870.00  2350480.00  21.255418  105.442113  -17.7792  -28.8757
   137  5583  1475  585680.00  2350390.00  21.253162  105.825790  -13.7877  -17.5053
   138  6591  1505  595760.00  2350090.00  21.249948  105.922916  -17.4642  -26.1708
   139  5991  1505  589760.00  2350090.00  21.250254  105.865094  -13.8561  -17.2181
   140  6006  1520  589910.00  2349940.00  21.248892  105.866532  -16.8894  -22.1766
   141  1218  1544  542030.00  2349700.00  21.248463  105.405083   -6.1679  -23.2041
   142  1191  1544  541760.00  2349700.00  21.248470  105.402481  -15.4768  -24.6005
   143   996  1568  539810.00  2349460.00  21.246345  105.383682  -12.3074  -19.7846
   145  6060  1574  590450.00  2349400.00  21.243986  105.871707   -6.7250  -18.1256
   146  1584  1583  545690.00  2349310.00  21.244851  105.440347  -17.5790  -26.3207
   147  1575  1586  545600.00  2349280.00  21.244582  105.439479  -18.1338  -30.1288
   148  1572  1592  545570.00  2349220.00  21.244041  105.439188  -14.1581  -25.5883
   149  6048  1595  590330.00  2349190.00  21.242095  105.870539   -7.5180  -13.5837
   150  1575  1598  545600.00  2349160.00  21.243498  105.439475  -18.0109  -28.0084
   151  1584  1604  545690.00  2349100.00  21.242954  105.440341  -15.8164  -34.5973
   152  1581  1607  545660.00  2349070.00  21.242683  105.440051  -16.1309  -21.0100
   153  1581  1625  545660.00  2348890.00  21.241057  105.440046  -21.0592  -25.6831
   154  1563  1628  545480.00  2348860.00  21.240791  105.438311  -18.7803  -29.3475
   155  1557  1631  545420.00  2348830.00  21.240521  105.437732  -16.6930  -31.1902
   156  1563  1631  545480.00  2348830.00  21.240520  105.438310  -17.1665  -27.8848
   157  1572  1631  545570.00  2348830.00  21.240517  105.439177  -21.0460  -27.2974
   158  1578  1631  545630.00  2348830.00  21.240516  105.439756  -27.0415  -26.9563
   159  6486  1634  594710.00  2348800.00  21.238349  105.912725  -18.2390  -25.5151
   160  1569  1640  545540.00  2348740.00  21.239705  105.438886  -21.1768  -28.1637
   161  1557  1643  545420.00  2348710.00  21.239437  105.437729  -27.5965  -34.1791
   162  1563  1643  545480.00  2348710.00  21.239435  105.438307  -18.1082  -30.3136
   163  1572  1652  545570.00  2348620.00  21.238620  105.439172  -14.1855  -28.4694
   164  1563  1652  545480.00  2348620.00  21.238622  105.438304  -21.4272  -22.3489
   166  1557  1667  545420.00  2348470.00  21.237268  105.437722  -18.6408  -28.6552
   167  1569  1667  545540.00  2348470.00  21.237265  105.438879  -17.8678  -37.0643
   168  1560  1673  545450.00  2348410.00  21.236726  105.438010  -13.3082  -27.3407
   169  5553  1673  585380.00  2348410.00  21.235288  105.822799  -15.0250  -19.2016
   170  1551  1679  545360.00  2348350.00  21.236186  105.437141  -17.1659  -26.3561
   171  1560  1679  545450.00  2348350.00  21.236183  105.438008  -19.8993  -24.0700
   172  1542  1682  545270.00  2348320.00  21.235917  105.436273  -16.5583  -24.0316
   173  1554  1685  545390.00  2348290.00  21.235643  105.437428  -17.7865  -26.9091
   175  1566  1694  545510.00  2348200.00  21.234827  105.438582  -15.0195  -24.5082
   176  1542  1700  545270.00  2348140.00  21.234291  105.436268  -22.5355  -37.8512
   177  1569  1700  545540.00  2348140.00  21.234284  105.438870  -16.0446  -23.0667
   179  1578  1718  545630.00  2347960.00  21.232655  105.439732  -16.1486  -27.3899
   180  1569  1724  545540.00  2347900.00  21.232115  105.438863  -18.6639  -28.6365
   181  1581  1736  545660.00  2347780.00  21.231028  105.440017  -18.0288  -37.5335
   182  1569  1736  545540.00  2347780.00  21.231031  105.438860  -15.7161  -22.7212
   183  1566  1739  545510.00  2347750.00  21.230761  105.438570  -17.1065  -23.8434
   184  1545  1745  545300.00  2347690.00  21.230224  105.436545  -16.1900  -32.5278
   185  1539  1748  545240.00  2347660.00  21.229954  105.435966  -22.7188  -37.8571
   186  1572  1748  545570.00  2347660.00  21.229946  105.439146  -17.4233  -28.4786
   187  1542  1754  545270.00  2347600.00  21.229412  105.436254  -17.7339  -30.8139
   188  1560  1757  545450.00  2347570.00  21.229136  105.437987    5.8569   -7.6502
   189  1539  1757  545240.00  2347570.00  21.229141  105.435964  -19.5256  -27.6381
   190   648  1757  536330.00  2347570.00  21.229341  105.350102  -14.9869  -25.0766
   191  1533  1760  545180.00  2347540.00  21.228872  105.435385  -21.9960  -30.0135
   192  1563  1763  545480.00  2347510.00  21.228593  105.438275    1.5595  -15.6007
   193  6312  1763  592970.00  2347510.00  21.226784  105.895888  -20.3544  -23.6584
   194  1536  1766  545210.00  2347480.00  21.228329  105.435672  -19.2834  -32.5694
   195  1578  1772  545630.00  2347420.00  21.227776  105.439718  -12.9242  -21.7838
   196  1545  1772  545300.00  2347420.00  21.227785  105.436538  -13.5450  -26.5296
   197   633  1778  536180.00  2347360.00  21.227447  105.348652  -16.4751  -33.3362
   198  5388  1781  583730.00  2347330.00  21.225607  105.806846  -13.7047  -20.7450
   199  1563  1784  545480.00  2347300.00  21.226696  105.438269  -15.1339  -23.2129
   201  1566  1793  545510.00  2347210.00  21.225882  105.438556  -16.4455  -22.6866
   202  1572  1796  545570.00  2347180.00  21.225609  105.439133  -16.9541  -28.4857
   203  1524  1802  545090.00  2347120.00  21.225079  105.434506  -12.0634  -23.0445
   204  1560  1808  545450.00  2347060.00  21.224528  105.437974  -25.4516  -26.8438
   205  1563  1808  545480.00  2347060.00  21.224527  105.438263  -20.8274  -27.7560
   206   678  1811  536630.00  2347030.00  21.224456  105.352982  -11.4275  -17.3367
   207  1563  1820  545480.00  2346940.00  21.223443  105.438260  -20.7027  -24.4210
   208  1491  1820  544760.00  2346940.00  21.223461  105.431322  -11.6973  -17.2385
   209  1560  1820  545450.00  2346940.00  21.223444  105.437971  -19.3896  -25.1823
   210  1497  1820  544820.00  2346940.00  21.223460  105.431900   -7.2781  -17.2186
   211  1485  1823  544700.00  2346910.00  21.223191  105.430743  -12.0352  -17.7550
   212  1557  1823  545420.00  2346910.00  21.223174  105.437681  -24.9604  -25.3755
   213  1560  1829  545450.00  2346850.00  21.222631  105.437968  -21.7637  -31.2212
   214  1566  1829  545510.00  2346850.00  21.222629  105.438546  -16.2798  -27.2153
   215  1503  1844  544880.00  2346700.00  21.221290  105.432472  -10.4776  -18.5351
   216  1488  1844  544730.00  2346700.00  21.221293  105.431026   -7.9855  -18.0385
   217  1482  1847  544670.00  2346670.00  21.221024  105.430447  -13.4026  -23.1523
   218  1503  1877  544880.00  2346370.00  21.218308  105.432463   -9.8934  -17.5539
   219  5877  1880  588620.00  2346340.00  21.216431  105.853913  -16.2826  -23.9387
   220  6393  1901  593780.00  2346130.00  21.214275  105.903617  -18.7874  -21.6292
   221  1395  1910  543800.00  2346040.00  21.215353  105.422048  -11.9486  -17.3124
   222  1623  1925  546080.00  2345890.00  21.213941  105.444013  -15.2986  -28.6518
   223  5568  1934  585530.00  2345800.00  21.211701  105.824114   -7.9705  -20.2279
   224   582  1952  535670.00  2345620.00  21.211736  105.343701   -9.0881  -20.6646
   225   594  1967  535790.00  2345470.00  21.210378  105.344854  -17.4872  -25.5050
   226   516  2042  535010.00  2344720.00  21.203617  105.337323  -18.6484  -23.1444
   227   498  2054  534830.00  2344600.00  21.202536  105.335587  -18.5934  -23.9025
   228  5976  2063  589610.00  2344510.00  21.199850  105.863355  -19.2235  -24.7169
   229  4239  2069  572240.00  2344450.00  21.200080  105.696010  -21.9295  -25.7458
   230  5151  2078  581360.00  2344360.00  21.198882  105.783868   -9.6750  -13.9676
   232  1683  2093  546680.00  2344210.00  21.198747  105.449748  -16.3074  -33.8021
   233  5952  2135  589370.00  2343790.00  21.193357  105.861005  -11.9635  -17.0565
   234  5982  2150  589670.00  2343640.00  21.191987  105.863887   -8.6172  -15.9113
   235  5850  2162  588350.00  2343520.00  21.190967  105.851165  -15.3078  -19.9964
   236  1788  2165  547730.00  2343490.00  21.192214  105.459844  -20.0148  -27.8859
   238  5571  2201  585560.00  2343130.00  21.187577  105.824269  -13.8981  -17.7470
   239  3885  2237  568700.00  2342770.00  21.185039  105.661838   -5.4459   -9.0238
   240  1827  2249  548120.00  2342650.00  21.184614  105.463578  -16.2710  -21.9316
   241  1845  2276  548300.00  2342380.00  21.182170  105.465304  -17.3480  -22.3378
   242   420  2327  534050.00  2341870.00  21.177884  105.328017  -14.2369  -26.1691
   243  3414  2366  563990.00  2341480.00  21.173555  105.616416  -18.1285  -31.4733
   244  3411  2366  563960.00  2341480.00  21.173556  105.616127  -14.4854  -30.0701
   245  3399  2369  563840.00  2341450.00  21.173289  105.614970  -15.6420  -26.7548
   246  3417  2369  564020.00  2341450.00  21.173283  105.616704  -19.3822  -24.5975
   247  3381  2369  563660.00  2341450.00  21.173296  105.613237  -19.7025  -21.4715
   248  3384  2372  563690.00  2341420.00  21.173024  105.613524   -0.3582  -10.0410
   249  3372  2372  563570.00  2341420.00  21.173028  105.612369  -16.2174  -24.3357
   250  3402  2375  563870.00  2341390.00  21.172746  105.615257  -17.5033  -36.0708
   251  3417  2375  564020.00  2341390.00  21.172741  105.616702  -21.1700  -28.5817
   252  3426  2375  564110.00  2341390.00  21.172738  105.617569  -22.5636  -27.3844
   253  3378  2378  563630.00  2341360.00  21.172484  105.612944  -16.0496  -22.5900
   254  3489  2381  564740.00  2341330.00  21.172174  105.623635  -14.9044  -21.2431
   255  3420  2381  564050.00  2341330.00  21.172198  105.616989  -16.9810  -28.6986
   256  4473  2381  574580.00  2341330.00  21.171797  105.718418   -6.9768  -13.8819
   257  3411  2384  563960.00  2341300.00  21.171930  105.616121  -15.4336  -25.6695
   258  3423  2384  564080.00  2341300.00  21.171926  105.617277  -17.6895  -29.9006
   259  3441  2387  564260.00  2341270.00  21.171648  105.619009  -15.3084  -27.7510
   260  1923  2387  549080.00  2341270.00  21.172120  105.472786  -19.7071  -26.6120
   261  3390  2387  563750.00  2341270.00  21.171666  105.614097  -22.0883  -28.3855
   262  3378  2393  563630.00  2341210.00  21.171128  105.612939  -20.8508  -26.6742
   263  3420  2393  564050.00  2341210.00  21.171114  105.616984  -17.8155  -26.9334
   264  3387  2396  563720.00  2341180.00  21.170854  105.613804  -17.9309  -23.8161
   265  3426  2396  564110.00  2341180.00  21.170841  105.617561  -18.2461  -29.6013
   266  3393  2399  563780.00  2341150.00  21.170581  105.614381  -13.8338  -20.4716
   267  3327  2399  563120.00  2341150.00  21.170604  105.608024  -17.5011  -31.3150
   268  3390  2399  563750.00  2341150.00  21.170582  105.614092  -17.0717  -19.3425
   269  3381  2399  563660.00  2341150.00  21.170585  105.613225  -14.1332  -23.9018
   270   405  2399  533900.00  2341150.00  21.171382  105.326558  -11.5642  -19.5633
   271  3339  2402  563240.00  2341120.00  21.170329  105.609179  -12.9711  -26.2208
   272  3327  2402  563120.00  2341120.00  21.170333  105.608023  -13.9865  -24.8198
   273    30  2408  530150.00  2341060.00  21.170634  105.290433  -17.8648  -28.8271
   274  3360  2408  563450.00  2341060.00  21.169779  105.611199  -20.9227  -23.6180
   275  3336  2408  563210.00  2341060.00  21.169788  105.608887  -17.6509  -41.5319
   276  4461  2411  574460.00  2341030.00  21.169092  105.717249  -11.7208  -16.7415
   277  3318  2411  563030.00  2341030.00  21.169523  105.607153  -14.7506  -26.9409
   278  3327  2414  563120.00  2341000.00  21.169249  105.608018  -19.9135  -22.4641
   279  3351  2417  563360.00  2340970.00  21.168969  105.610329  -20.7311  -26.0283
   280  3516  2420  565010.00  2340940.00  21.168640  105.626221  -20.5841  -29.9788
   281  3315  2426  563000.00  2340880.00  21.168169  105.606858  -19.0159  -20.9703
   282  3354  2429  563390.00  2340850.00  21.167884  105.610614  -20.3140  -28.6535
   283   771  2438  537560.00  2340760.00  21.167786  105.361805   -8.7851  -17.1610
   284   570  2447  535550.00  2340670.00  21.167013  105.342442  -19.4155  -23.7347
   285  3192  2447  561770.00  2340670.00  21.166313  105.595003  -20.3236  -25.5069
   286  1263  2471  542480.00  2340430.00  21.164697  105.409189  -15.9900  -16.8118
   287  3648  2474  566330.00  2340400.00  21.163714  105.638915  -16.4593  -37.1496
   288  1503  2474  544880.00  2340400.00  21.164368  105.432306  -11.5190  -18.6932
   289  2037  2474  550220.00  2340400.00  21.164229  105.483742  -17.7597  -30.8844
   290  3141  2474  561260.00  2340400.00  21.163891  105.590081  -14.2970  -17.9335
   291  3096  2483  560810.00  2340310.00  21.163093  105.585743  -13.8693  -20.0895
   292  3123  2483  561080.00  2340310.00  21.163084  105.588344  -12.5128  -20.6381
   293  3135  2483  561200.00  2340310.00  21.163080  105.589500  -23.0758  -29.3457
   294  3123  2486  561080.00  2340280.00  21.162813  105.588343  -18.0164  -23.7919
   295  3138  2486  561230.00  2340280.00  21.162808  105.589787  -20.0844  -39.2989
   296  3087  2486  560720.00  2340280.00  21.162825  105.584875  -10.1280  -20.7632
   297  3102  2486  560870.00  2340280.00  21.162820  105.586320  -17.1526  -21.4206
   298  3147  2492  561320.00  2340220.00  21.162263  105.590652  -19.1397  -24.4908
   299  3141  2492  561260.00  2340220.00  21.162265  105.590074  -17.6545  -24.0316
   300  3090  2495  560750.00  2340190.00  21.162011  105.585161  -24.4258  -29.4431
   301  3165  2501  561500.00  2340130.00  21.161444  105.592383  -22.4340  -26.6530
   302  3138  2501  561230.00  2340130.00  21.161453  105.589782  -17.9609  -28.4052
   303  3099  2504  560840.00  2340100.00  21.161195  105.586025  -17.5883  -35.6028
   304   993  2504  539780.00  2340100.00  21.161776  105.383174  -15.1087  -28.8986
   305  3123  2504  561080.00  2340100.00  21.161187  105.588336  -18.5533  -26.4521
   306  3159  2504  561440.00  2340100.00  21.161175  105.591804  -19.2729  -33.6384
   307  3162  2504  561470.00  2340100.00  21.161174  105.592093  -17.2215  -26.2359
   308  3189  2507  561740.00  2340070.00  21.160894  105.594692  -11.9511  -24.7319
   309  3171  2507  561560.00  2340070.00  21.160900  105.592958  -13.7284  -47.3050
   310  3120  2507  561050.00  2340070.00  21.160917  105.588046  -19.4840  -34.6654
   311  3105  2507  560900.00  2340070.00  21.160922  105.586601  -18.0087  -28.4741
   312  3120  2510  561050.00  2340040.00  21.160646  105.588045  -16.8926  -26.9119
   313  3180  2513  561650.00  2340010.00  21.160354  105.593823  -18.2085  -24.4342
   314  3198  2513  561830.00  2340010.00  21.160348  105.595557  -19.8893  -24.0766
   315  3114  2516  560990.00  2339980.00  21.160106  105.587465  -18.8045  -25.8715
   316  3111  2516  560960.00  2339980.00  21.160107  105.587176  -16.6767  -32.0254
   317  3093  2519  560780.00  2339950.00  21.159842  105.585441  -15.8148  -28.4976
   318  3132  2519  561170.00  2339950.00  21.159829  105.589198  -15.4892  -27.1575
   319  3180  2522  561650.00  2339920.00  21.159541  105.593820  -18.9625  -28.0764
   320  3684  2525  566690.00  2339890.00  21.159093  105.642362  -18.6346  -26.8223
   321  5784  2528  587690.00  2339860.00  21.157933  105.844620  -14.7140  -22.0098
   322  3072  2534  560570.00  2339800.00  21.158493  105.583413  -18.2142  -31.8466
   323  3849  2540  568340.00  2339740.00  21.157677  105.658248  -18.4904  -23.2608
   324  5286  2543  582710.00  2339710.00  21.156811  105.796649   -3.5892  -14.0861
   325   876  2555  538610.00  2339590.00  21.157193  105.371893  -16.3272  -24.4227
   326  3246  2555  562310.00  2339590.00  21.156537  105.600165  -13.8893  -22.4000
   327  3204  2564  561890.00  2339500.00  21.155738  105.596116  -18.2202  -21.2061
   328  2757  2570  557420.00  2339440.00  21.155343  105.553061  -20.3431  -25.3203
   329  2616  2579  556010.00  2339350.00  21.154573  105.539478  -20.0505  -30.2410
   330  2895  2582  558800.00  2339320.00  21.154214  105.566349  -16.6953  -23.2447
   331  2547  2585  555320.00  2339290.00  21.154052  105.532830  -14.6051  -27.8715
   332  5994  2588  589790.00  2339260.00  21.152410  105.864813   -9.4823  -16.4144
   333  5259  2594  582440.00  2339200.00  21.152215  105.794024  -10.0612  -17.8056
   334  1491  2594  544760.00  2339200.00  21.153529  105.431119  -19.0111  -35.6791
   335  1650  2597  546350.00  2339170.00  21.153218  105.446432  -10.0713  -22.5959
   336  2913  2600  558980.00  2339140.00  21.152582  105.568076  -16.7499  -26.2891
   337   870  2603  538550.00  2339110.00  21.152857  105.371304  -17.8809  -26.2343
   338   504  2609  534890.00  2339050.00  21.152389  105.336051  -19.8257  -31.6450
   339  1479  2612  544640.00  2339020.00  21.151905  105.429958  -15.2974  -26.5945
   340  3720  2618  567050.00  2338960.00  21.150677  105.645793  -19.1309  -19.9469
   341  2892  2630  558770.00  2338840.00  21.149879  105.566043  -19.3264  -32.8276
   342   357  2654  533420.00  2338600.00  21.148350  105.321884  -17.3431  -22.7930
   343  5364  2654  583490.00  2338600.00  21.146747  105.804107  -22.1252  -26.3223
   344  3774  2669  567590.00  2338450.00  21.146050  105.650974  -18.7732  -36.8052
   345  3750  2687  567350.00  2338270.00  21.144432  105.648655  -21.2493  -23.1284
   346  3762  2696  567470.00  2338180.00  21.143615  105.649808  -17.2885  -20.8916
   347  2181  2699  551660.00  2338150.00  21.143859  105.497545   -9.4546  -12.5310
   348  4425  2699  574100.00  2338150.00  21.143086  105.713657  -16.6136  -21.9064
   349  1113  2705  540980.00  2338090.00  21.143588  105.394685  -18.9862  -23.5184
   350  3759  2711  567440.00  2338030.00  21.142260  105.649513  -16.2749  -24.3600
   351  4320  2723  573050.00  2337910.00  21.140960  105.703534  -17.4264  -23.1121
   352  4239  2726  572240.00  2337880.00  21.140722  105.695733  -16.5871  -21.3158
   353  1200  2729  541850.00  2337850.00  21.141400  105.403058  -10.1360  -20.8742
   354  4146  2735  571310.00  2337790.00  21.139945  105.686773  -18.9342  -22.4662
   355  4395  2735  573800.00  2337790.00  21.139846  105.710752  -20.0440  -22.5075
   356  3852  2738  568370.00  2337760.00  21.139786  105.658458  -19.0577  -24.1052
   357  4407  2738  573920.00  2337760.00  21.139570  105.711906  -14.9051  -25.4471
   358  4419  2741  574040.00  2337730.00  21.139294  105.713061  -20.0949  -23.6735
   359  4188  2741  571730.00  2337730.00  21.139386  105.690815  -18.2215  -31.7885
   360  3855  2744  568400.00  2337700.00  21.139243  105.658745  -17.6994  -22.7100
   361  4227  2750  572120.00  2337640.00  21.138558  105.694567  -17.7502  -25.4135
   362  3864  2750  568490.00  2337640.00  21.138698  105.659609  -15.7458  -28.3965
   363  1083  2750  540680.00  2337640.00  21.139529  105.391785   -7.8730  -11.6465
   364  4170  2750  571550.00  2337640.00  21.138580  105.689078  -18.3338  -25.4793
   365  4404  2753  573890.00  2337610.00  21.138216  105.711611  -17.0398  -23.7754
   366  4431  2753  574160.00  2337610.00  21.138205  105.714211  -18.8800  -20.9185
   367  4407  2753  573920.00  2337610.00  21.138215  105.711900  -17.4146  -18.1419
   368  4389  2753  573740.00  2337610.00  21.138222  105.710166  -18.5976  -25.2353
   369  4425  2753  574100.00  2337610.00  21.138208  105.713633  -18.8533  -24.9655
   370  3792  2759  567770.00  2337550.00  21.137911  105.652672  -18.1404  -19.9083
   371  4284  2762  572690.00  2337520.00  21.137451  105.700051  -15.0308  -27.1770
   372  4389  2765  573740.00  2337490.00  21.137138  105.710161  -26.3349  -24.5657
   373  3885  2765  568700.00  2337490.00  21.137335  105.661626  -16.2290  -27.2415
   374  3819  2768  568040.00  2337460.00  21.137088  105.655268  -19.0850  -21.8414
   375  4425  2768  574100.00  2337460.00  21.136852  105.713627  -14.7409  -24.7835
   376   984  2771  539690.00  2337430.00  21.137654  105.382245  -20.4246  -29.9093
   377  4413  2771  573980.00  2337430.00  21.136586  105.712470  -24.9303  -22.4225
   378  4056  2771  570410.00  2337430.00  21.136727  105.678091  -18.4163  -25.5620
   379  4641  2771  576260.00  2337430.00  21.136492  105.734426  -19.0706  -25.1976
   380  4440  2774  574250.00  2337400.00  21.136304  105.715069  -19.1092  -26.5341
   381  4431  2777  574160.00  2337370.00  21.136037  105.714201  -21.0204  -29.4891
   382  4389  2777  573740.00  2337370.00  21.136054  105.710156  -22.8197  -25.9876
   383  4449  2780  574340.00  2337340.00  21.135758  105.715933  -16.3766  -23.2974
   384  4446  2780  574310.00  2337340.00  21.135760  105.715644  -18.4894  -28.3478
   385  4434  2780  574190.00  2337340.00  21.135765  105.714488  -19.8710  -23.8133
   386  4389  2780  573740.00  2337340.00  21.135783  105.710155  -22.0690  -28.4625
   387  4383  2783  573680.00  2337310.00  21.135514  105.709576  -21.4342  -23.7475
   388  4401  2783  573860.00  2337310.00  21.135507  105.711309  -18.9564  -24.2659
   389  4434  2783  574190.00  2337310.00  21.135494  105.714487  -20.5447  -24.9336
   390  3843  2783  568280.00  2337310.00  21.135724  105.657574  -18.3044  -26.2257
   391  4434  2789  574190.00  2337250.00  21.134951  105.714484  -21.0901  -26.4479
   392  4449  2792  574340.00  2337220.00  21.134674  105.715928  -17.1464  -31.1966
   393  4425  2795  574100.00  2337190.00  21.134413  105.713615  -36.9414  -21.1428
   394   999  2798  539840.00  2337160.00  21.135211  105.383684  -16.3644  -24.6952
   395  4455  2798  574400.00  2337160.00  21.134130  105.716503  -15.4399  -26.8252
   396  4443  2804  574280.00  2337100.00  21.133593  105.715345  -19.6268  -37.3948
   397  4410  2807  573950.00  2337070.00  21.133335  105.712165  -23.4574  -29.0757
   398  4416  2807  574010.00  2337070.00  21.133332  105.712743  -17.8904  -25.9282
   399  4422  2807  574070.00  2337070.00  21.133330  105.713321  -21.9782  -29.6426
   400  4437  2810  574220.00  2337040.00  21.133053  105.714764  -20.2237  -22.1811
   401  1656  2819  546410.00  2336950.00  21.133158  105.446950   -5.5926  -13.4960
   402  2685  2822  556700.00  2336920.00  21.132597  105.546043  -16.3365  -25.4988
   403  4422  2822  574070.00  2336920.00  21.131975  105.713315  -20.1798  -26.8811
   404  4434  2825  574190.00  2336890.00  21.131699  105.714469  -18.2657  -25.6943
   405  2985  2825  559700.00  2336890.00  21.132230  105.574932   -8.4067  -13.0034
   406  1074  2837  540590.00  2336770.00  21.131670  105.390897  -19.4220  -32.7775
   407  4431  2846  574160.00  2336680.00  21.129803  105.714171  -21.6114  -34.9028
   408  3969  2846  569540.00  2336680.00  21.129985  105.669682  -17.0526  -24.9409
   409  1995  2852  549800.00  2336620.00  21.130087  105.479587  -21.2418  -24.3741
   410  4446  2861  574310.00  2336530.00  21.128442  105.715609  -19.7853  -32.0771
   411  4647  2876  576320.00  2336380.00  21.127003  105.734957  -14.7042  -23.8442
   412  4500  2879  574850.00  2336350.00  21.126793  105.720801  -16.5624  -25.9012
   413  2646  2879  556310.00  2336350.00  21.127459  105.542269  -11.9703  -23.3739
   414  4707  2888  576920.00  2336260.00  21.125894  105.740730  -18.9269  -27.2646
   415  4638  2900  576230.00  2336140.00  21.124839  105.734080  -13.9103  -17.8494
   416  4446  2936  574310.00  2335780.00  21.121665  105.715576  -10.8157  -17.4148
   417  3267  2966  562520.00  2335480.00  21.119396  105.602037  -14.7986  -18.0912
   418  4629  2966  576140.00  2335480.00  21.118880  105.733184  -17.8780  -26.4225
   419   303  2969  532880.00  2335450.00  21.119899  105.316623  -16.1705  -32.2200
   420  5850  3008  588350.00  2335060.00  21.114536  105.850729  -15.2171  -15.9249
   421  4509  3023  574940.00  2334910.00  21.113779  105.721605  -18.5255  -22.3071
   422  6366  3032  593510.00  2334820.00  21.112111  105.900397  -13.4417  -23.0123
   423  4590  3050  575750.00  2334640.00  21.111307  105.729392  -20.4991  -31.2527
   424  3798  3062  567830.00  2334520.00  21.110533  105.653130   -5.6631  -12.4992
   425  6030  3074  590150.00  2334400.00  21.108485  105.868025  -10.7193  -19.0734
   426  6366  3083  593510.00  2334310.00  21.107503  105.900369   -9.5501  -23.1610
   427  4869  3107  578540.00  2334070.00  21.106039  105.756229  -21.5374  -23.5563
   428  4671  3110  576560.00  2334040.00  21.105852  105.737164  -17.7737  -24.0002
   429  5388  3134  583730.00  2333800.00  21.103370  105.806184  -15.6537  -25.4083
   430  4797  3140  577820.00  2333740.00  21.103088  105.749282  -20.9692  -21.5865
   431  5421  3143  584060.00  2333710.00  21.102541  105.809357  -17.9389  -30.4994
   432  5355  3152  583400.00  2333620.00  21.101758  105.802998  -14.4485  -31.5872
   433  4779  3167  577640.00  2333470.00  21.100657  105.747536  -20.1823  -23.3357
   434  2919  3167  559040.00  2333470.00  21.101352  105.568459  -20.2973  -25.0355
   435  3969  3167  569540.00  2333470.00  21.100983  105.669552  -14.6718  -19.0548
   436  6189  3176  591740.00  2333380.00  21.099191  105.883278  -15.0212  -21.1030
   437  5097  3176  580820.00  2333380.00  21.099706  105.778148  -15.4916  -20.8385
   438  5358  3182  583430.00  2333320.00  21.099047  105.803273  -13.7592  -17.5643
   439  5022  3188  580070.00  2333260.00  21.098655  105.770922  -19.2086  -25.9202
   440   327  3188  533120.00  2333260.00  21.100107  105.318892  -16.0689  -29.0576
   441  5274  3188  582590.00  2333260.00  21.098543  105.795183  -15.9251  -29.4128
   442  5280  3200  582650.00  2333140.00  21.097456  105.795754  -20.2410  -25.8712
   443  1362  3212  543470.00  2333020.00  21.097722  105.418537  -16.5681  -31.7924
   444  1068  3218  540530.00  2332960.00  21.097247  105.390230  -20.4440  -24.5212
   445  1758  3221  547430.00  2332930.00  21.096810  105.456662  -12.0419  -23.2661
   446  3324  3221  563090.00  2332930.00  21.096337  105.607432  -21.3245  -32.2346
   447  1758  3224  547430.00  2332900.00  21.096539  105.456661  -15.9250  -23.4324
   448  4842  3227  578270.00  2332870.00  21.095209  105.753574  -16.2413  -26.1197
   449  5613  3248  585980.00  2332660.00  21.092966  105.827789  -13.2865  -22.0964
   450  3486  3248  564710.00  2332660.00  21.093841  105.623019  -16.9587  -22.7087
   451  5295  3248  582800.00  2332660.00  21.093112  105.797175  -17.9587  -22.6243
   452  6399  3251  593840.00  2332630.00  21.092309  105.903454   -9.7245  -20.2325
   453  5628  3257  586130.00  2332570.00  21.092146  105.829229  -17.0357  -24.7046
   454  5769  3263  587540.00  2332510.00  21.091537  105.842800  -17.8463  -23.8845
   455  5997  3281  589820.00  2332330.00  21.089800  105.864739  -15.5897  -22.0365
   456  1671  3305  546560.00  2332090.00  21.089243  105.448263  -16.0396  -23.1583
   457  4428  3308  574130.00  2332060.00  21.088063  105.713682  -19.3320  -24.9778
   458  2208  3308  551930.00  2332060.00  21.088828  105.499961  -13.2364  -17.1570
   459  4932  3323  579170.00  2331910.00  21.086497  105.762195  -12.8638  -18.5382
   460  5712  3332  586970.00  2331820.00  21.085330  105.837277  -17.9534  -22.5489
   461  5718  3344  587030.00  2331700.00  21.084243  105.837849  -18.4492  -25.0310
   463  5718  3365  587030.00  2331490.00  21.082346  105.837838  -17.9408  -23.2203
   464  1857  3383  548420.00  2331310.00  21.082147  105.466148  -21.1573  -25.3437
   465  5802  3386  587870.00  2331280.00  21.080408  105.845914  -19.9083  -24.0583
   466  6309  3392  592940.00  2331220.00  21.079616  105.894714  -16.2029  -23.4034
   467  4863  3407  578480.00  2331070.00  21.078937  105.755514  -21.4240  -24.8662
   468   222  3416  532070.00  2330980.00  21.079525  105.308739  -18.6559  -24.6792
   469  2655  3440  556400.00  2330740.00  21.076769  105.542951  -16.6355  -20.9283
   470  6828  3443  598130.00  2330710.00  21.074738  105.944643  -13.0728  -20.2643
   471  6177  3455  591620.00  2330590.00  21.073991  105.881974  -19.6666  -21.3885
   472  4929  3458  579140.00  2330560.00  21.074301  105.761844  -11.0040  -20.3180
   473  1728  3461  547130.00  2330530.00  21.075133  105.453707  -21.3708  -24.4504
   474  1725  3470  547100.00  2330440.00  21.074321  105.453416  -20.2375  -22.8560
   475   174  3473  531590.00  2330410.00  21.074383  105.304108  -21.7517  -34.8719
   476  1935  3479  549200.00  2330350.00  21.073453  105.473629  -20.0744  -27.7946
   477  4404  3494  573890.00  2330200.00  21.071268  105.711292  -13.2860  -19.3395
   478  6651  3503  596360.00  2330110.00  21.069411  105.927572  -17.3450  -27.7334
   479  3741  3512  567260.00  2330020.00  21.069897  105.647465  -12.4943  -18.2168
   480  1044  3515  540290.00  2329990.00  21.070418  105.387849  -10.6300  -15.5914
   481   153  3524  531380.00  2329900.00  21.069779  105.302077  -18.7678  -31.2838
   482  3780  3530  567650.00  2329840.00  21.068256  105.651212   -3.8296  -11.4430
   483  6003  3533  589880.00  2329810.00  21.067030  105.865185  -19.8197  -19.8623
   484  6012  3539  589970.00  2329750.00  21.066483  105.866048  -15.8296  -21.7336
   485  6693  3581  596780.00  2329330.00  21.062342  105.931571  -11.0514  -17.3754
   486  5880  3581  588650.00  2329330.00  21.062753  105.853321  -16.9036  -21.9372
   487  6588  3587  595730.00  2329270.00  21.061855  105.921462  -13.2287  -20.3515
   488  5925  3614  589100.00  2329000.00  21.059750  105.857635  -18.0898  -24.7235
   489  5913  3620  588980.00  2328940.00  21.059214  105.856477  -21.1418  -25.5314
   490  6810  3641  597950.00  2328730.00  21.056859  105.942798  -22.1940  -29.7113
   491  5451  3647  584360.00  2328670.00  21.056993  105.811998  -17.4581  -26.3577
   492  5940  3656  589250.00  2328580.00  21.055948  105.859057  -15.6896  -18.1356
   493  5616  3656  586010.00  2328580.00  21.056103  105.827874  -17.0826  -24.9741
   494  1806  3659  547910.00  2328550.00  21.057223  105.461161  -16.0254  -26.5686
   495  5664  3662  586490.00  2328520.00  21.055538  105.832491  -10.0009  -18.5391
   496  4947  3671  579320.00  2328430.00  21.055049  105.763478   -7.7881  -17.3317
   497  5037  3674  580220.00  2328400.00  21.054739  105.772139  -13.9549  -16.9029
   498  2064  3674  550490.00  2328400.00  21.055799  105.485990  -21.1130  -25.0856
   499  6948  3707  599330.00  2328070.00  21.050822  105.956041   -8.0248  -15.6638
   500  5703  3719  586880.00  2327950.00  21.050370  105.836216  -13.8582  -19.9812
   501  5499  3722  584840.00  2327920.00  21.050195  105.816581  -19.5058  -23.6463
   502  5880  3731  588650.00  2327830.00  21.049201  105.853244  -16.7317  -18.2450
   503  1869  3746  548540.00  2327680.00  21.049346  105.467200  -19.7013  -24.7046
   505  7170  3764  601550.00  2327500.00  21.045551  105.977373  -17.1909  -28.7045
   506  5544  3767  585290.00  2327470.00  21.046108  105.820889  -19.0570  -23.9933
   507  7008  3782  599930.00  2327320.00  21.044014  105.961772  -17.8103  -26.5645
   508  5655  3785  586400.00  2327290.00  21.044430  105.831563  -22.5516  -21.5740
   509  2295  3857  552800.00  2326570.00  21.039199  105.508168  -17.5098  -23.4303
   510  2271  3881  552560.00  2326330.00  21.037038  105.505851  -20.4649  -25.5775
   511  5991  3917  589760.00  2325970.00  21.032343  105.863830  -19.1304  -20.3847
   512   708  3947  536930.00  2325670.00  21.031455  105.355412  -14.2360  -23.7808
   513  5871  3953  588560.00  2325610.00  21.029149  105.852264  -16.8536  -21.7764
   514  2439  3956  554240.00  2325580.00  21.030212  105.521995  -12.3990  -16.7104
   515  4839  3965  578240.00  2325490.00  21.028533  105.752950   -7.0109  -17.8488
   516  2688  3989  556730.00  2325250.00  21.027156  105.545947  -18.9179  -28.8531
   517  6819  4001  598040.00  2325130.00  21.024331  105.943459  -15.9505  -18.6255
   518   204  4037  531890.00  2324770.00  21.023418  105.306891  -18.3148  -23.1327
   519  6024  4040  590090.00  2324740.00  21.021214  105.866941  -20.7115  -24.0433
   520  3687  4058  566720.00  2324560.00  21.020586  105.642056  -16.4522  -24.5504
   521   228  4073  532130.00  2324410.00  21.020161  105.309194  -25.0623  -37.1708
   522  4821  4121  578060.00  2323930.00  21.014447  105.751147  -13.0766  -17.3005
   523  4671  4145  576560.00  2323690.00  21.012341  105.736703   -9.8774  -21.1276
   524  4881  4148  578660.00  2323660.00  21.011982  105.756908   -8.4254  -19.0411
   525  3726  4160  567110.00  2323540.00  21.011356  105.645769  -13.1620  -18.3523
   526  6207  4208  591920.00  2323060.00  21.005946  105.884460  -13.8621  -20.4681
   527  7149  4211  601340.00  2323030.00  21.005180  105.975089  -20.1110  -28.8212
   528  6252  4256  592370.00  2322580.00  21.001587  105.888764  -17.1903  -21.1383
   529  6225  4340  592100.00  2321740.00  20.994011  105.886122  -16.4438  -25.3919
   530  3936  4421  569210.00  2320930.00  20.987696  105.665871  -10.9143  -16.6837
   531  3219  4466  562040.00  2320480.00  20.983886  105.596875  -19.5389  -25.9804
   532  5772  4475  587570.00  2320390.00  20.982035  105.842472  -12.4719  -15.0837
   533  3132  4475  561170.00  2320390.00  20.983102  105.588502  -11.0133  -16.6868
   534  4875  4490  578600.00  2320240.00  20.981085  105.756175  -15.7206  -22.9996
   535  5658  4517  586430.00  2319970.00  20.978295  105.831485   -9.0465  -17.4145
   536  6000  4559  589850.00  2319550.00  20.974336  105.864362  -20.0827  -22.5466
   537  5973  4577  589580.00  2319370.00  20.972723  105.861755  -22.1785  -26.4470
   538  5967  4586  589520.00  2319280.00  20.971913  105.861174  -20.5400  -22.5002
   539  5682  4598  586670.00  2319160.00  20.970965  105.833753   -9.5688  -14.8992
   540  5949  4601  589340.00  2319130.00  20.970567  105.859434  -16.3326  -30.3582
   541  5940  4640  589250.00  2318740.00  20.967048  105.858549  -17.4390  -24.3605
   542  2982  4652  559670.00  2318620.00  20.967159  105.574010  -15.3912  -19.9395
   543  2616  4655  556010.00  2318590.00  20.967003  105.538802   -7.1364  -21.6217
   544  6339  4691  593240.00  2318230.00  20.962242  105.896900  -19.3177  -23.8865
   545  6360  4721  593450.00  2317930.00  20.959521  105.898903  -18.8538  -24.3465
   546  6261  4787  592460.00  2317270.00  20.953608  105.889346   -3.1757   -4.8866
   547  6045  4805  590300.00  2317090.00  20.952089  105.868562  -19.3868  -26.6654
   548  3207  4817  561920.00  2316970.00  20.952177  105.595595  -13.2724  -14.1776
   549  5997  4832  589820.00  2316820.00  20.949673  105.863932  -16.0932  -23.4969
   550  6255  4835  592400.00  2316790.00  20.949275  105.888743  -14.5098  -26.6164
   551  5658  4838  586430.00  2316760.00  20.949293  105.831325  -16.3201  -22.1624
   552  6255  4859  592400.00  2316550.00  20.947107  105.888731  -19.9224  -22.7016
   553  5994  4862  589790.00  2316520.00  20.946964  105.863628  -17.0913  -20.6261
   554  5991  4892  589760.00  2316220.00  20.944255  105.863323  -13.6195  -17.9881
   555  5670  4907  586550.00  2316070.00  20.943054  105.832444  -18.7253  -19.8334
   556  6018  4916  590030.00  2315980.00  20.942074  105.865908  -11.4704  -22.0909
   557  6204  4937  591890.00  2315770.00  20.940085  105.883784  -19.2140  -26.4148
   558  4776  4949  577610.00  2315650.00  20.939657  105.746446   -7.3689  -14.0759
   559  5979  4964  589640.00  2315500.00  20.937756  105.862132  -21.0977  -21.8181
   560  3549  4964  565340.00  2315500.00  20.938777  105.628434  -13.3032  -19.7722
   561  3057  4979  560420.00  2315350.00  20.937589  105.581111  -22.2131  -30.1767
   562  4785  4982  577700.00  2315320.00  20.936672  105.747296  -11.4188  -19.2800
   563  4578  4991  575630.00  2315230.00  20.935944  105.727385  -15.0543  -24.2230
   564  4233  4994  572180.00  2315200.00  20.935811  105.694205  -18.7309  -22.4398
   565  6144  5015  591290.00  2314990.00  20.933068  105.877973  -20.3822  -25.1919
   566  5151  5018  581360.00  2314960.00  20.933261  105.782478  -15.4134  -27.7855
   567  4740  5036  577250.00  2314780.00  20.931812  105.742945  -11.4000  -17.6464
   568  4599  5045  575840.00  2314690.00  20.931057  105.729381   -8.1378  -16.8446
   569  4602  5048  575870.00  2314660.00  20.930785  105.729668   -8.3371  -17.8484
   570  4725  5048  577100.00  2314660.00  20.930734  105.741497  -14.5413  -21.6693
   571  4968  5075  579530.00  2314390.00  20.928191  105.764853  -14.8790  -18.4587
   572  4749  5093  577340.00  2314210.00  20.926658  105.743785  -10.8911  -22.0787
   573  6465  5096  594500.00  2314180.00  20.925588  105.908798  -16.6347  -23.0061
   574  3303  5138  562880.00  2313760.00  20.923141  105.604712  -10.3414  -20.2874
   575  6183  5147  591680.00  2313670.00  20.921123  105.881654  -11.3502  -17.7870
   576  5208  5177  581930.00  2313370.00  20.918871  105.787884  -14.6721  -16.5557
   577  5610  5210  585950.00  2313040.00  20.915706  105.826524  -15.2245  -18.5893
   578  5073  5246  580580.00  2312680.00  20.912696  105.774871   -9.8267  -17.0817
   579  3333  5255  563180.00  2312590.00  20.912560  105.607554  -17.5853  -23.7323
   580  5874  5363  588590.00  2311510.00  20.901758  105.851831  -12.8338  -10.5576
   581  4011  5420  569960.00  2310940.00  20.897407  105.672683   -9.6324  -18.4969
   582  6309  5435  592940.00  2310790.00  20.895040  105.893616  -16.0594  -25.2837
   583  6207  5468  591920.00  2310460.00  20.892109  105.883792  -15.0420  -21.9325
   584  4119  5513  571040.00  2310010.00  20.888964  105.683029  -18.2718  -21.2303
   585  3690  5558  566750.00  2309560.00  20.885058  105.641766  -15.9629  -23.1383
   586  4383  5561  573680.00  2309530.00  20.884523  105.708390  -21.0670  -32.2529
   587  6555  5594  595400.00  2309200.00  20.880550  105.917179  -15.6839  -26.5244
   588  5262  5597  582470.00  2309170.00  20.880900  105.792878  -14.6242  -25.1927
   589  5040  5627  580250.00  2308870.00  20.878287  105.771522   -8.8249  -16.1921
   590  6240  5654  592250.00  2308600.00  20.875289  105.886866   -7.6217  -13.4647
   591  3102  5699  560870.00  2308150.00  20.872521  105.585186  -20.1940  -24.8350
   592  4878  5759  578630.00  2307550.00  20.866430  105.755889  -14.5920  -21.0258
   593  4857  5768  578420.00  2307460.00  20.865626  105.753866  -10.8556  -17.0039
   594  4110  5813  570950.00  2307010.00  20.861862  105.682041  -11.5294  -15.8065
   595  5547  5858  585320.00  2306560.00  20.857190  105.820148  -16.9943  -22.5113
   596  4512  5909  574970.00  2306050.00  20.853030  105.720642  -14.2334  -14.6158
   597  4950  5924  579350.00  2305900.00  20.851492  105.762735  -16.4774  -18.4116
   598  5910  5942  588950.00  2305720.00  20.849430  105.854996  -13.2300  -17.0199
   599  5004  5948  579890.00  2305660.00  20.849300  105.767914   -9.1164  -14.2352
   600  3885  5981  568700.00  2305330.00  20.846767  105.660347  -15.8554  -28.1184
   601  3348  5981  563330.00  2305330.00  20.846959  105.608732  -21.9415  -25.3974
   602  3369  5984  563540.00  2305300.00  20.846680  105.610750  -22.0405  -22.3460
   603  5886  6011  588710.00  2305030.00  20.843207  105.852654  -15.2210  -20.8906
   604  3999  6044  569840.00  2304700.00  20.841033  105.671279  -16.3426  -21.5513
   605  3459  6053  564440.00  2304610.00  20.840415  105.619375  -19.7092  -23.2796
   606  3453  6071  564380.00  2304430.00  20.838791  105.618791  -17.8489  -29.9917
   607  3543  6077  565280.00  2304370.00  20.838217  105.627439  -15.0329  -22.1654
   608  6438  6086  594230.00  2304280.00  20.836159  105.905665  -14.9644  -22.6435
   609  5136  6089  581210.00  2304250.00  20.836504  105.780535  -11.3232  -15.1367
   610  3573  6128  565580.00  2303860.00  20.833598  105.630303  -17.6685  -22.2599
   611  5163  6146  581480.00  2303680.00  20.831342  105.783103  -19.4367  -25.7638
   612  3945  6155  569300.00  2303590.00  20.831024  105.666045  -15.3057  -21.4241
   613  4893  6158  578780.00  2303560.00  20.830374  105.757150   -9.3306  -16.9308
   614  5565  6164  585500.00  2303500.00  20.829535  105.821728   -9.7496  -17.2449
   615  3936  6170  569210.00  2303440.00  20.829672  105.665174   -9.2677  -15.6785
   616  3822  6326  568070.00  2301880.00  20.815619  105.654157  -12.6526  -19.0967
   617  5736  6335  587210.00  2301790.00  20.814006  105.838076  -13.9810  -22.0569
   618  5775  6371  587600.00  2301430.00  20.810735  105.841805  -15.0058  -24.0808
   619  4806  6383  577910.00  2301310.00  20.810082  105.748689  -13.8016  -25.2731
   620  5358  6386  583430.00  2301280.00  20.809571  105.801729  -17.0803  -28.7256
   621  5934  6401  589190.00  2301130.00  20.807949  105.857068   -9.9779  -16.2530
   622  3693  6428  566780.00  2300860.00  20.806450  105.641721  -19.4728  -32.7097
   623  3657  6434  566420.00  2300800.00  20.805921  105.638260  -12.2599  -17.3881
   624  5052  6437  580370.00  2300770.00  20.805098  105.772302  -17.2751  -19.8805
   625  5748  6443  587330.00  2300710.00  20.804242  105.839175  -12.2778  -18.9960
   626  6222  6458  592070.00  2300560.00  20.802658  105.884711   -9.3115  -16.2064
   627  5445  6467  584300.00  2300470.00  20.802214  105.810049  -11.2245  -17.8088
   628  5691  6470  586760.00  2300440.00  20.801830  105.833685  -10.8840  -12.8499
   629  5943  6497  589280.00  2300170.00  20.799271  105.857884  -11.8689  -15.6270
   630  5991  6554  589760.00  2299600.00  20.794098  105.862466  -13.7015  -20.7941
   631  5832  6641  588170.00  2298730.00  20.786314  105.847146  -20.4022  -21.3386
   632  3843  6662  568280.00  2298520.00  20.785253  105.656044   -8.2547  -13.1046
   633  4965  6668  579500.00  2298460.00  20.784265  105.763837  -17.5786  -21.5439
   634  5697  6698  586820.00  2298160.00  20.781227  105.834148  -15.0139  -19.4235
   635  5046  6704  580310.00  2298100.00  20.780978  105.771603   -6.7934   -7.7061
   636  5901  6740  588860.00  2297740.00  20.777336  105.853725  -10.3240  -21.8211
   637  5523  6749  585080.00  2297650.00  20.776700  105.817407  -12.1294  -20.8389
   638  5493  6749  584780.00  2297650.00  20.776713  105.814525  -13.1735  -17.7693
   639  3948  6779  569330.00  2297350.00  20.774643  105.666085  -10.8666  -19.6430
   640  5544  6779  585290.00  2297350.00  20.773980  105.819410  -10.3973  -15.3494
   641  3876  6797  568610.00  2297170.00  20.773043  105.659161  -13.1771  -17.2974
   642  4833  6803  578180.00  2297110.00  20.772123  105.751095  -14.6600  -20.2517
   643  5373  6830  583580.00  2296840.00  20.769449  105.802958  -15.2472  -16.4958
   644  6132  6881  591170.00  2296330.00  20.764485  105.875843  -14.3461  -17.2856
   645  5823  6881  588080.00  2296330.00  20.764634  105.846161  -18.3217  -22.7066
   646  5202  6884  581870.00  2296300.00  20.764646  105.786506  -20.0972  -27.0435
   647  4524  6905  575090.00  2296090.00  20.763035  105.721367  -18.7470  -21.3032
   648  3882  6917  568670.00  2295970.00  20.762198  105.659691  -21.5697  -24.0555
   649  3876  6917  568610.00  2295970.00  20.762201  105.659114  -10.8879  -17.1154
   650  3990  6944  569750.00  2295700.00  20.759719  105.670054  -11.0505  -20.7434
   651  6117  6950  591020.00  2295640.00  20.758259  105.874366  -14.7814  -28.8121
   652  5187  6965  581720.00  2295490.00  20.757335  105.785027   -8.5953  -15.4526
   653  4560  6974  575450.00  2295400.00  20.756786  105.724795  -14.1788  -19.6443
   654  5187  6977  581720.00  2295370.00  20.756250  105.785021  -15.3421  -19.0173
   655  5619  6989  586040.00  2295250.00  20.754972  105.826511  -19.6964  -20.9777
   656  6078  6992  590630.00  2295220.00  20.754483  105.870598  -13.0030  -22.8264
   657  6267  6995  592520.00  2295190.00  20.754119  105.888750  -10.7974  -13.9699
   658  5601  6995  585860.00  2295190.00  20.754438  105.824779  -18.2499  -24.2878
   659  6195  7013  591800.00  2295010.00  20.752528  105.881825  -12.0626  -27.3321
   660  5412  7022  583970.00  2294920.00  20.752085  105.806612  -19.5037  -19.6619
   661  4014  7037  569990.00  2294770.00  20.751307  105.672323  -17.6103  -23.3960
   662  5316  7040  583010.00  2294740.00  20.750501  105.797383  -12.6744  -21.4934
   663  3984  7046  569690.00  2294680.00  20.750505  105.669438  -22.3160  -23.0849
   664  6996  7073  599810.00  2294410.00  20.746696  105.958727  -14.3446  -19.0254
   665  7032  7076  600170.00  2294380.00  20.746405  105.962183  -20.4619  -24.0109
   666  5460  7088  584450.00  2294260.00  20.746100  105.811191  -10.8432  -15.8558
   667  4068  7094  570530.00  2294200.00  20.746137  105.677487  -19.3190  -24.7157
   668  5610  7109  585950.00  2294050.00  20.744134  105.825588   -9.7981  -18.8022
   669  5619  7112  586040.00  2294020.00  20.743859  105.826451  -11.3573  -15.8348
   670  6864  7133  598490.00  2293810.00  20.741345  105.946015   -8.3000  -17.1621
   671  5595  7133  585800.00  2293810.00  20.741972  105.824136   -6.4178  -18.7264
   672  4977  7136  579620.00  2293780.00  20.741976  105.764778  -22.0951  -24.3406
   673  7017  7142  600020.00  2293720.00  20.740451  105.960705  -22.4938  -26.2917
   674  5607  7157  585920.00  2293570.00  20.739798  105.825276  -21.0190  -23.3307
   675  5826  7178  588110.00  2293360.00  20.737799  105.846299  -20.1627  -29.1005
   676  4614  7196  575990.00  2293180.00  20.736706  105.729886  -19.8983  -24.7700
   677  4197  7202  571820.00  2293120.00  20.736329  105.689833  -11.2702  -17.5259
   678  5904  7250  588890.00  2292640.00  20.731257  105.853754  -16.7879  -23.6586
   679  5541  7262  585260.00  2292520.00  20.730342  105.818886  -12.1901  -20.7194
   680  6003  7289  589880.00  2292250.00  20.727686  105.863242  -16.6829  -25.0387
   681  7032  7313  600170.00  2292010.00  20.724993  105.962047  -20.0828  -29.7091
   682  6300  7328  592850.00  2291860.00  20.724017  105.891744  -10.4303  -24.9404
   683  5622  7355  586070.00  2291590.00  20.721902  105.826620  -13.1535  -18.4765
   684  4632  7355  576170.00  2291590.00  20.722333  105.731546  -11.3891  -15.1637
   685  6405  7358  593900.00  2291560.00  20.721254  105.901811  -11.6912  -16.9071
   686  4068  7361  570530.00  2291530.00  20.722012  105.677379  -18.2071  -23.3578
   687  4989  7364  579740.00  2291500.00  20.721370  105.765826  -19.5289  -26.7799
   688  5883  7373  588680.00  2291410.00  20.720154  105.851675  -13.6199  -15.3045
   689  5658  7388  586430.00  2291260.00  20.718904  105.830061  -21.0227  -25.9568
   690  5931  7394  589160.00  2291200.00  20.718234  105.856274  -15.2515  -26.0595
   691  6162  7397  591470.00  2291170.00  20.717851  105.878455  -16.5860  -21.3225
   692  5520  7415  585050.00  2290990.00  20.716528  105.816795  -21.0135  -26.6964
   693  4950  7430  579350.00  2290840.00  20.715424  105.762051  -19.4338  -23.3120
   694  5343  7448  583280.00  2290660.00  20.713626  105.799783  -10.5027  -17.4829
   695  5496  7454  584810.00  2290600.00  20.713015  105.814472  -11.4125  -16.7015
   696  5376  7478  583610.00  2290360.00  20.710901  105.802937  -14.7478  -21.7549
   697  6342  7481  593270.00  2290330.00  20.710172  105.895696  -16.8018  -23.5476
   698  4251  7493  572360.00  2290210.00  20.710016  105.694900  -19.6249  -22.5466
   700  6444  7505  594290.00  2290090.00  20.707953  105.905478   -6.3876  -19.2485
   701  6354  7511  593390.00  2290030.00  20.707456  105.896832  -13.5639  -21.5495
   702  4356  7517  573410.00  2289970.00  20.707806  105.704973   -5.4462  -18.8594
   703  4227  7520  572120.00  2289940.00  20.707585  105.692584  -21.8774  -26.4422
   704  5733  7535  587180.00  2289790.00  20.705588  105.837190  -18.3004  -33.7610
   705  5733  7556  587180.00  2289580.00  20.703690  105.837180  -22.7526  -28.6810
   706  6414  7571  593990.00  2289430.00  20.702005  105.902562  -16.2338  -21.3862
   707  5607  7580  585920.00  2289340.00  20.701580  105.825069  -13.6187  -25.6114
   708  5646  7586  586310.00  2289280.00  20.701020  105.828811   -7.6575  -15.9077
   709  4254  7589  572390.00  2289250.00  20.701341  105.695148  -25.3907  -24.4628
   710  4242  7595  572270.00  2289190.00  20.700803  105.693993  -20.9683  -24.4724
   711  5562  7613  585470.00  2289010.00  20.698620  105.820732   -8.9649  -18.0430
   712  5256  7628  582410.00  2288860.00  20.697402  105.791344  -12.0698  -25.2428
   713  5574  7634  585590.00  2288800.00  20.696717  105.821874  -21.9029  -25.9247
   714  4140  7733  571250.00  2287810.00  20.688374  105.684143  -11.2344  -23.3014
   715  6588  7742  595730.00  2287720.00  20.686467  105.919176  -19.0632  -35.0749
   716  5868  7748  588530.00  2287660.00  20.686280  105.850046  -16.8880  -22.4291
   717  6837  7763  598220.00  2287510.00  20.684441  105.943070   -8.0558  -14.1665
   718  5490  7766  584750.00  2287480.00  20.684829  105.813745  -20.7647  -18.3514
   719  5649  7769  586340.00  2287450.00  20.684485  105.829009  -19.6760  -24.4823
   720  6255  7781  592400.00  2287330.00  20.683111  105.887184  -14.8294  -25.2387
   721  5643  7844  586280.00  2286700.00  20.677711  105.828397  -13.1135  -21.8672
   722  5070  7844  580550.00  2286700.00  20.677967  105.773385   -8.2758  -22.6789
   723  6978  7847  599630.00  2286670.00  20.676777  105.956559  -12.9590  -20.5242
   724  5565  7847  585500.00  2286670.00  20.677476  105.820907  -10.4699  -17.2328
   725  4107  7922  570920.00  2285920.00  20.671309  105.680899   -9.5582  -17.9821
   726  5868  7958  588530.00  2285560.00  20.667306  105.849940  -18.7583  -27.5556
   727  6189  7994  591740.00  2285200.00  20.663899  105.880737  -18.0051  -21.4773
   728  4224  8024  572090.00  2284900.00  20.662049  105.692089   -9.0409  -17.6525
   729  5163  8045  581480.00  2284690.00  20.659766  105.782221  -12.5473  -18.3986
   730  4680  8057  576650.00  2284570.00  20.658886  105.735850   -4.4845  -14.9166
   731  5151  8129  581360.00  2283850.00  20.652182  105.781030  -18.9293  -26.1447
   732  5625  8129  586100.00  2283850.00  20.651970  105.826529  -17.8788  -21.6784
   733  4827  8138  578120.00  2283760.00  20.651506  105.749925  -13.8474  -22.3430
   734  6072  8141  590570.00  2283730.00  20.650675  105.869430  -11.8119  -19.0833
   735  4308  8141  572930.00  2283730.00  20.651445  105.700105  -26.8108  -28.9479
   736  4437  8162  574220.00  2283520.00  20.649497  105.712479  -19.4042  -25.6514
   737  4125  8195  571100.00  2283190.00  20.646636  105.682516  -19.0154  -25.4323
   738  5469  8240  584540.00  2282740.00  20.642012  105.811502  -19.1590  -25.9514
   739  4257  8285  572420.00  2282290.00  20.638454  105.695150  -14.6914  -20.0702
   740  4308  8285  572930.00  2282290.00  20.638434  105.700045  -11.4849  -19.4684
   741  4392  8297  573770.00  2282170.00  20.637317  105.708103  -17.3470  -22.6241
   742  4422  8321  574070.00  2281930.00  20.635136  105.710972  -21.9038  -24.6976
   743  4425  8336  574100.00  2281780.00  20.633780  105.711254  -22.6217  -25.4552
   744  4977  8342  579620.00  2281720.00  20.633011  105.764232  -13.3416  -17.8626
   745  4410  8342  573950.00  2281720.00  20.633244  105.709812  -18.5999  -24.7760
   746  4446  8351  574310.00  2281630.00  20.632416  105.713263  -12.1315  -15.4020
   747  4446  8360  574310.00  2281540.00  20.631603  105.713259  -18.4647  -23.6183
   748  4503  8387  574880.00  2281270.00  20.629141  105.718719  -18.6215  -23.6461
   749  4170  8465  571550.00  2280490.00  20.622223  105.686726  -12.9808  -15.5371
   750  4419  8519  574040.00  2279950.00  20.617248  105.710601  -13.8046  -21.4372
   751  4380  8570  573650.00  2279440.00  20.612655  105.706837  -11.1664  -19.1194
   753  4506  8639  574910.00  2278750.00  20.606371  105.718900  -12.2498  -17.0041
   754  4533  8642  575180.00  2278720.00  20.606089  105.721489  -13.0662  -17.2908
   755  5304  8720  582890.00  2277940.00  20.598717  105.795439  -19.3345  -20.7289
   756  5061  8747  580460.00  2277670.00  20.596383  105.772109  -13.2695  -19.4573
   757  5097  8768  580820.00  2277460.00  20.594470  105.775554  -20.7598  -25.1097
   758  5097  8972  580820.00  2275420.00  20.576038  105.775461   -8.3003  -16.0997
