; ENVI Output of ROIs (5.2) [Wed Nov 27 00:59:40 2019]
; Number of ROIs: 1
; File Dimension: 7647 x 9116
;
; ROI name: EVF: Layer: water.shp
; ROI rgb value: {255, 255, 255}
; ROI npts: 773
;   ID     X     Y      Map X       Map Y        Lat         Lon        B1        B2
     1  5478   518  584630.00  2359960.00  21.339670  105.816148  -17.8469  -21.4613
     2  5703   593  586880.00  2359210.00  21.332788  105.837806  -21.0207  -29.7833
     3  4971   827  579560.00  2356870.00  21.311984  105.767112  -11.6268  -18.6534
     4  5958   887  589430.00  2356270.00  21.306103  105.862239   -5.6489  -14.8776
     5  6408   935  593930.00  2355790.00  21.301538  105.905595  -14.0940  -18.7877
     7  1161   959  541460.00  2355550.00  21.301332  105.399732  -24.2407  -22.9538
     9  1167   962  541520.00  2355520.00  21.301060  105.400310  -23.8097  -26.6882
    10  1137   968  541220.00  2355460.00  21.300524  105.397416  -17.1669  -32.5973
    11  1170   968  541550.00  2355460.00  21.300517  105.400598  -20.9923  -24.2857
    12  1029   971  540140.00  2355430.00  21.300277  105.387003  -24.4835  -26.4717
    13  1143   971  541280.00  2355430.00  21.300252  105.397994  -14.1869  -30.9171
    14  1083   971  540680.00  2355430.00  21.300265  105.392209  -21.0779  -34.0028
    15  1113   983  540980.00  2355310.00  21.299174  105.395099  -12.6888  -26.7166
    16  1164   986  541490.00  2355280.00  21.298892  105.400015  -22.6156  -29.1715
    17  1185   986  541700.00  2355280.00  21.298887  105.402040  -18.0657  -27.4147
    18  1191   989  541760.00  2355250.00  21.298615  105.402617  -17.1959  -19.3597
    19  1173   989  541580.00  2355250.00  21.298619  105.400882  -16.3145  -19.3825
    20  1167   989  541520.00  2355250.00  21.298620  105.400303  -24.0053  -25.9568
    21  1143   992  541280.00  2355220.00  21.298354  105.397989  -22.6805  -37.8008
    22  1182   992  541670.00  2355220.00  21.298346  105.401749  -16.1955  -23.6875
    23  1173   992  541580.00  2355220.00  21.298348  105.400881  -15.1026  -24.5985
    24  1197   995  541820.00  2355190.00  21.298071  105.403194  -17.9070  -25.8596
    25  1203   995  541880.00  2355190.00  21.298070  105.403773  -19.3320  -22.5090
    28  1149   998  541340.00  2355160.00  21.297811  105.398566  -21.1066  -29.6015
    29  1218  1004  542030.00  2355100.00  21.297253  105.405217  -15.1717  -25.9912
    33  1170  1004  541550.00  2355100.00  21.297264  105.400589  -20.0771  -40.1697
    34  1212  1007  541970.00  2355070.00  21.296983  105.404637   -9.0096  -18.1300
    35  1164  1007  541490.00  2355070.00  21.296994  105.400010  -20.7224  -47.4353
    37  1188  1010  541730.00  2355040.00  21.296718  105.402323   -9.8276  -17.3946
    38  1185  1013  541700.00  2355010.00  21.296447  105.402033  -14.5329  -22.2411
    40  1155  1013  541400.00  2355010.00  21.296454  105.399141  -19.1155  -34.1743
    41  6558  1016  595430.00  2354980.00  21.294142  105.920010  -10.0169  -16.9924
    42  1206  1016  541910.00  2354980.00  21.296172  105.404057  -12.0064  -13.9425
    44  1203  1019  541880.00  2354950.00  21.295901  105.403767  -11.9525  -17.6835
    45  1188  1019  541730.00  2354950.00  21.295905  105.402321  -13.2788  -17.2384
    47  1224  1025  542090.00  2354890.00  21.295354  105.405790  -10.8219  -20.6107
    48  1215  1025  542000.00  2354890.00  21.295356  105.404922  -10.7971  -15.2635
    49  1221  1028  542060.00  2354860.00  21.295084  105.405500  -13.1924  -20.5231
    50   987  1028  539720.00  2354860.00  21.295137  105.382940  -16.0984  -30.0873
    52  1191  1028  541760.00  2354860.00  21.295091  105.402608  -22.1191  -28.3837
    53  1224  1031  542090.00  2354830.00  21.294812  105.405788  -12.0019  -22.8435
    54  1251  1031  542360.00  2354830.00  21.294806  105.408391  -17.9007  -31.2031
    55  1191  1034  541760.00  2354800.00  21.294549  105.402606  -18.2824  -24.9233
    56   987  1034  539720.00  2354800.00  21.294595  105.382939  -23.8766  -25.9221
    59  1179  1040  541640.00  2354740.00  21.294009  105.401448  -16.4361  -25.3943
    60  1200  1040  541850.00  2354740.00  21.294005  105.403472  -16.4333  -28.1418
    61  1140  1043  541250.00  2354710.00  21.293747  105.397687  -28.3830  -30.7043
    62  1179  1046  541640.00  2354680.00  21.293467  105.401446  -19.4122  -33.6571
    63  1212  1049  541970.00  2354650.00  21.293189  105.404627  -18.9570  -27.4542
    64  1197  1049  541820.00  2354650.00  21.293192  105.403181  -22.0303  -23.3252
    65  1173  1052  541580.00  2354620.00  21.292927  105.400866  -23.7871  -23.3429
    67  1167  1061  541520.00  2354530.00  21.292115  105.400286  -20.2906  -33.0680
    68  1170  1061  541550.00  2354530.00  21.292114  105.400575  -21.7582  -27.2430
    70   960  1067  539450.00  2354470.00  21.291619  105.380328  -19.7997  -26.4963
    71   966  1070  539510.00  2354440.00  21.291347  105.380906  -27.9060  -27.7844
    96  1362  1124  543470.00  2353900.00  21.286377  105.419069  -24.8346  -23.3070
    97  1353  1130  543380.00  2353840.00  21.285837  105.418200  -19.5390  -31.8277
   102  1260  1148  542450.00  2353660.00  21.284233  105.409230  -16.7626  -20.2711
   112  1437  1214  544220.00  2353000.00  21.278227  105.426276  -21.2920  -29.8154
   118  1476  1247  544610.00  2352670.00  21.275236  105.430026  -23.8914  -24.7075
   122  1491  1262  544760.00  2352520.00  21.273877  105.431468  -18.3267  -27.6198
   123   906  1295  538910.00  2352190.00  21.271030  105.375070  -17.9230  -16.8012
   124   891  1313  538760.00  2352010.00  21.269407  105.373620  -15.2213  -20.7240
   125   987  1343  539720.00  2351710.00  21.266676  105.382867   -9.3259  -23.2510
   126  1146  1373  541310.00  2351410.00  21.263930  105.398185  -12.6163  -21.4231
   127  1572  1376  545570.00  2351380.00  21.263557  105.439246  -11.5215  -22.4565
   128  5589  1382  585740.00  2351320.00  21.261561  105.826415  -22.3028  -24.0758
   129  1089  1391  540740.00  2351230.00  21.262316  105.392687  -15.6521  -25.6809
   130  1095  1400  540800.00  2351140.00  21.261502  105.393263  -17.8644  -22.8553
   131  1596  1433  545810.00  2350810.00  21.258401  105.441544  -15.0472  -28.2269
   132   720  1442  537050.00  2350720.00  21.257788  105.357109  -22.7336  -27.9284
   133  1227  1442  542120.00  2350720.00  21.257677  105.405976   -9.7824  -21.5876
   134  1596  1442  545810.00  2350720.00  21.257588  105.441541  -15.1773  -34.1423
   135  1599  1451  545840.00  2350630.00  21.256774  105.441828  -12.7224  -30.5725
   136  1599  1463  545840.00  2350510.00  21.255690  105.441825   -8.5716  -22.4696
   137  1602  1466  545870.00  2350480.00  21.255418  105.442113  -16.5183  -22.9858
   138  5583  1475  585680.00  2350390.00  21.253162  105.825790  -17.1221  -23.5532
   139  6591  1505  595760.00  2350090.00  21.249948  105.922916  -18.1614  -25.9310
   140  5991  1505  589760.00  2350090.00  21.250254  105.865094  -12.8646  -22.1851
   141  6006  1520  589910.00  2349940.00  21.248892  105.866532  -19.8861  -27.2107
   142  1191  1544  541760.00  2349700.00  21.248470  105.402481  -10.8412  -16.8403
   143  1218  1544  542030.00  2349700.00  21.248463  105.405083   -7.4461  -15.0753
   144   996  1568  539810.00  2349460.00  21.246345  105.383682  -19.3196  -25.1524
   145  6060  1574  590450.00  2349400.00  21.243986  105.871707   -5.1679  -14.7640
   147  1584  1583  545690.00  2349310.00  21.244851  105.440347  -20.2772  -27.1076
   148  1575  1586  545600.00  2349280.00  21.244582  105.439479  -16.7973  -26.5125
   149  1572  1592  545570.00  2349220.00  21.244041  105.439188  -18.7702  -27.9611
   150  6048  1595  590330.00  2349190.00  21.242095  105.870539   -6.9682  -14.9665
   151  1575  1598  545600.00  2349160.00  21.243498  105.439475  -18.1722  -37.4616
   152  1584  1604  545690.00  2349100.00  21.242954  105.440341  -14.7390  -23.7497
   153  1581  1607  545660.00  2349070.00  21.242683  105.440051  -23.0163  -26.3982
   154  1581  1625  545660.00  2348890.00  21.241057  105.440046  -25.0095  -26.5482
   155  1563  1628  545480.00  2348860.00  21.240791  105.438311  -18.8816  -25.0886
   156  1578  1631  545630.00  2348830.00  21.240516  105.439756  -18.5311  -27.8197
   157  1563  1631  545480.00  2348830.00  21.240520  105.438310  -16.7357  -31.6756
   158  1572  1631  545570.00  2348830.00  21.240517  105.439177  -22.6322  -24.0672
   159  1557  1631  545420.00  2348830.00  21.240521  105.437732  -16.8908  -27.2050
   160  6486  1634  594710.00  2348800.00  21.238349  105.912725  -20.4372  -29.8205
   161  1569  1640  545540.00  2348740.00  21.239705  105.438886  -17.7957  -38.3865
   162  1557  1643  545420.00  2348710.00  21.239437  105.437729  -20.5608  -22.9211
   163  1563  1643  545480.00  2348710.00  21.239435  105.438307  -21.1704  -32.5579
   164  1563  1652  545480.00  2348620.00  21.238622  105.438304  -17.5566  -27.3296
   165  1572  1652  545570.00  2348620.00  21.238620  105.439172  -22.2464  -26.1664
   167  1557  1667  545420.00  2348470.00  21.237268  105.437722  -18.8792  -30.2692
   168  1569  1667  545540.00  2348470.00  21.237265  105.438879  -16.2698  -25.3374
   169  1560  1673  545450.00  2348410.00  21.236726  105.438010  -17.7792  -37.5797
   170  5553  1673  585380.00  2348410.00  21.235288  105.822799  -12.5104  -21.1658
   171  1560  1679  545450.00  2348350.00  21.236183  105.438008  -15.7307  -29.5460
   172  1551  1679  545360.00  2348350.00  21.236186  105.437141  -21.2006  -31.8843
   173  1542  1682  545270.00  2348320.00  21.235917  105.436273  -14.4937  -26.7957
   174  1554  1685  545390.00  2348290.00  21.235643  105.437428  -19.5085  -25.7665
   176  1566  1694  545510.00  2348200.00  21.234827  105.438582  -18.8298  -23.2564
   177  1542  1700  545270.00  2348140.00  21.234291  105.436268  -18.6561  -27.2291
   178  1569  1700  545540.00  2348140.00  21.234284  105.438870  -21.8368  -25.5141
   180  1578  1718  545630.00  2347960.00  21.232655  105.439732   -9.6829  -27.9771
   181  1569  1724  545540.00  2347900.00  21.232115  105.438863   -6.6322  -22.7660
   182  1581  1736  545660.00  2347780.00  21.231028  105.440017  -11.1586  -25.5690
   183  1569  1736  545540.00  2347780.00  21.231031  105.438860   -8.6883  -20.4405
   184  1566  1739  545510.00  2347750.00  21.230761  105.438570  -20.7215  -28.2631
   185  1545  1745  545300.00  2347690.00  21.230224  105.436545  -20.1831  -24.4383
   186  1572  1748  545570.00  2347660.00  21.229946  105.439146   -9.5980  -27.9760
   187  1539  1748  545240.00  2347660.00  21.229954  105.435966  -19.9048  -25.1607
   188  1542  1754  545270.00  2347600.00  21.229412  105.436254  -15.8003  -23.8471
   189   648  1757  536330.00  2347570.00  21.229341  105.350102  -22.8314  -27.6778
   190  1539  1757  545240.00  2347570.00  21.229141  105.435964  -22.7793  -29.8008
   191  1560  1757  545450.00  2347570.00  21.229136  105.437987   -6.1784  -23.5092
   192  1533  1760  545180.00  2347540.00  21.228872  105.435385  -15.5298  -33.6111
   193  6312  1763  592970.00  2347510.00  21.226784  105.895888  -20.7512  -21.9361
   194  1563  1763  545480.00  2347510.00  21.228593  105.438275  -13.6282  -24.9638
   195  1536  1766  545210.00  2347480.00  21.228329  105.435672  -19.0552  -25.5125
   196  1545  1772  545300.00  2347420.00  21.227785  105.436538  -22.9208  -24.3173
   197  1578  1772  545630.00  2347420.00  21.227776  105.439718  -17.8373  -27.7744
   198   633  1778  536180.00  2347360.00  21.227447  105.348652  -17.4205  -26.6510
   199  5388  1781  583730.00  2347330.00  21.225607  105.806846  -12.6361  -17.5895
   200  1563  1784  545480.00  2347300.00  21.226696  105.438269  -18.2986  -29.7599
   202  1566  1793  545510.00  2347210.00  21.225882  105.438556  -17.3836  -19.4336
   203  1572  1796  545570.00  2347180.00  21.225609  105.439133  -18.5966  -30.1109
   204  1524  1802  545090.00  2347120.00  21.225079  105.434506  -13.3424  -28.2715
   205  1560  1808  545450.00  2347060.00  21.224528  105.437974  -20.0347  -21.1978
   206  1563  1808  545480.00  2347060.00  21.224527  105.438263  -20.6595  -29.9060
   207   678  1811  536630.00  2347030.00  21.224456  105.352982  -12.1527  -22.0635
   208  1560  1820  545450.00  2346940.00  21.223444  105.437971  -23.1195  -25.3779
   209  1497  1820  544820.00  2346940.00  21.223460  105.431900   -8.6962  -15.4309
   210  1491  1820  544760.00  2346940.00  21.223461  105.431322  -11.9075  -15.8096
   211  1563  1820  545480.00  2346940.00  21.223443  105.438260  -19.9861  -24.5135
   212  1557  1823  545420.00  2346910.00  21.223174  105.437681  -20.8219  -29.2032
   213  1485  1823  544700.00  2346910.00  21.223191  105.430743  -13.6264  -16.6734
   214  1494  1829  544790.00  2346850.00  21.222647  105.431608   -9.9941  -14.4341
   215  1566  1829  545510.00  2346850.00  21.222629  105.438546  -21.8308  -23.0398
   216  1560  1829  545450.00  2346850.00  21.222631  105.437968  -17.6968  -25.2105
   217  1503  1844  544880.00  2346700.00  21.221290  105.432472  -13.2216  -19.4793
   218  1488  1844  544730.00  2346700.00  21.221293  105.431026   -8.8425  -22.1587
   219  1482  1847  544670.00  2346670.00  21.221024  105.430447  -17.0828  -22.9443
   220  1506  1847  544910.00  2346670.00  21.221018  105.432760  -14.2712  -19.3305
   221  1503  1877  544880.00  2346370.00  21.218308  105.432463  -14.9825  -24.2499
   222  5877  1880  588620.00  2346340.00  21.216431  105.853913  -17.6059  -22.9882
   223  6393  1901  593780.00  2346130.00  21.214275  105.903617  -17.1208  -20.2712
   224  1395  1910  543800.00  2346040.00  21.215353  105.422048  -17.6389  -21.4509
   225  1623  1925  546080.00  2345890.00  21.213941  105.444013  -32.2797  -29.7233
   226  5568  1934  585530.00  2345800.00  21.211701  105.824114   -6.1406  -16.3178
   227   582  1952  535670.00  2345620.00  21.211736  105.343701   -9.2893  -17.6845
   228   594  1967  535790.00  2345470.00  21.210378  105.344854  -11.1632  -26.1033
   229   516  2042  535010.00  2344720.00  21.203617  105.337323  -17.3528  -36.0873
   230   498  2054  534830.00  2344600.00  21.202536  105.335587  -20.0484  -21.0857
   231  5976  2063  589610.00  2344510.00  21.199850  105.863355  -20.0773  -21.0551
   232  4239  2069  572240.00  2344450.00  21.200080  105.696010  -18.1183  -37.0303
   233  5151  2078  581360.00  2344360.00  21.198882  105.783868  -12.6129  -14.8599
   235  1683  2093  546680.00  2344210.00  21.198747  105.449748  -19.2582  -30.4371
   236  5952  2135  589370.00  2343790.00  21.193357  105.861005   -7.5128  -16.2690
   237  5982  2150  589670.00  2343640.00  21.191987  105.863887  -10.0751  -15.2249
   238  5850  2162  588350.00  2343520.00  21.190967  105.851165  -16.1842  -19.4390
   239  1788  2165  547730.00  2343490.00  21.192214  105.459844  -11.9256  -22.8429
   241  5571  2201  585560.00  2343130.00  21.187577  105.824269  -10.1439  -17.4481
   242  3885  2237  568700.00  2342770.00  21.185039  105.661838   -9.0195  -13.0074
   243  1827  2249  548120.00  2342650.00  21.184614  105.463578  -24.5538  -27.8738
   244  1845  2276  548300.00  2342380.00  21.182170  105.465304  -21.5843  -24.9502
   245   420  2327  534050.00  2341870.00  21.177884  105.328017  -22.4079  -28.1026
   246  3414  2366  563990.00  2341480.00  21.173555  105.616416  -25.1895  -46.5742
   247  3411  2366  563960.00  2341480.00  21.173556  105.616127  -21.0426  -25.2932
   248  3399  2369  563840.00  2341450.00  21.173289  105.614970  -22.5683  -29.3763
   249  3417  2369  564020.00  2341450.00  21.173283  105.616704  -21.5741  -29.6461
   250  3381  2369  563660.00  2341450.00  21.173296  105.613237  -21.5936  -28.9627
   251  3372  2372  563570.00  2341420.00  21.173028  105.612369  -21.1688  -38.3909
   252  3384  2372  563690.00  2341420.00  21.173024  105.613524  -19.5050  -32.5453
   253  3426  2375  564110.00  2341390.00  21.172738  105.617569  -24.1026  -25.6324
   254  3417  2375  564020.00  2341390.00  21.172741  105.616702  -23.9681  -31.7042
   255  3402  2375  563870.00  2341390.00  21.172746  105.615257  -21.3687  -22.4978
   256  3378  2378  563630.00  2341360.00  21.172484  105.612944  -20.9661  -26.2780
   257  4473  2381  574580.00  2341330.00  21.171797  105.718418  -10.3812  -17.4981
   258  3420  2381  564050.00  2341330.00  21.172198  105.616989  -22.0838  -27.3563
   259  3489  2381  564740.00  2341330.00  21.172174  105.623635  -22.2453  -23.5522
   260  3411  2384  563960.00  2341300.00  21.171930  105.616121  -25.4789  -29.1708
   261  3423  2384  564080.00  2341300.00  21.171926  105.617277  -25.1981  -24.3265
   262  3441  2387  564260.00  2341270.00  21.171648  105.619009  -22.0304  -22.8707
   263  1923  2387  549080.00  2341270.00  21.172120  105.472786  -18.0380  -29.4490
   264  3390  2387  563750.00  2341270.00  21.171666  105.614097  -16.3799  -32.0143
   265  3420  2393  564050.00  2341210.00  21.171114  105.616984  -21.6296  -25.2836
   266  3378  2393  563630.00  2341210.00  21.171128  105.612939  -13.3603  -20.8519
   267  3387  2396  563720.00  2341180.00  21.170854  105.613804  -19.6037  -26.0655
   268  3426  2396  564110.00  2341180.00  21.170841  105.617561  -21.7550  -31.3353
   269  3390  2399  563750.00  2341150.00  21.170582  105.614092  -17.9564  -25.4170
   270  3393  2399  563780.00  2341150.00  21.170581  105.614381  -17.1119  -24.1932
   271  3327  2399  563120.00  2341150.00  21.170604  105.608024  -18.8371  -30.1762
   272   405  2399  533900.00  2341150.00  21.171382  105.326558  -14.9871  -16.1719
   273  3381  2399  563660.00  2341150.00  21.170585  105.613225  -12.3825  -20.9534
   274  3327  2402  563120.00  2341120.00  21.170333  105.608023  -19.7596  -30.8763
   275  3339  2402  563240.00  2341120.00  21.170329  105.609179  -14.6965  -23.8611
   276    30  2408  530150.00  2341060.00  21.170634  105.290433  -22.0796  -25.8233
   277  3336  2408  563210.00  2341060.00  21.169788  105.608887  -25.1241  -25.0395
   278  3360  2408  563450.00  2341060.00  21.169779  105.611199  -23.1101  -31.8934
   279  4461  2411  574460.00  2341030.00  21.169092  105.717249  -17.7385  -17.8279
   280  3318  2411  563030.00  2341030.00  21.169523  105.607153  -19.5053  -35.7842
   281  3327  2414  563120.00  2341000.00  21.169249  105.608018  -22.3819  -27.5363
   282  3351  2417  563360.00  2340970.00  21.168969  105.610329  -21.4063  -22.2198
   283  3516  2420  565010.00  2340940.00  21.168640  105.626221  -20.3372  -30.9196
   284  3315  2426  563000.00  2340880.00  21.168169  105.606858  -18.0055  -24.6989
   285  3354  2429  563390.00  2340850.00  21.167884  105.610614  -25.6351  -24.5965
   286   771  2438  537560.00  2340760.00  21.167786  105.361805   -7.7977  -15.5043
   287   570  2447  535550.00  2340670.00  21.167013  105.342442  -19.3128  -26.4138
   288  3192  2447  561770.00  2340670.00  21.166313  105.595003  -25.4133  -37.1917
   289  1263  2471  542480.00  2340430.00  21.164697  105.409189  -10.6508  -16.4378
   290  2037  2474  550220.00  2340400.00  21.164229  105.483742  -21.1491  -31.3593
   291  1503  2474  544880.00  2340400.00  21.164368  105.432306   -9.5818  -21.3876
   292  3141  2474  561260.00  2340400.00  21.163891  105.590081  -15.3546  -19.0390
   293  3648  2474  566330.00  2340400.00  21.163714  105.638915  -20.4806  -25.9437
   294  3096  2483  560810.00  2340310.00  21.163093  105.585743  -12.9443  -21.3225
   295  3123  2483  561080.00  2340310.00  21.163084  105.588344  -14.6146  -17.2922
   296  3135  2483  561200.00  2340310.00  21.163080  105.589500  -18.8975  -23.9680
   297  3102  2486  560870.00  2340280.00  21.162820  105.586320  -16.4280  -22.6579
   298  3087  2486  560720.00  2340280.00  21.162825  105.584875  -11.1013  -17.4266
   299  3123  2486  561080.00  2340280.00  21.162813  105.588343  -21.3927  -25.5377
   300  3138  2486  561230.00  2340280.00  21.162808  105.589787  -18.8169  -22.9336
   301  3141  2492  561260.00  2340220.00  21.162265  105.590074  -17.2669  -24.9287
   302  3147  2492  561320.00  2340220.00  21.162263  105.590652  -21.4269  -23.8050
   303  3090  2495  560750.00  2340190.00  21.162011  105.585161  -12.3320  -31.4600
   304  3165  2501  561500.00  2340130.00  21.161444  105.592383  -21.8054  -24.2719
   305  3138  2501  561230.00  2340130.00  21.161453  105.589782  -16.2140  -27.8969
   306  3159  2504  561440.00  2340100.00  21.161175  105.591804  -18.1085  -31.7036
   307   993  2504  539780.00  2340100.00  21.161776  105.383174  -18.5980  -24.0193
   308  3162  2504  561470.00  2340100.00  21.161174  105.592093  -22.2873  -26.5960
   309  3123  2504  561080.00  2340100.00  21.161187  105.588336  -19.1778  -28.5253
   310  3099  2504  560840.00  2340100.00  21.161195  105.586025  -18.6379  -22.4880
   311  3171  2507  561560.00  2340070.00  21.160900  105.592958  -16.3165  -24.6582
   312  3120  2507  561050.00  2340070.00  21.160917  105.588046  -17.5650  -25.7402
   313  3189  2507  561740.00  2340070.00  21.160894  105.594692  -14.0886  -21.3905
   314  3105  2507  560900.00  2340070.00  21.160922  105.586601  -17.6187  -27.1866
   315  3120  2510  561050.00  2340040.00  21.160646  105.588045  -20.0407  -24.8126
   316  3198  2513  561830.00  2340010.00  21.160348  105.595557  -18.1909  -21.9516
   317  3180  2513  561650.00  2340010.00  21.160354  105.593823  -13.9165  -31.7777
   318  3114  2516  560990.00  2339980.00  21.160106  105.587465  -17.6290  -28.9339
   319  3111  2516  560960.00  2339980.00  21.160107  105.587176  -19.1193  -25.2552
   320  3132  2519  561170.00  2339950.00  21.159829  105.589198  -24.2376  -42.1306
   321  3093  2519  560780.00  2339950.00  21.159842  105.585441  -16.0524  -25.0162
   322  3180  2522  561650.00  2339920.00  21.159541  105.593820  -21.9402  -23.3926
   323  3684  2525  566690.00  2339890.00  21.159093  105.642362  -18.8972  -20.0571
   324  5784  2528  587690.00  2339860.00  21.157933  105.844620  -18.6731  -23.0853
   325  3072  2534  560570.00  2339800.00  21.158493  105.583413  -25.4854  -39.5228
   326  3849  2540  568340.00  2339740.00  21.157677  105.658248  -15.7513  -30.1900
   327  5286  2543  582710.00  2339710.00  21.156811  105.796649   -4.4381  -11.0534
   328   876  2555  538610.00  2339590.00  21.157193  105.371893  -18.1101  -24.4393
   329  3246  2555  562310.00  2339590.00  21.156537  105.600165   -9.8813  -29.6843
   330  3204  2564  561890.00  2339500.00  21.155738  105.596116  -17.8921  -23.2264
   331  2757  2570  557420.00  2339440.00  21.155343  105.553061  -22.3028  -29.9141
   332  2616  2579  556010.00  2339350.00  21.154573  105.539478  -21.9037  -23.6343
   333  2895  2582  558800.00  2339320.00  21.154214  105.566349  -19.1748  -25.6311
   334  2547  2585  555320.00  2339290.00  21.154052  105.532830  -18.1963  -25.5132
   335  5994  2588  589790.00  2339260.00  21.152410  105.864813  -11.2960  -12.9800
   336  1491  2594  544760.00  2339200.00  21.153529  105.431119  -23.3355  -26.9969
   337  5259  2594  582440.00  2339200.00  21.152215  105.794024   -9.1120  -12.5669
   338  1650  2597  546350.00  2339170.00  21.153218  105.446432  -15.8092  -24.0633
   339  2913  2600  558980.00  2339140.00  21.152582  105.568076  -21.7931  -25.4990
   340   870  2603  538550.00  2339110.00  21.152857  105.371304  -18.9192  -31.5851
   341   504  2609  534890.00  2339050.00  21.152389  105.336051  -19.0796  -21.7603
   342  1479  2612  544640.00  2339020.00  21.151905  105.429958  -14.7570  -21.8362
   343  3720  2618  567050.00  2338960.00  21.150677  105.645793  -22.3168  -28.7900
   344  2892  2630  558770.00  2338840.00  21.149879  105.566043  -15.1085  -26.7027
   345   357  2654  533420.00  2338600.00  21.148350  105.321884  -17.4750  -37.3446
   346  5364  2654  583490.00  2338600.00  21.146747  105.804107  -23.7558  -22.6793
   347  3774  2669  567590.00  2338450.00  21.146050  105.650974  -19.8914  -28.0658
   348  3750  2687  567350.00  2338270.00  21.144432  105.648655  -16.0756  -23.4584
   349  3762  2696  567470.00  2338180.00  21.143615  105.649808  -19.1858  -23.8865
   350  2181  2699  551660.00  2338150.00  21.143859  105.497545   -9.2006  -12.3568
   351  4425  2699  574100.00  2338150.00  21.143086  105.713657  -19.0737  -25.6654
   352  1113  2705  540980.00  2338090.00  21.143588  105.394685  -19.5229  -27.3894
   353  3759  2711  567440.00  2338030.00  21.142260  105.649513  -15.4910  -18.4397
   354  4320  2723  573050.00  2337910.00  21.140960  105.703534  -22.7841  -27.9803
   355  4239  2726  572240.00  2337880.00  21.140722  105.695733  -19.2737  -27.4879
   356  1200  2729  541850.00  2337850.00  21.141400  105.403058   -6.4917  -14.3622
   357  4146  2735  571310.00  2337790.00  21.139945  105.686773  -22.6987  -27.7310
   358  4395  2735  573800.00  2337790.00  21.139846  105.710752  -31.3422  -21.6268
   359  4407  2738  573920.00  2337760.00  21.139570  105.711906  -17.3981  -21.9074
   360  3852  2738  568370.00  2337760.00  21.139786  105.658458  -21.3696  -27.5787
   361  4188  2741  571730.00  2337730.00  21.139386  105.690815  -20.8849  -27.0787
   362  4419  2741  574040.00  2337730.00  21.139294  105.713061  -22.9327  -22.2621
   363  3855  2744  568400.00  2337700.00  21.139243  105.658745  -17.1425  -29.0808
   364  4227  2750  572120.00  2337640.00  21.138558  105.694567  -17.7956  -23.6618
   365  4170  2750  571550.00  2337640.00  21.138580  105.689078  -18.7888  -23.4979
   366  3864  2750  568490.00  2337640.00  21.138698  105.659609  -17.8683  -23.1155
   367  1083  2750  540680.00  2337640.00  21.139529  105.391785   -9.9201  -15.8449
   368  4389  2753  573740.00  2337610.00  21.138222  105.710166  -22.3215  -28.3331
   369  4404  2753  573890.00  2337610.00  21.138216  105.711611  -24.7205  -22.2129
   370  4407  2753  573920.00  2337610.00  21.138215  105.711900  -22.1708  -19.1192
   371  4425  2753  574100.00  2337610.00  21.138208  105.713633  -16.6412  -21.7329
   372  4431  2753  574160.00  2337610.00  21.138205  105.714211  -18.7437  -22.9332
   373  3792  2759  567770.00  2337550.00  21.137911  105.652672  -18.3236  -23.7540
   374  4284  2762  572690.00  2337520.00  21.137451  105.700051  -29.8990  -29.3306
   375  3885  2765  568700.00  2337490.00  21.137335  105.661626  -19.8887  -24.9278
   376  4389  2765  573740.00  2337490.00  21.137138  105.710161  -18.1450  -21.3059
   377  4425  2768  574100.00  2337460.00  21.136852  105.713627  -15.4985  -26.0540
   378  3819  2768  568040.00  2337460.00  21.137088  105.655268  -22.6670  -25.1222
   379   984  2771  539690.00  2337430.00  21.137654  105.382245  -22.8548  -32.3804
   380  4413  2771  573980.00  2337430.00  21.136586  105.712470  -20.2709  -30.2789
   381  4056  2771  570410.00  2337430.00  21.136727  105.678091  -19.7105  -27.0664
   382  4641  2771  576260.00  2337430.00  21.136492  105.734426  -20.7394  -27.2582
   383  4440  2774  574250.00  2337400.00  21.136304  105.715069  -21.2860  -26.8875
   384  4389  2777  573740.00  2337370.00  21.136054  105.710156  -16.1967  -32.5470
   385  4431  2777  574160.00  2337370.00  21.136037  105.714201  -22.8795  -22.6146
   386  4389  2780  573740.00  2337340.00  21.135783  105.710155  -21.2422  -27.7564
   387  4434  2780  574190.00  2337340.00  21.135765  105.714488  -19.5828  -24.4176
   388  4446  2780  574310.00  2337340.00  21.135760  105.715644  -17.9481  -25.0517
   389  4449  2780  574340.00  2337340.00  21.135758  105.715933  -16.7916  -24.2020
   390  4434  2783  574190.00  2337310.00  21.135494  105.714487  -21.5637  -27.3381
   391  3843  2783  568280.00  2337310.00  21.135724  105.657574  -17.4859  -23.0715
   392  4383  2783  573680.00  2337310.00  21.135514  105.709576  -28.6412  -27.1597
   393  4401  2783  573860.00  2337310.00  21.135507  105.711309  -23.0901  -22.5990
   394  4434  2789  574190.00  2337250.00  21.134951  105.714484  -21.0569  -21.7509
   395  4449  2792  574340.00  2337220.00  21.134674  105.715928  -18.7322  -24.7860
   396  4425  2795  574100.00  2337190.00  21.134413  105.713615  -26.8619  -22.4521
   397   999  2798  539840.00  2337160.00  21.135211  105.383684  -20.2634  -26.6840
   398  4455  2798  574400.00  2337160.00  21.134130  105.716503  -19.9974  -26.0927
   399  4443  2804  574280.00  2337100.00  21.133593  105.715345  -21.1834  -26.5552
   400  4410  2807  573950.00  2337070.00  21.133335  105.712165  -23.8754  -24.4663
   401  4416  2807  574010.00  2337070.00  21.133332  105.712743  -27.2220  -29.2367
   402  4422  2807  574070.00  2337070.00  21.133330  105.713321  -23.9977  -22.2707
   403  4437  2810  574220.00  2337040.00  21.133053  105.714764  -20.0633  -26.7123
   404  1656  2819  546410.00  2336950.00  21.133158  105.446950   -5.9757  -16.0440
   405  2685  2822  556700.00  2336920.00  21.132597  105.546043  -20.1569  -25.0433
   406  4422  2822  574070.00  2336920.00  21.131975  105.713315  -19.5905  -29.3384
   407  2985  2825  559700.00  2336890.00  21.132230  105.574932  -11.5415  -15.6559
   408  4434  2825  574190.00  2336890.00  21.131699  105.714469  -20.3129  -24.1861
   409  1074  2837  540590.00  2336770.00  21.131670  105.390897  -22.5067  -23.8865
   410  4431  2846  574160.00  2336680.00  21.129803  105.714171  -16.8072  -23.9914
   411  3969  2846  569540.00  2336680.00  21.129985  105.669682  -17.3745  -22.4705
   412  1995  2852  549800.00  2336620.00  21.130087  105.479587  -22.2121  -23.2659
   413  4446  2861  574310.00  2336530.00  21.128442  105.715609  -19.8131  -37.3738
   414  4647  2876  576320.00  2336380.00  21.127003  105.734957  -16.6189  -22.2816
   415  2646  2879  556310.00  2336350.00  21.127459  105.542269  -13.6319  -21.4201
   416  4500  2879  574850.00  2336350.00  21.126793  105.720801  -20.0266  -33.4790
   417  4707  2888  576920.00  2336260.00  21.125894  105.740730  -15.8258  -19.8123
   418  4638  2900  576230.00  2336140.00  21.124839  105.734080   -9.9230  -19.5177
   419  4446  2936  574310.00  2335780.00  21.121665  105.715576  -15.5342  -20.0200
   420  3267  2966  562520.00  2335480.00  21.119396  105.602037  -11.4339  -16.4966
   421  4629  2966  576140.00  2335480.00  21.118880  105.733184  -21.0675  -26.0703
   422   303  2969  532880.00  2335450.00  21.119899  105.316623  -21.0081  -23.5211
   423  5850  3008  588350.00  2335060.00  21.114536  105.850729  -14.0626  -17.8445
   424  4509  3023  574940.00  2334910.00  21.113779  105.721605  -13.0224  -25.3983
   425  6366  3032  593510.00  2334820.00  21.112111  105.900397  -10.1950  -16.7757
   426  4590  3050  575750.00  2334640.00  21.111307  105.729392  -16.7014  -34.0111
   427  3798  3062  567830.00  2334520.00  21.110533  105.653130   -6.3371  -13.3247
   428  6030  3074  590150.00  2334400.00  21.108485  105.868025  -13.5857  -20.2122
   429  6366  3083  593510.00  2334310.00  21.107503  105.900369  -17.7830  -25.5860
   430  4869  3107  578540.00  2334070.00  21.106039  105.756229  -10.4541  -20.1645
   431  4671  3110  576560.00  2334040.00  21.105852  105.737164  -20.8753  -35.8418
   432  5388  3134  583730.00  2333800.00  21.103370  105.806184  -18.4417  -32.5710
   433  4797  3140  577820.00  2333740.00  21.103088  105.749282  -24.9870  -23.8300
   434  5421  3143  584060.00  2333710.00  21.102541  105.809357  -19.7328  -21.9927
   435  5355  3152  583400.00  2333620.00  21.101758  105.802998  -21.0809  -29.1521
   436  2919  3167  559040.00  2333470.00  21.101352  105.568459  -18.3397  -25.4386
   437  4779  3167  577640.00  2333470.00  21.100657  105.747536  -19.2956  -31.6913
   438  3969  3167  569540.00  2333470.00  21.100983  105.669552   -9.9375  -20.2356
   439  5097  3176  580820.00  2333380.00  21.099706  105.778148  -15.0116  -20.9939
   440  6189  3176  591740.00  2333380.00  21.099191  105.883278  -15.5464  -22.6344
   441  5358  3182  583430.00  2333320.00  21.099047  105.803273  -12.3806  -18.4214
   442  5274  3188  582590.00  2333260.00  21.098543  105.795183  -16.7938  -27.8391
   443  5022  3188  580070.00  2333260.00  21.098655  105.770922  -18.4950  -29.2238
   444   327  3188  533120.00  2333260.00  21.100107  105.318892  -21.5147  -33.3179
   445  5280  3200  582650.00  2333140.00  21.097456  105.795754  -15.9143  -23.8214
   446  1362  3212  543470.00  2333020.00  21.097722  105.418537  -21.8610  -28.8700
   447  1068  3218  540530.00  2332960.00  21.097247  105.390230  -20.4664  -21.2713
   448  3324  3221  563090.00  2332930.00  21.096337  105.607432  -19.0579  -23.7071
   449  1758  3221  547430.00  2332930.00  21.096810  105.456662  -12.5749  -19.9906
   450  1758  3224  547430.00  2332900.00  21.096539  105.456661  -19.1851  -23.3006
   451  4842  3227  578270.00  2332870.00  21.095209  105.753574  -17.6380  -28.8552
   452  3486  3248  564710.00  2332660.00  21.093841  105.623019  -14.9283  -18.6477
   453  5613  3248  585980.00  2332660.00  21.092966  105.827789  -19.6287  -23.8254
   454  5295  3248  582800.00  2332660.00  21.093112  105.797175  -17.3954  -21.5339
   455  6399  3251  593840.00  2332630.00  21.092309  105.903454  -12.6112  -17.3152
   456  5628  3257  586130.00  2332570.00  21.092146  105.829229  -18.7350  -24.5613
   457  5769  3263  587540.00  2332510.00  21.091537  105.842800  -18.2417  -32.8455
   458  5997  3281  589820.00  2332330.00  21.089800  105.864739  -14.4922  -18.4376
   459  1671  3305  546560.00  2332090.00  21.089243  105.448263  -23.0336  -24.3996
   460  4428  3308  574130.00  2332060.00  21.088063  105.713682  -18.5965  -22.5322
   461  2208  3308  551930.00  2332060.00  21.088828  105.499961  -12.4599  -23.1336
   462  4932  3323  579170.00  2331910.00  21.086497  105.762195  -10.1464  -17.9233
   463  5712  3332  586970.00  2331820.00  21.085330  105.837277  -19.6190  -25.3535
   464  5718  3344  587030.00  2331700.00  21.084243  105.837849  -21.8686  -24.9080
   466  5718  3365  587030.00  2331490.00  21.082346  105.837838  -21.0912  -26.5776
   467  1857  3383  548420.00  2331310.00  21.082147  105.466148  -18.9886  -24.8971
   468  5802  3386  587870.00  2331280.00  21.080408  105.845914  -22.1522  -22.0674
   469  6309  3392  592940.00  2331220.00  21.079616  105.894714  -22.8290  -23.0581
   470  4863  3407  578480.00  2331070.00  21.078937  105.755514  -17.8302  -23.7281
   471   222  3416  532070.00  2330980.00  21.079525  105.308739  -27.0609  -26.1075
   472  2655  3440  556400.00  2330740.00  21.076769  105.542951  -17.0750  -23.8312
   473  6828  3443  598130.00  2330710.00  21.074738  105.944643  -16.7402  -21.9108
   474  6177  3455  591620.00  2330590.00  21.073991  105.881974  -20.5659  -25.6341
   475  4929  3458  579140.00  2330560.00  21.074301  105.761844  -17.2807  -22.8625
   476  1728  3461  547130.00  2330530.00  21.075133  105.453707  -26.2670  -28.2643
   477  1725  3470  547100.00  2330440.00  21.074321  105.453416  -20.0299  -27.7613
   478   174  3473  531590.00  2330410.00  21.074383  105.304108  -24.0193  -23.3086
   479  1935  3479  549200.00  2330350.00  21.073453  105.473629  -19.9020  -26.5535
   480  4404  3494  573890.00  2330200.00  21.071268  105.711292  -11.8448  -19.2391
   481  6651  3503  596360.00  2330110.00  21.069411  105.927572  -22.2771  -26.2665
   482  3741  3512  567260.00  2330020.00  21.069897  105.647465  -10.6596  -17.8572
   483  1044  3515  540290.00  2329990.00  21.070418  105.387849   -9.9419  -17.7679
   484   153  3524  531380.00  2329900.00  21.069779  105.302077  -21.8482  -26.6173
   485  3780  3530  567650.00  2329840.00  21.068256  105.651212   -8.7846  -14.8253
   486  6003  3533  589880.00  2329810.00  21.067030  105.865185  -18.5484  -22.9864
   487  6012  3539  589970.00  2329750.00  21.066483  105.866048  -20.1290  -22.0714
   488  5880  3581  588650.00  2329330.00  21.062753  105.853321  -20.0355  -18.8422
   489  6693  3581  596780.00  2329330.00  21.062342  105.931571  -14.7504  -22.7257
   490  6588  3587  595730.00  2329270.00  21.061855  105.921462  -15.0322  -21.4299
   491  5925  3614  589100.00  2329000.00  21.059750  105.857635  -19.5847  -23.5669
   492  5913  3620  588980.00  2328940.00  21.059214  105.856477  -19.0318  -22.4573
   493  6810  3641  597950.00  2328730.00  21.056859  105.942798  -16.3801  -25.4654
   494  5451  3647  584360.00  2328670.00  21.056993  105.811998  -18.3744  -24.9229
   495  5940  3656  589250.00  2328580.00  21.055948  105.859057  -21.0691  -27.6552
   496  5616  3656  586010.00  2328580.00  21.056103  105.827874  -15.8977  -23.3897
   497  1806  3659  547910.00  2328550.00  21.057223  105.461161  -18.5895  -30.3885
   498  5664  3662  586490.00  2328520.00  21.055538  105.832491  -14.9698  -17.1533
   499  4947  3671  579320.00  2328430.00  21.055049  105.763478   -8.4440  -16.8139
   500  5037  3674  580220.00  2328400.00  21.054739  105.772139  -12.2396  -16.1824
   501  2064  3674  550490.00  2328400.00  21.055799  105.485990  -17.2391  -28.2266
   502  6948  3707  599330.00  2328070.00  21.050822  105.956041   -8.5401  -15.1443
   503  5703  3719  586880.00  2327950.00  21.050370  105.836216  -15.5969  -22.4364
   504  5499  3722  584840.00  2327920.00  21.050195  105.816581  -21.4301  -20.5170
   505  5880  3731  588650.00  2327830.00  21.049201  105.853244  -16.8921  -16.1436
   506  1869  3746  548540.00  2327680.00  21.049346  105.467200  -16.9554  -27.2691
   507  7170  3764  601550.00  2327500.00  21.045551  105.977373  -19.5273  -30.2145
   508    60  3764  530450.00  2327500.00  21.048109  105.293082       NaN       NaN
   509  5544  3767  585290.00  2327470.00  21.046108  105.820889  -18.4066  -19.9895
   510  7008  3782  599930.00  2327320.00  21.044014  105.961772  -15.4272  -23.3723
   511  5655  3785  586400.00  2327290.00  21.044430  105.831563  -19.7706  -24.7448
   512  2295  3857  552800.00  2326570.00  21.039199  105.508168  -19.6248  -27.8279
   513  2271  3881  552560.00  2326330.00  21.037038  105.505851  -20.3949  -27.9796
   514  5991  3917  589760.00  2325970.00  21.032343  105.863830  -20.9462  -25.3528
   515   708  3947  536930.00  2325670.00  21.031455  105.355412  -18.7988  -21.1863
   516  5871  3953  588560.00  2325610.00  21.029149  105.852264  -16.6944  -22.6104
   517  2439  3956  554240.00  2325580.00  21.030212  105.521995  -12.3731  -17.4662
   518  2346  3956  553310.00  2325580.00  21.030240  105.513046   -9.9920  -16.5736
   519  4839  3965  578240.00  2325490.00  21.028533  105.752950   -8.8609  -18.3214
   520  2688  3989  556730.00  2325250.00  21.027156  105.545947  -18.9780  -19.9598
   521  7392  3998  603770.00  2325160.00  21.024287  105.998596   -8.4418  -12.5114
   522  6819  4001  598040.00  2325130.00  21.024331  105.943459  -11.0491  -16.2342
   523   204  4037  531890.00  2324770.00  21.023418  105.306891  -27.4218  -30.3999
   524  6024  4040  590090.00  2324740.00  21.021214  105.866941  -18.9374  -26.2388
   525  3687  4058  566720.00  2324560.00  21.020586  105.642056  -20.6141  -22.1343
   526   228  4073  532130.00  2324410.00  21.020161  105.309194  -22.6803  -27.6867
   527  4821  4121  578060.00  2323930.00  21.014447  105.751147  -11.4339  -17.5224
   528  4671  4145  576560.00  2323690.00  21.012341  105.736703  -11.0976  -18.3415
   529  4881  4148  578660.00  2323660.00  21.011982  105.756908   -9.2711  -17.6320
   530  3726  4160  567110.00  2323540.00  21.011356  105.645769  -13.3040  -23.0265
   531  6207  4208  591920.00  2323060.00  21.005946  105.884460  -16.4210  -24.4188
   532  7149  4211  601340.00  2323030.00  21.005180  105.975089  -22.0127  -25.3181
   533  6252  4256  592370.00  2322580.00  21.001587  105.888764  -20.7374  -21.8294
   534  6225  4340  592100.00  2321740.00  20.994011  105.886122  -17.0059  -22.9345
   535  3936  4421  569210.00  2320930.00  20.987696  105.665871  -10.3976  -13.0085
   536  3219  4466  562040.00  2320480.00  20.983886  105.596875  -21.2196  -23.9102
   537  5772  4475  587570.00  2320390.00  20.982035  105.842472   -6.0363  -13.6691
   538  3132  4475  561170.00  2320390.00  20.983102  105.588502  -15.5637  -19.4251
   539  6657  4484  596420.00  2320300.00  20.980780  105.927601  -15.5240  -22.0749
   540  4875  4490  578600.00  2320240.00  20.981085  105.756175  -15.7192  -21.4787
   541  5658  4517  586430.00  2319970.00  20.978295  105.831485  -15.3412  -22.9401
   542  6000  4559  589850.00  2319550.00  20.974336  105.864362  -17.6602  -22.2521
   543  5973  4577  589580.00  2319370.00  20.972723  105.861755  -18.7125  -28.0891
   544  4380  4580  573650.00  2319340.00  20.973158  105.708518  -13.3380  -15.4021
   545  5967  4586  589520.00  2319280.00  20.971913  105.861174  -17.6876  -23.4468
   546  5682  4598  586670.00  2319160.00  20.970965  105.833753   -7.6705  -15.3756
   547  5949  4601  589340.00  2319130.00  20.970567  105.859434  -21.7392  -24.9952
   548  6333  4607  593180.00  2319070.00  20.969834  105.896368   -5.9787  -17.3477
   549  5940  4640  589250.00  2318740.00  20.967048  105.858549  -14.4537  -24.6089
   550  2982  4652  559670.00  2318620.00  20.967159  105.574010  -14.9941  -26.5578
   551  2616  4655  556010.00  2318590.00  20.967003  105.538802   -8.3501  -19.5617
   552  6339  4691  593240.00  2318230.00  20.962242  105.896900  -21.4686  -27.2741
   553  6360  4721  593450.00  2317930.00  20.959521  105.898903  -18.5815  -27.4328
   554  6261  4787  592460.00  2317270.00  20.953608  105.889346   -4.9266  -21.9112
   555  6045  4805  590300.00  2317090.00  20.952089  105.868562  -19.5320  -24.5982
   556  3207  4817  561920.00  2316970.00  20.952177  105.595595  -15.6273  -18.7274
   557  5997  4832  589820.00  2316820.00  20.949673  105.863932  -20.4332  -25.2371
   558  6255  4835  592400.00  2316790.00  20.949275  105.888743  -19.2257  -23.6840
   559  5658  4838  586430.00  2316760.00  20.949293  105.831325  -13.0074  -23.3772
   560  6255  4859  592400.00  2316550.00  20.947107  105.888731  -19.6666  -28.5214
   561  5994  4862  589790.00  2316520.00  20.946964  105.863628  -23.2457  -24.1347
   562  2910  4877  558950.00  2316370.00  20.946853  105.567008  -10.7532  -16.5655
   563  5991  4892  589760.00  2316220.00  20.944255  105.863323  -15.9388  -22.6685
   564  5670  4907  586550.00  2316070.00  20.943054  105.832444  -17.9533  -27.5937
   565  6018  4916  590030.00  2315980.00  20.942074  105.865908  -14.7632  -24.8118
   566  6204  4937  591890.00  2315770.00  20.940085  105.883784  -20.0899  -26.5343
   567  4776  4949  577610.00  2315650.00  20.939657  105.746446  -10.8386  -15.8712
   568  3549  4964  565340.00  2315500.00  20.938777  105.628434  -12.3077  -16.3123
   569  5979  4964  589640.00  2315500.00  20.937756  105.862132  -20.1736  -25.3113
   570  3057  4979  560420.00  2315350.00  20.937589  105.581111  -17.8442  -30.1211
   571  4785  4982  577700.00  2315320.00  20.936672  105.747296   -6.5283  -19.5881
   572  4578  4991  575630.00  2315230.00  20.935944  105.727385  -17.6809  -23.4762
   573  4233  4994  572180.00  2315200.00  20.935811  105.694205  -12.7640  -18.7596
   574  6144  5015  591290.00  2314990.00  20.933068  105.877973  -17.0231  -23.3158
   575  5151  5018  581360.00  2314960.00  20.933261  105.782478  -20.1049  -22.1253
   576  4740  5036  577250.00  2314780.00  20.931812  105.742945  -11.7632  -22.3352
   577  4599  5045  575840.00  2314690.00  20.931057  105.729381  -10.7157   -9.9294
   578  4725  5048  577100.00  2314660.00  20.930734  105.741497  -19.4529  -23.2675
   579  4602  5048  575870.00  2314660.00  20.930785  105.729668  -11.5176  -13.2603
   580  4968  5075  579530.00  2314390.00  20.928191  105.764853  -16.1730  -20.8977
   581  4749  5093  577340.00  2314210.00  20.926658  105.743785  -12.0107  -19.0800
   582  6465  5096  594500.00  2314180.00  20.925588  105.908798  -16.7714  -31.7500
   583  3303  5138  562880.00  2313760.00  20.923141  105.604712  -12.4807  -19.2130
   584  6183  5147  591680.00  2313670.00  20.921123  105.881654  -11.3653  -18.3448
   585  5208  5177  581930.00  2313370.00  20.918871  105.787884   -8.3374  -18.7996
   586  5610  5210  585950.00  2313040.00  20.915706  105.826524  -12.5365  -21.1673
   587  5241  5216  582260.00  2312980.00  20.915332  105.791039  -15.6651  -18.4286
   588  5073  5246  580580.00  2312680.00  20.912696  105.774871  -10.8041  -25.0685
   589  3333  5255  563180.00  2312590.00  20.912560  105.607554  -16.7194  -21.1616
   590  5874  5363  588590.00  2311510.00  20.901758  105.851831  -10.9476  -15.0920
   591  4011  5420  569960.00  2310940.00  20.897407  105.672683  -13.1031  -18.3172
   592  6309  5435  592940.00  2310790.00  20.895040  105.893616  -18.0087  -25.2892
   593  6207  5468  591920.00  2310460.00  20.892109  105.883792  -14.6812  -19.1122
   594  4119  5513  571040.00  2310010.00  20.888964  105.683029  -18.9265  -20.3907
   595  3690  5558  566750.00  2309560.00  20.885058  105.641766  -19.7392  -28.7969
   596  4383  5561  573680.00  2309530.00  20.884523  105.708390  -19.4333  -25.6047
   597  6555  5594  595400.00  2309200.00  20.880550  105.917179  -21.3117  -30.0056
   598  5262  5597  582470.00  2309170.00  20.880900  105.792878  -13.6018  -19.5933
   599  5040  5627  580250.00  2308870.00  20.878287  105.771522   -9.9648  -20.0000
   600  6240  5654  592250.00  2308600.00  20.875289  105.886866   -7.0159  -12.2602
   601  3102  5699  560870.00  2308150.00  20.872521  105.585186  -20.0067  -27.0156
   602  4878  5759  578630.00  2307550.00  20.866430  105.755889  -13.2813  -19.7543
   603  4857  5768  578420.00  2307460.00  20.865626  105.753866   -7.8571  -19.7577
   604  3591  5804  565760.00  2307100.00  20.862866  105.632156  -14.6088  -20.6126
   605  4110  5813  570950.00  2307010.00  20.861862  105.682041  -13.3800  -14.3261
   606  5547  5858  585320.00  2306560.00  20.857190  105.820148  -12.2444  -19.3268
   607  4512  5909  574970.00  2306050.00  20.853030  105.720642   -9.7887  -15.8983
   608  4950  5924  579350.00  2305900.00  20.851492  105.762735   -9.6126  -17.9841
   609  5910  5942  588950.00  2305720.00  20.849430  105.854996  -12.6216  -17.1595
   610  5004  5948  579890.00  2305660.00  20.849300  105.767914   -7.6485  -11.3322
   611  3885  5981  568700.00  2305330.00  20.846767  105.660347  -19.2264  -32.5576
   612  3348  5981  563330.00  2305330.00  20.846959  105.608732  -17.6891  -35.3242
   613  3369  5984  563540.00  2305300.00  20.846680  105.610750  -22.9511  -28.9862
   614  5886  6011  588710.00  2305030.00  20.843207  105.852654  -20.2800  -21.8913
   615  3999  6044  569840.00  2304700.00  20.841033  105.671279  -12.9489  -21.1927
   616  3459  6053  564440.00  2304610.00  20.840415  105.619375  -21.5951  -23.2725
   617  3453  6071  564380.00  2304430.00  20.838791  105.618791  -17.4468  -27.0898
   618  3543  6077  565280.00  2304370.00  20.838217  105.627439  -16.5581  -18.0864
   619  6438  6086  594230.00  2304280.00  20.836159  105.905665  -12.2770  -23.5953
   620  5136  6089  581210.00  2304250.00  20.836504  105.780535   -8.1380  -16.4686
   621  3573  6128  565580.00  2303860.00  20.833598  105.630303  -15.6868  -19.4124
   622  5163  6146  581480.00  2303680.00  20.831342  105.783103  -18.3994  -27.5714
   623  3945  6155  569300.00  2303590.00  20.831024  105.666045  -14.9132  -17.5293
   624  4893  6158  578780.00  2303560.00  20.830374  105.757150  -11.8412  -21.9147
   625  5565  6164  585500.00  2303500.00  20.829535  105.821728  -10.3676  -14.3129
   626  3936  6170  569210.00  2303440.00  20.829672  105.665174   -5.5416  -13.9323
   627  3951  6296  569360.00  2302180.00  20.818282  105.666565  -15.2702  -20.5718
   628  3822  6326  568070.00  2301880.00  20.815619  105.654157  -16.0758  -17.5817
   629  5736  6335  587210.00  2301790.00  20.814006  105.838076  -21.7677  -24.0249
   630  5775  6371  587600.00  2301430.00  20.810735  105.841805  -20.6235  -23.3635
   631  4806  6383  577910.00  2301310.00  20.810082  105.748689  -11.8623  -20.4897
   632  5358  6386  583430.00  2301280.00  20.809571  105.801729  -19.9994  -37.4978
   633  5934  6401  589190.00  2301130.00  20.807949  105.857068   -8.6990  -16.0052
   634  3693  6428  566780.00  2300860.00  20.806450  105.641721  -21.9498  -22.7494
   635  3657  6434  566420.00  2300800.00  20.805921  105.638260  -10.3501  -18.8880
   636  5052  6437  580370.00  2300770.00  20.805098  105.772302  -13.9490  -27.3042
   637  5748  6443  587330.00  2300710.00  20.804242  105.839175  -13.7128  -22.4873
   638  6222  6458  592070.00  2300560.00  20.802658  105.884711   -6.0667  -14.0710
   639  5445  6467  584300.00  2300470.00  20.802214  105.810049  -11.5832  -12.9031
   640  5691  6470  586760.00  2300440.00  20.801830  105.833685   -6.6973  -15.4041
   641  5943  6497  589280.00  2300170.00  20.799271  105.857884  -11.2548  -20.3998
   642  5991  6554  589760.00  2299600.00  20.794098  105.862466  -15.2905  -19.1630
   643  5832  6641  588170.00  2298730.00  20.786314  105.847146  -14.4986  -28.0152
   644  3843  6662  568280.00  2298520.00  20.785253  105.656044  -13.7249  -20.2926
   645  4965  6668  579500.00  2298460.00  20.784265  105.763837  -11.0794  -17.9793
   646  5697  6698  586820.00  2298160.00  20.781227  105.834148   -7.9266  -15.5228
   647  5046  6704  580310.00  2298100.00  20.780978  105.771603   -8.9131  -13.5674
   648  5901  6740  588860.00  2297740.00  20.777336  105.853725  -15.4980  -20.4988
   649  5493  6749  584780.00  2297650.00  20.776713  105.814525  -11.8916  -20.7000
   650  5523  6749  585080.00  2297650.00  20.776700  105.817407  -15.4502  -19.8650
   651  3948  6779  569330.00  2297350.00  20.774643  105.666085  -11.9533  -19.8814
   652  5544  6779  585290.00  2297350.00  20.773980  105.819410  -15.2390  -22.0209
   653  3876  6797  568610.00  2297170.00  20.773043  105.659161  -15.0446  -21.9022
   654  4833  6803  578180.00  2297110.00  20.772123  105.751095   -9.4824  -18.3931
   655  5373  6830  583580.00  2296840.00  20.769449  105.802958  -13.2481  -21.4628
   656  5823  6881  588080.00  2296330.00  20.764634  105.846161  -20.1703  -26.5117
   657  6132  6881  591170.00  2296330.00  20.764485  105.875843  -15.8749  -17.8571
   658  5202  6884  581870.00  2296300.00  20.764646  105.786506  -20.6940  -21.7401
   659  4524  6905  575090.00  2296090.00  20.763035  105.721367  -15.3551  -27.9202
   660  3876  6917  568610.00  2295970.00  20.762201  105.659114  -17.6822  -23.1976
   661  3882  6917  568670.00  2295970.00  20.762198  105.659691  -23.1868  -28.3866
   662  3990  6944  569750.00  2295700.00  20.759719  105.670054  -12.2847  -15.8402
   663  6117  6950  591020.00  2295640.00  20.758259  105.874366  -14.9944  -20.4945
   664  5187  6965  581720.00  2295490.00  20.757335  105.785027  -10.5649  -16.9249
   665  4560  6974  575450.00  2295400.00  20.756786  105.724795   -9.2919  -20.2874
   666  5187  6977  581720.00  2295370.00  20.756250  105.785021  -13.9341  -24.2101
   667  5619  6989  586040.00  2295250.00  20.754972  105.826511  -20.5128  -22.6248
   668  6078  6992  590630.00  2295220.00  20.754483  105.870598  -14.1983  -20.0617
   669  5601  6995  585860.00  2295190.00  20.754438  105.824779  -15.0808  -21.7320
   670  6267  6995  592520.00  2295190.00  20.754119  105.888750  -10.2908  -18.4475
   671  6195  7013  591800.00  2295010.00  20.752528  105.881825  -14.6894  -20.4993
   672  5412  7022  583970.00  2294920.00  20.752085  105.806612  -20.5858  -20.8163
   673  4014  7037  569990.00  2294770.00  20.751307  105.672323  -20.6234  -26.1020
   674  5316  7040  583010.00  2294740.00  20.750501  105.797383  -15.5264  -25.7992
   675  3984  7046  569690.00  2294680.00  20.750505  105.669438  -24.4745  -25.4290
   676  6996  7073  599810.00  2294410.00  20.746696  105.958727  -15.7392  -18.6555
   677  7032  7076  600170.00  2294380.00  20.746405  105.962183  -15.5146  -25.7120
   678  5460  7088  584450.00  2294260.00  20.746100  105.811191  -12.1724  -15.8954
   679  4068  7094  570530.00  2294200.00  20.746137  105.677487  -15.6747  -17.3368
   680  6516  7097  595010.00  2294170.00  20.744778  105.912612   -8.0748  -19.3471
   681  5610  7109  585950.00  2294050.00  20.744134  105.825588   -9.1817  -18.4158
   682  5619  7112  586040.00  2294020.00  20.743859  105.826451   -9.1945  -15.2007
   683  6864  7133  598490.00  2293810.00  20.741345  105.946015  -11.5585  -14.6692
   684  5595  7133  585800.00  2293810.00  20.741972  105.824136   -8.8739  -16.5679
   685  4977  7136  579620.00  2293780.00  20.741976  105.764778  -19.0365  -30.3704
   686  7017  7142  600020.00  2293720.00  20.740451  105.960705  -20.9313  -23.5547
   687  5607  7157  585920.00  2293570.00  20.739798  105.825276  -18.6282  -21.2015
   688  5826  7178  588110.00  2293360.00  20.737799  105.846299  -16.8418  -23.6763
   689  4614  7196  575990.00  2293180.00  20.736706  105.729886  -17.8226  -27.0804
   690  4197  7202  571820.00  2293120.00  20.736329  105.689833  -16.5441  -22.0054
   691  5904  7250  588890.00  2292640.00  20.731257  105.853754  -19.7727  -29.3741
   692  5541  7262  585260.00  2292520.00  20.730342  105.818886  -13.4822  -16.8699
   693  6003  7289  589880.00  2292250.00  20.727686  105.863242  -25.7128  -27.7967
   694  7032  7313  600170.00  2292010.00  20.724993  105.962047  -19.2458  -23.0887
   695  6300  7328  592850.00  2291860.00  20.724017  105.891744  -15.2556  -19.2291
   696  5622  7355  586070.00  2291590.00  20.721902  105.826620  -16.7155  -19.3558
   697  4632  7355  576170.00  2291590.00  20.722333  105.731546   -6.4224  -12.4783
   698  6405  7358  593900.00  2291560.00  20.721254  105.901811   -7.2033  -20.5837
   699  4068  7361  570530.00  2291530.00  20.722012  105.677379  -21.5498  -23.4889
   700  4989  7364  579740.00  2291500.00  20.721370  105.765826  -22.0883  -28.4183
   701  5883  7373  588680.00  2291410.00  20.720154  105.851675  -15.0515  -18.6621
   702  5658  7388  586430.00  2291260.00  20.718904  105.830061  -18.8910  -24.4815
   703  5931  7394  589160.00  2291200.00  20.718234  105.856274  -15.3022  -22.4687
   704  6162  7397  591470.00  2291170.00  20.717851  105.878455  -13.4762  -20.1315
   705  5520  7415  585050.00  2290990.00  20.716528  105.816795  -19.2574  -21.1725
   706  4950  7430  579350.00  2290840.00  20.715424  105.762051  -12.8719  -23.4034
   707  5343  7448  583280.00  2290660.00  20.713626  105.799783  -10.7508  -15.7390
   708  5496  7454  584810.00  2290600.00  20.713015  105.814472  -13.4983  -19.1616
   709  5376  7478  583610.00  2290360.00  20.710901  105.802937  -15.6796  -20.8917
   710  6342  7481  593270.00  2290330.00  20.710172  105.895696  -17.3052  -27.0648
   711  4251  7493  572360.00  2290210.00  20.710016  105.694900  -17.5473  -21.5543
   712  7092  7499  600770.00  2290150.00  20.708156  105.967703       NaN       NaN
   713  6444  7505  594290.00  2290090.00  20.707953  105.905478   -3.8917  -15.7946
   714  6354  7511  593390.00  2290030.00  20.707456  105.896832  -15.1289  -20.3174
   715  4356  7517  573410.00  2289970.00  20.707806  105.704973   -8.2117  -18.5076
   716  4227  7520  572120.00  2289940.00  20.707585  105.692584  -17.1709  -25.8932
   717  5733  7535  587180.00  2289790.00  20.705588  105.837190  -19.6306  -22.5688
   718  5733  7556  587180.00  2289580.00  20.703690  105.837180  -18.6011  -22.4208
   719  6414  7571  593990.00  2289430.00  20.702005  105.902562  -22.0372  -25.5039
   720  5607  7580  585920.00  2289340.00  20.701580  105.825069  -16.1959  -23.4555
   721  5646  7586  586310.00  2289280.00  20.701020  105.828811  -13.8608  -19.7194
   722  4254  7589  572390.00  2289250.00  20.701341  105.695148  -20.8567  -27.4687
   723  4242  7595  572270.00  2289190.00  20.700803  105.693993  -23.0370  -30.7765
   724  5562  7613  585470.00  2289010.00  20.698620  105.820732  -10.0587  -10.3916
   725  5256  7628  582410.00  2288860.00  20.697402  105.791344  -13.5512  -22.3654
   726  5574  7634  585590.00  2288800.00  20.696717  105.821874  -22.6465  -32.9326
   727  4140  7733  571250.00  2287810.00  20.688374  105.684143  -10.1833  -17.2316
   728  6588  7742  595730.00  2287720.00  20.686467  105.919176  -19.0217  -26.0115
   729  5868  7748  588530.00  2287660.00  20.686280  105.850046  -17.0283  -18.9039
   730  6837  7763  598220.00  2287510.00  20.684441  105.943070   -8.3546  -15.6476
   731  5490  7766  584750.00  2287480.00  20.684829  105.813745  -21.4449  -22.5412
   732  5649  7769  586340.00  2287450.00  20.684485  105.829009  -17.5539  -34.5602
   733  6726  7772  597110.00  2287420.00  20.683685  105.932408   -7.6795  -15.8675
   734  6255  7781  592400.00  2287330.00  20.683111  105.887184  -20.4640  -40.4276
   735  5643  7844  586280.00  2286700.00  20.677711  105.828397  -13.7513  -22.5055
   736  5070  7844  580550.00  2286700.00  20.677967  105.773385  -15.0778  -25.0015
   737  5565  7847  585500.00  2286670.00  20.677476  105.820907  -15.0660  -20.3229
   738  6978  7847  599630.00  2286670.00  20.676777  105.956559  -12.7522  -13.5409
   739  4107  7922  570920.00  2285920.00  20.671309  105.680899   -6.7818  -17.6242
   740  5868  7958  588530.00  2285560.00  20.667306  105.849940  -14.5243  -24.7772
   741  6189  7994  591740.00  2285200.00  20.663899  105.880737  -16.4408  -19.4812
   742  4224  8024  572090.00  2284900.00  20.662049  105.692089  -17.1574  -23.0993
   743  5163  8045  581480.00  2284690.00  20.659766  105.782221  -16.0253  -22.9304
   744  4680  8057  576650.00  2284570.00  20.658886  105.735850   -9.9424  -12.1402
   745  5625  8129  586100.00  2283850.00  20.651970  105.826529  -17.2674  -19.0182
   746  5151  8129  581360.00  2283850.00  20.652182  105.781030  -20.4257  -22.6929
   747  4827  8138  578120.00  2283760.00  20.651506  105.749925  -11.4212  -20.0734
   748  6072  8141  590570.00  2283730.00  20.650675  105.869430  -15.5959  -20.5809
   749  4308  8141  572930.00  2283730.00  20.651445  105.700105  -20.4712  -23.5411
   750  4437  8162  574220.00  2283520.00  20.649497  105.712479  -23.4818  -21.1200
   751  4125  8195  571100.00  2283190.00  20.646636  105.682516  -21.7890  -26.5102
   752  5469  8240  584540.00  2282740.00  20.642012  105.811502  -19.2307  -23.0355
   753  4308  8285  572930.00  2282290.00  20.638434  105.700045  -11.7881  -21.1574
   754  4257  8285  572420.00  2282290.00  20.638454  105.695150  -10.6853  -20.4312
   755  4392  8297  573770.00  2282170.00  20.637317  105.708103  -14.1176  -21.1350
   756  4422  8321  574070.00  2281930.00  20.635136  105.710972  -26.1699  -29.1610
   757  4425  8336  574100.00  2281780.00  20.633780  105.711254  -22.8293  -25.6326
   758  4977  8342  579620.00  2281720.00  20.633011  105.764232  -11.7897  -16.8380
   759  4410  8342  573950.00  2281720.00  20.633244  105.709812  -22.8607  -21.4009
   760  4446  8351  574310.00  2281630.00  20.632416  105.713263  -11.4032  -16.7749
   761  4446  8360  574310.00  2281540.00  20.631603  105.713259  -22.8355  -30.8201
   762  4503  8387  574880.00  2281270.00  20.629141  105.718719  -22.7366  -20.8386
   763  4170  8465  571550.00  2280490.00  20.622223  105.686726  -15.1327  -18.6636
   764  4419  8519  574040.00  2279950.00  20.617248  105.710601  -14.1117  -22.8428
   765  4380  8570  573650.00  2279440.00  20.612655  105.706837  -14.6343  -21.0454
   767  4506  8639  574910.00  2278750.00  20.606371  105.718900  -12.5378  -21.0784
   768  4533  8642  575180.00  2278720.00  20.606089  105.721489  -12.9672  -19.2671
   769  4461  8657  574460.00  2278570.00  20.604762  105.714574  -14.0690  -22.2668
   770  5304  8720  582890.00  2277940.00  20.598717  105.795439  -12.2694  -20.4654
   771  5061  8747  580460.00  2277670.00  20.596383  105.772109  -13.9769  -20.2730
   772  5097  8768  580820.00  2277460.00  20.594470  105.775554  -17.7120  -21.3807
   773  5097  8972  580820.00  2275420.00  20.576038  105.775461  -11.2685  -18.4828
