; ENVI Output of ROIs (5.2) [Wed Nov 27 02:52:28 2019]
; Number of ROIs: 1
; File Dimension: 7647 x 9116
;
; ROI name: EVF: Layer: crop.shp
; ROI rgb value: {255, 255, 0}
; ROI npts: 580
;   ID     X     Y      Map X       Map Y        Lat         Lon        B1        B2
     1  5361    86  583460.00  2364280.00  21.378753  105.805079   -8.0540  -15.2987
     2  5688   158  586730.00  2363560.00  21.372094  105.836583  -11.1433  -16.9994
     3  5196   167  581810.00  2363470.00  21.371511  105.789124   -8.9233  -16.1363
     4  5217   224  582020.00  2362900.00  21.366352  105.791122  -10.7578  -16.1835
     5  5253   245  582380.00  2362690.00  21.364438  105.794584  -11.5172  -13.8876
     6  5580   305  585650.00  2362090.00  21.358866  105.826091   -7.9087  -13.3596
     7  5508   362  584930.00  2361520.00  21.353750  105.819119   -6.5291  -13.8329
     8  5244   365  582290.00  2361490.00  21.353601  105.793658   -6.7868  -14.5474
     9  5373   368  583580.00  2361460.00  21.353271  105.806097   -9.4750  -18.5822
    10  5286   404  582710.00  2361100.00  21.350059  105.797689  -11.4752  -19.1628
    11  5538   533  585230.00  2359810.00  21.338287  105.821926   -9.5205  -18.1431
    12  5916   590  589010.00  2359240.00  21.332955  105.858346   -8.9030  -15.4488
    13  5910   602  588950.00  2359120.00  21.331874  105.857761   -9.6062  -17.2737
    14  5214   626  581990.00  2358880.00  21.330035  105.790638   -9.3568  -14.2971
    15  6006   743  589910.00  2357710.00  21.319088  105.866943   -8.6129  -19.0535
    16  5964   746  589490.00  2357680.00  21.318838  105.862892   -8.7124  -12.8164
    17  5529   800  585140.00  2357140.00  21.314170  105.820924   -7.2338  -12.1507
    18  5598   857  585830.00  2356570.00  21.308987  105.827548  -10.6568  -13.4711
    19  6051   860  590360.00  2356540.00  21.308496  105.871219   -7.5133  -24.5478
    20  5598   872  585830.00  2356420.00  21.307632  105.827540  -10.8667  -16.0446
    21  5952   905  589370.00  2356090.00  21.304480  105.861651   -6.4314  -12.7213
    25  6072   926  590570.00  2355880.00  21.302523  105.873209  -12.2411  -17.5520
    26  5505   953  584900.00  2355610.00  21.300358  105.818533   -9.2832  -14.9309
    27  5346   959  583310.00  2355550.00  21.299890  105.803202   -6.7226  -16.2741
    29  5904  1073  588890.00  2354410.00  21.289326  105.856936  -11.9314  -16.1229
    30  6267  1079  592520.00  2354350.00  21.288602  105.891924  -10.0731  -16.8616
    31  5844  1085  588290.00  2354290.00  21.288271  105.851146   -7.8736  -15.7192
    32  4719  1091  577040.00  2354230.00  21.288242  105.742696  -10.0791  -14.6370
    33  4701  1142  576860.00  2353720.00  21.283642  105.740938   -9.2626  -14.8863
    34  4857  1142  578420.00  2353720.00  21.283575  105.755976   -7.5125  -18.2522
    35  5514  1220  584990.00  2352940.00  21.276232  105.819267  -10.3748  -15.4657
    36  4695  1448  576800.00  2350660.00  21.255999  105.740222  -13.5695  -16.7691
    37  4956  1454  579410.00  2350600.00  21.255344  105.765373  -11.7023  -13.7510
    38  1479  1457  544640.00  2350570.00  21.256262  105.430260   -6.2103  -15.0694
    39  1515  1460  545000.00  2350540.00  21.255982  105.433729   -9.0226  -16.8603
    40  1497  1484  544820.00  2350300.00  21.253818  105.431988   -6.9879  -15.9093
    41  5646  1493  586310.00  2350210.00  21.251506  105.831852   -9.3225  -18.1295
    42  1518  1505  545030.00  2350090.00  21.251915  105.434007   -9.2053  -13.9922
    43  6135  1529  591200.00  2349850.00  21.248014  105.878958   -8.8419  -15.7795
    44   753  1553  537380.00  2349610.00  21.247752  105.360265  -15.0936  -17.4331
    45  6033  1634  590180.00  2348800.00  21.238579  105.869073   -9.7268  -15.4009
    46  1524  1655  545090.00  2348590.00  21.238361  105.434545   -7.4597  -16.1967
    47  3711  1697  566960.00  2348170.00  21.233892  105.645288  -10.1950  -14.6872
    48  3705  1700  566900.00  2348140.00  21.233623  105.644708   -8.9907  -14.5726
    49  1287  1703  542720.00  2348110.00  21.234081  105.411693   -6.7061  -13.8036
    50  1716  1724  547010.00  2347900.00  21.232078  105.453029  -10.0365  -13.9341
    51  1683  1739  546680.00  2347750.00  21.230731  105.449845  -10.3953  -18.0893
    52  3735  1754  567200.00  2347600.00  21.228733  105.647578   -6.9451  -13.9507
    53  6267  1772  592520.00  2347420.00  21.225994  105.891547  -10.0015  -17.7419
    54   822  1778  538070.00  2347360.00  21.227408  105.366865   -5.7709  -16.5058
    55   768  1787  537530.00  2347270.00  21.226606  105.361659  -11.3466  -15.1448
    56  1668  1790  546530.00  2347240.00  21.226127  105.448386  -10.2662  -21.5580
    57  1212  1826  541970.00  2346880.00  21.222985  105.404435   -9.6943  -16.0714
    58  1749  1862  547340.00  2346520.00  21.219601  105.456171   -6.1133  -14.8640
    59  5595  1874  585800.00  2346400.00  21.217109  105.826745   -7.8298  -15.4683
    60   996  1874  539810.00  2346400.00  21.218697  105.383610   -8.2816  -15.3404
    61  1695  1883  546800.00  2346310.00  21.217718  105.450962   -8.0940  -15.3032
    62  4962  1940  579470.00  2345740.00  21.211434  105.765725   -8.3684  -13.5763
    63  1344  1946  543290.00  2345680.00  21.212112  105.417125  -13.1526  -18.0746
    64  1779  1955  547640.00  2345590.00  21.211190  105.459036   -9.5706  -14.3208
    65  1743  1976  547280.00  2345380.00  21.209302  105.455561   -7.9332  -18.6401
    66  4590  1988  575750.00  2345260.00  21.207256  105.729862  -10.8731  -17.2396
    67  4716  1994  577010.00  2345200.00  21.206661  105.741999   -9.6301  -14.1225
    68  5760  2006  587450.00  2345080.00  21.205105  105.842575  -11.3871  -15.2655
    69  5565  2021  585500.00  2344930.00  21.203842  105.823781   -9.8737  -15.9121
    70   684  2021  536690.00  2344930.00  21.205481  105.353515   -8.1881  -15.9605
    71  1554  2042  545390.00  2344720.00  21.203387  105.437333   -9.5462  -15.6665
    72  3723  2045  567080.00  2344690.00  21.202446  105.646307  -11.0882  -17.8499
    73  1578  2075  545630.00  2344390.00  21.200400  105.439637   -8.1706  -13.8310
    74  1716  2075  547010.00  2344390.00  21.200365  105.452933   -7.7460  -15.5661
    75   771  2078  537560.00  2344360.00  21.200313  105.361884  -12.3740  -14.4414
    76  4626  2087  576110.00  2344270.00  21.198296  105.733286   -6.7607  -17.9004  
    78  1725  2096  547100.00  2344180.00  21.198465  105.453794   -7.5090  -15.5514
    79   798  2096  537830.00  2344180.00  21.198681  105.364482   -6.6984  -11.7277
    80   825  2111  538100.00  2344030.00  21.197320  105.367080  -11.5586  -16.6629
    81  1818  2114  548030.00  2344000.00  21.196814  105.462749   -4.5096  -15.8602
    82  4380  2123  573650.00  2343910.00  21.195145  105.709571   -9.8031  -13.3402
    83  1323  2141  543080.00  2343730.00  21.194499  105.415052   -7.8725  -12.9608
    84  4668  2150  576530.00  2343640.00  21.192587  105.737304   -8.1567  -11.5746
    85  1443  2153  544280.00  2343610.00  21.193386  105.426610   -8.2893  -10.5609
    86   921  2177  539060.00  2343370.00  21.191337  105.376314   -5.9500  -15.7569
    87  1401  2183  543860.00  2343310.00  21.190685  105.422556  -10.6584  -11.0579
    88  4695  2183  576800.00  2343310.00  21.189594  105.739890  -10.9595  -17.1104
    89  4680  2186  576650.00  2343280.00  21.189329  105.738444   -8.8223  -14.6332
    90  1713  2198  546980.00  2343160.00  21.189252  105.452610  -10.3706  -13.0401
    91  1839  2207  548240.00  2343070.00  21.188406  105.464746   -9.2736  -14.7759
    92  4302  2216  572870.00  2342980.00  21.186774  105.702017  -15.6789  -20.0818
    93  5787  2237  587720.00  2342770.00  21.184222  105.845058  -12.2020  -15.8466
    94  5649  2255  586340.00  2342590.00  21.182662  105.831755   -4.6865  -17.0371
    95   807  2264  537920.00  2342500.00  21.183500  105.365312  -12.0659  -17.2761
    96  5577  2264  585620.00  2342500.00  21.181883  105.824815  -13.8948  -13.6384
    97  4611  2267  575960.00  2342470.00  21.182040  105.731761   -9.3713  -21.0869
    98  1233  2267  542180.00  2342470.00  21.183135  105.406350   -7.4225  -14.7409
    99  4788  2270  577730.00  2342440.00  21.181694  105.748810   -7.0331  -14.1019
   100  3561  2291  565460.00  2342230.00  21.180279  105.630605   -6.8368  -17.5794
   101  1224  2300  542090.00  2342140.00  21.180156  105.405475   -3.0922  -12.1791
   102  4827  2300  578120.00  2342140.00  21.178967  105.752553   -9.6511  -14.8779
   103  4713  2303  576980.00  2342110.00  21.178745  105.741570   -9.4194  -15.4947
   104  4845  2303  578300.00  2342110.00  21.178688  105.754285   -8.4975  -15.0195
   105  4707  2309  576920.00  2342050.00  21.178205  105.740990   -7.6787  -15.5203
   106  4788  2315  577730.00  2341990.00  21.177629  105.748789   -5.8990  -14.3633
   107  4842  2333  578270.00  2341810.00  21.175979  105.753983   -7.6835  -13.4228
   108   810  2336  537950.00  2341780.00  21.176994  105.365585   -8.9196  -17.6728
   109  1155  2342  541400.00  2341720.00  21.176377  105.398818   -4.2474  -15.0350
   110  1176  2342  541610.00  2341720.00  21.176372  105.400841   -8.2749  -12.6230
   111  4533  2378  575180.00  2341360.00  21.172044  105.724199   -6.9864  -13.6916
   112  4536  2384  575210.00  2341300.00  21.171501  105.724485   -9.9275  -20.5780
   113  3609  2399  565940.00  2341150.00  21.170504  105.635187  -12.3324  -17.1780
   114  4758  2402  577430.00  2341120.00  21.169781  105.745860   -9.6656  -12.2433
   115  4674  2408  576590.00  2341060.00  21.169275  105.737767   -7.3480  -15.1954
   116  5190  2417  581750.00  2340970.00  21.168238  105.787463   -9.3574  -12.6626
   117  5061  2420  580460.00  2340940.00  21.168024  105.775037   -7.7561  -16.2770
   118  1047  2429  540320.00  2340850.00  21.168540  105.388393   -5.1425  -13.5743
   119  4809  2453  577940.00  2340610.00  21.165152  105.750749   -4.2789  -15.2600
   120  1239  2456  542240.00  2340580.00  21.166057  105.406881   -9.7398  -15.8612
   121  5034  2468  580190.00  2340460.00  21.163699  105.772414   -6.2512  -17.3411
   122  3054  2474  560390.00  2340400.00  21.163920  105.581701   -6.4776  -12.2114
   123  4176  2477  571610.00  2340370.00  21.163243  105.689770   -4.2648  -15.8883
   124  4476  2483  574610.00  2340310.00  21.162581  105.718662   -7.0688  -15.8289
   125  5589  2489  585740.00  2340250.00  21.161549  105.825858   -6.3611  -15.3743
   126  4788  2510  577730.00  2340040.00  21.160011  105.748701   -2.4565  -15.0651
   127  1089  2513  540740.00  2340010.00  21.160941  105.392419   -7.1411  -11.9666
   128  4764  2519  577490.00  2339950.00  21.159208  105.746385   -9.2299  -17.7682
   129  5664  2525  586490.00  2339890.00  21.158262  105.833064  -10.2252  -14.3989
   130  4866  2525  578510.00  2339890.00  21.158622  105.756206   -8.4751  -17.2821
   131  4575  2528  575600.00  2339860.00  21.158474  105.728178   -6.8049  -15.3212
   132  3807  2531  567920.00  2339830.00  21.158505  105.654207   -8.5715  -12.7209
   133  4491  2534  574760.00  2339800.00  21.157967  105.720085  -11.3098  -14.5534
   134  3900  2540  568850.00  2339740.00  21.157657  105.663161   -7.3840  -11.5521
   135  4740  2543  577250.00  2339710.00  21.157050  105.744063  -10.9873  -15.8832
   136  4734  2543  577190.00  2339710.00  21.157053  105.743485   -9.1852  -15.4981
   137  5475  2552  584600.00  2339620.00  21.155911  105.814847   -4.1036  -14.1572
   138  4728  2555  577130.00  2339590.00  21.155971  105.742902   -7.4337  -16.9213
   139  5694  2564  586790.00  2339500.00  21.154724  105.835933   -6.5389  -17.0358
   140  4899  2570  578840.00  2339440.00  21.154543  105.759364   -9.3001  -15.3665
   141  3897  2576  568820.00  2339380.00  21.154406  105.662857   -7.6829  -14.0016
   142  3924  2576  569090.00  2339380.00  21.154396  105.665458   -4.1596  -14.4698
   143  4860  2579  578450.00  2339350.00  21.153746  105.755604   -9.3087  -15.7678
   144  4761  2582  577460.00  2339320.00  21.153518  105.746068   -8.5277  -16.8468
   145  3237  2582  562220.00  2339320.00  21.154101  105.599288   -4.8920  -13.3491
   146  4422  2585  574070.00  2339290.00  21.153387  105.713417  -11.8011  -17.7398
   147  3873  2588  568580.00  2339260.00  21.153331  105.660541  -11.7383  -14.7236
   148  3627  2588  566120.00  2339260.00  21.153422  105.636848   -9.9491  -18.2241
   149  4761  2588  577460.00  2339260.00  21.152975  105.746065   -7.6069  -14.8048
   150  3984  2594  569690.00  2339200.00  21.152747  105.671229   -9.9215  -16.4230
   151  3615  2594  566000.00  2339200.00  21.152884  105.635690   -6.0709  -12.4057
   152  1701  2597  546860.00  2339170.00  21.153205  105.451344   -8.4619  -16.2337
   153  4731  2603  577160.00  2339110.00  21.151633  105.743169   -9.8382  -14.1627
   154  3342  2606  563270.00  2339080.00  21.151896  105.609392   -8.7080  -11.7614
   155  5532  2609  585170.00  2339050.00  21.150735  105.820309   -7.8937  -19.5802
   156  4143  2609  571280.00  2339050.00  21.151330  105.686536  -10.7118  -14.6149
   157  4212  2618  571970.00  2338960.00  21.150490  105.693178   -9.4375  -13.9265
   158  4224  2624  572090.00  2338900.00  21.149943  105.694331   -8.1230  -17.7754
   159   171  2624  531560.00  2338900.00  21.151094  105.303975  -10.4899  -14.6463
   160  3981  2636  569660.00  2338780.00  21.148953  105.670923   -7.1609  -15.9568
   161  2565  2642  555500.00  2338720.00  21.148897  105.534546   -9.5521  -20.1184
   162  4815  2642  578000.00  2338720.00  21.148074  105.751241   -7.9343  -16.5741
   163  5568  2645  585530.00  2338690.00  21.147465  105.823758   -6.6551  -11.5202
   164  3639  2654  566240.00  2338600.00  21.147454  105.637978   -9.8363  -13.0065
   165  3570  2657  565550.00  2338570.00  21.147208  105.631332   -9.3261  -17.8110
   166  4254  2663  572390.00  2338510.00  21.146408  105.697204   -8.6488  -16.1098
   167  3363  2666  563480.00  2338480.00  21.146468  105.611393  -10.2353  -14.4205
   168  3576  2666  565610.00  2338480.00  21.146393  105.631906   -9.1917  -13.7255
   169  3576  2669  565610.00  2338450.00  21.146122  105.631905  -10.9965  -17.5100
   170  3966  2672  569510.00  2338420.00  21.145706  105.669464   -7.3152  -11.5938
   171  4212  2672  571970.00  2338420.00  21.145611  105.693155   -9.8150  -15.2958
   172  4458  2675  574430.00  2338390.00  21.145241  105.716845   -7.1398  -18.6105
   173  3516  2678  565010.00  2338360.00  21.145330  105.626123  -10.5478  -11.6840
   174  3123  2678  561080.00  2338360.00  21.145466  105.588274   -7.9053  -19.1360
   175  5604  2681  585890.00  2338330.00  21.144196  105.827207   -8.4028  -15.7974
   176  1722  2681  547070.00  2338330.00  21.145610  105.453344  -14.1154  -23.4512
   177  3717  2684  567020.00  2338300.00  21.144715  105.645479  -11.7471  -18.9476
   178  1833  2687  548180.00  2338270.00  21.145039  105.464033  -12.2393  -21.8560
   179   171  2702  531560.00  2338120.00  21.144047  105.303961   -4.8586  -14.8711
   180  5064  2705  580490.00  2338090.00  21.142274  105.775192   -8.2636  -18.4880
   181  4515  2711  575000.00  2338030.00  21.141965  105.722319   -9.4596  -15.7661
   182   243  2720  532280.00  2337940.00  21.142408  105.310892   -4.3444  -14.3944
   183  3153  2726  561380.00  2337880.00  21.141119  105.591146   -9.3113  -15.4185
   184  3618  2738  566030.00  2337760.00  21.139873  105.635923   -6.4150  -20.5821
   185  4812  2744  577970.00  2337700.00  21.138860  105.750906   -9.3752  -16.2017
   186  3501  2747  564860.00  2337670.00  21.139101  105.624652   -5.3282  -15.8299
   187  5715  2768  587000.00  2337460.00  21.136283  105.837852  -11.6799  -17.1862
   188  3147  2774  561320.00  2337400.00  21.136784  105.590551  -10.4127  -14.4622
   189  1947  2780  549320.00  2337340.00  21.136606  105.474985   -5.9739  -17.7445
   190  1800  2780  547850.00  2337340.00  21.136645  105.460828  -13.6079  -23.1036
   191  4230  2783  572150.00  2337310.00  21.135575  105.694842  -10.8221  -13.4943
   192  6204  2789  591890.00  2337250.00  21.134147  105.884930  -11.7613  -16.8746
   193  4506  2789  574910.00  2337250.00  21.134922  105.721418   -4.7784  -17.1817
   194  5607  2792  585920.00  2337220.00  21.134166  105.827440  -11.2464  -13.3758
   195  6003  2807  589880.00  2337070.00  21.132620  105.865565  -10.7577  -15.7083
   196  4278  2810  572630.00  2337040.00  21.133117  105.699453  -11.2804  -11.0356
   197  5544  2822  585290.00  2336920.00  21.131485  105.821358   -5.6511  -15.9331
   198  2742  2831  557270.00  2336830.00  21.131766  105.551529  -11.7109  -14.7413
   199  1866  2840  548510.00  2336740.00  21.131206  105.467167   -6.1538  -10.1083
   200  4671  2852  576560.00  2336620.00  21.129162  105.737279   -5.5605  -13.8952
   201  2715  2855  557000.00  2336590.00  21.129606  105.548921   -8.6705  -20.1299
   202  3762  2861  567470.00  2336530.00  21.128707  105.649743  -11.0220  -17.9280
   203  2190  2870  551750.00  2336440.00  21.128407  105.498360   -5.1388  -12.8992
   204  3984  2897  569690.00  2336170.00  21.125371  105.671106   -5.0216  -12.7150
   205  5985  2900  589700.00  2336140.00  21.124227  105.863783   -7.0610  -11.8504
   206  2250  2900  552350.00  2336140.00  21.125679  105.504129   -8.7874  -12.9401
   207  3531  2918  565160.00  2335960.00  21.123641  105.627476   -9.0659  -13.8462
   208  4404  2921  573890.00  2335930.00  21.123038  105.711539  -10.1842  -16.4850
   209  4011  2939  569960.00  2335750.00  21.121566  105.673689   -5.8981  -11.9813
   210  3549  2957  565340.00  2335570.00  21.120111  105.629195   -9.2007  -15.7544
   211  4698  2963  576830.00  2335510.00  21.119122  105.739829  -11.6821  -20.0090
   212  2031  2966  550160.00  2335480.00  21.119777  105.483020   -7.9705  -15.1547
   213   780  2969  537650.00  2335450.00  21.119807  105.362555   -8.6094  -15.8530
   214  1899  2969  548840.00  2335450.00  21.119542  105.470309  -10.6968  -16.5234
   215  4746  2978  577310.00  2335360.00  21.117746  105.744444   -7.8294  -15.2031
   216  3510  2978  564950.00  2335360.00  21.118227  105.625432  -10.6400  -17.9096
   217  4776  2987  577610.00  2335270.00  21.116921  105.747329   -8.2736  -16.7610
   218  3837  2996  568220.00  2335180.00  21.116482  105.656911  -10.3421  -19.0869
   219  4065  3002  570500.00  2335120.00  21.115853  105.678862   -8.0583  -13.3574
   220  5928  3011  589130.00  2335030.00  21.114227  105.858237   -7.4233  -14.9502
   221  3594  3011  565790.00  2335030.00  21.115216  105.633507   -6.3047  -12.6254
   222  3516  3014  565010.00  2335000.00  21.114973  105.625996  -10.6546  -18.5243
   223  5937  3023  589220.00  2334910.00  21.113138  105.859097  -10.3425  -15.8423
   224  5937  3026  589220.00  2334880.00  21.112867  105.859096  -11.1319  -15.9231
   225  1410  3026  543950.00  2334880.00  21.114516  105.423206   -8.3787  -19.2172
   226  3555  3038  565400.00  2334760.00  21.112790  105.629742   -9.8574  -17.2848
   227  1359  3041  543440.00  2334730.00  21.113173  105.418292  -10.0961  -16.9080
   228  3510  3047  564950.00  2334670.00  21.111993  105.625405   -9.4538  -17.7358
   229  3918  3047  569030.00  2334670.00  21.111844  105.664690  -12.8247  -16.6886
   230   777  3071  537620.00  2334430.00  21.110591  105.362244  -10.1951  -17.8544
   231  1122  3077  541070.00  2334370.00  21.109975  105.395462  -10.5568  -14.3113
   232  5568  3077  585530.00  2334370.00  21.108436  105.823542   -7.5881  -13.5041
   233  3633  3086  566180.00  2334280.00  21.108425  105.637234   -4.1726  -16.0052
   234  3579  3101  565640.00  2334130.00  21.107090  105.632029   -8.4591  -13.6886
   235  4254  3107  572390.00  2334070.00  21.106293  105.697016  -10.2666  -16.4179
   236  5631  3113  586160.00  2334010.00  21.105154  105.829590  -13.0220  -14.1242
   237  3633  3122  566180.00  2333920.00  21.105173  105.637220   -7.7412  -16.2074
   238  3825  3122  568100.00  2333920.00  21.105102  105.655706   -7.2020  -13.1405
   239  5496  3134  584810.00  2333800.00  21.103320  105.816582   -9.2923  -11.8483
   240  5736  3143  587210.00  2333710.00  21.102394  105.839684   -7.5230  -15.2280
   241  1650  3146  546350.00  2333680.00  21.103614  105.446284    2.2644  -11.0248
   242  5547  3146  585320.00  2333680.00  21.102212  105.821486   -1.2201  -16.1213
   243  3786  3164  567710.00  2333500.00  21.101322  105.651934   -7.3520  -15.1624
   244  3618  3170  566030.00  2333440.00  21.100842  105.635757   -9.3041  -18.9338
   245  3711  3182  566960.00  2333320.00  21.099724  105.644706   -6.4093  -13.8464
   246  1545  3182  545300.00  2333320.00  21.100388  105.436164   -7.1478  -14.6377
   247  2286  3182  552710.00  2333320.00  21.100190  105.507509   -7.5569  -15.7737
   248  6576  3182  595610.00  2333320.00  21.098451  105.920532   -8.4525  -14.9592
   249  1680  3185  546650.00  2333290.00  21.100083  105.449162  -11.7172  -15.6604
   250   363  3185  533480.00  2333290.00  21.100372  105.322358   -6.8978  -14.4885
   251  3729  3188  567140.00  2333260.00  21.099175  105.646437   -8.9562  -15.5377
   252  1665  3194  546500.00  2333200.00  21.099274  105.447715   -7.7439  -13.7774
   253  6288  3197  592730.00  2333170.00  21.097244  105.892798   -9.6669  -16.3530
   254  3621  3197  566060.00  2333170.00  21.098401  105.636035   -9.6429  -16.6495
   255  6315  3203  593000.00  2333110.00  21.096688  105.895394   -8.4021  -16.4459
   256  3711  3212  566960.00  2333020.00  21.097013  105.644695  -10.2271  -16.6073
   257  3921  3221  569060.00  2332930.00  21.096122  105.664909  -10.4603  -20.4725
   258  3156  3245  561410.00  2332690.00  21.094226  105.591249   -7.8939  -14.4779
   259  5685  3248  586700.00  2332660.00  21.092932  105.834721  -12.8409  -16.7334
   260  5709  3257  586940.00  2332570.00  21.092107  105.837027   -3.5491  -15.9821
   261  3609  3263  565940.00  2332510.00  21.092442  105.634855   -9.4993  -13.5236
   262  1896  3278  548810.00  2332360.00  21.091624  105.469932   -7.4514  -11.0273
   263  1821  3299  548060.00  2332150.00  21.089746  105.462705   -8.3828  -14.6931
   264  4617  3320  576020.00  2331940.00  21.086901  105.731872   -9.8875  -14.0753
   265   297  3353  532820.00  2331610.00  21.085204  105.315972   -7.8543  -13.3111
   266  5130  3356  581150.00  2331580.00  21.083429  105.781240   -7.3223  -14.8213
   267  2283  3359  552680.00  2331550.00  21.084198  105.507165   -5.6507  -15.5308
   268  4758  3365  577430.00  2331490.00  21.082777  105.745425   -7.8676  -14.7265
   269  6474  3365  594590.00  2331490.00  21.081971  105.910612   -8.8695  -16.2555
   270  5610  3374  585950.00  2331400.00  21.081584  105.827437   -8.8516  -12.8365
   271  2316  3383  553010.00  2331310.00  21.082020  105.510335   -7.8471  -15.4708
   272  4479  3395  574640.00  2331190.00  21.080182  105.718554   -2.7552  -15.5173
   273  4797  3401  577820.00  2331130.00  21.079508  105.749163   -7.3138  -15.9693
   274  1632  3404  546170.00  2331100.00  21.080308  105.444481   -9.6437  -16.6453
   275  4827  3413  578120.00  2331010.00  21.078411  105.752046  -11.7362  -15.0803
   276  4695  3416  576800.00  2330980.00  21.078195  105.739338  -11.3527  -16.4343
   277  3228  3416  562130.00  2330980.00  21.078752  105.598119  -10.4004  -15.5497
   278  4968  3425  579530.00  2330890.00  21.077266  105.765613   -7.4922  -14.5696
   279  4740  3428  577250.00  2330860.00  21.077092  105.743664   -9.4294  -13.8587
   280  4809  3428  577940.00  2330860.00  21.077063  105.750306   -8.9682  -16.3965
   281  4503  3434  574880.00  2330800.00  21.076649  105.720848   -6.6707  -14.3909
   282  5100  3434  580850.00  2330800.00  21.076395  105.778315   -6.1804  -14.5161
   283  4827  3437  578120.00  2330770.00  21.076242  105.752035  -13.8604  -15.0077
   284  4824  3437  578090.00  2330770.00  21.076244  105.751746   -7.4462  -16.7952
   285  4806  3437  577910.00  2330770.00  21.076251  105.750013   -9.9914  -16.1386
   286  4776  3440  577610.00  2330740.00  21.075993  105.747124   -8.0636  -13.6853
   287  4974  3443  579590.00  2330710.00  21.075637  105.766182   -9.0230  -15.6075
   288  5667  3443  586520.00  2330710.00  21.075323  105.832890   -9.9086  -17.0496
   289  3768  3449  567530.00  2330650.00  21.075579  105.650089   -7.7002  -15.5881
   290  4815  3452  578000.00  2330620.00  21.074892  105.750873  -11.2164  -16.4041
   291  6285  3455  592700.00  2330590.00  21.073936  105.892370  -10.6108  -16.4589
   292  4860  3458  578450.00  2330560.00  21.074331  105.755202  -12.3811  -16.0027
   293  4713  3461  576980.00  2330530.00  21.074122  105.741050   -7.7748  -15.9977
   294  3996  3476  569810.00  2330380.00  21.073054  105.672026   -8.9287  -12.4863
   295  5730  3482  587150.00  2330320.00  21.071769  105.838934   -5.4425  -14.2737
   296  1671  3485  546560.00  2330290.00  21.072980  105.448214  -16.7308  -23.8339
   297  2055  3485  550400.00  2330290.00  21.072878  105.485179   -8.4880  -17.5323
   298  6297  3488  592820.00  2330260.00  21.070949  105.893507  -11.7503  -17.2355
   299  4728  3491  577130.00  2330230.00  21.071406  105.742481   -9.2777  -14.8013
   300  1494  3494  544790.00  2330200.00  21.072210  105.431173   -9.8368  -17.8635
   301  6996  3509  599810.00  2330050.00  21.068684  105.960776   -8.7363  -17.4935
   302  4818  3509  578030.00  2330050.00  21.069741  105.751136  -10.2187  -15.3191
   303  3630  3518  566150.00  2329960.00  21.069395  105.636778   -9.8689  -15.1259
   304  3801  3518  567860.00  2329960.00  21.069333  105.653239   -8.4910  -14.3600
   305  4905  3521  578900.00  2329930.00  21.068620  105.759505  -10.4854  -15.4914
   306  3921  3521  569060.00  2329930.00  21.069017  105.664788   -8.5893  -14.5450
   307  2253  3527  552380.00  2329870.00  21.069028  105.504226   -9.0712  -17.1752
   308  4863  3545  578480.00  2329690.00  21.066469  105.755451   -7.6263  -15.8000
   309  6942  3554  599270.00  2329600.00  21.064648  105.955552  -10.5275  -16.5032
   310  2148  3554  551330.00  2329600.00  21.066618  105.494111  -11.2414  -16.6288
   311  4767  3557  577520.00  2329570.00  21.065426  105.746205   -8.9456  -15.9241
   312  7389  3572  603740.00  2329420.00  21.062774  105.998564   -7.2491  -13.3972
   313  1770  3575  547550.00  2329390.00  21.064822  105.457719  -11.0192  -17.6541
   314  4593  3575  575780.00  2329390.00  21.063873  105.729449   -5.7938  -11.8363
   315  7329  3578  603140.00  2329360.00  21.062266  105.992785   -7.7804  -19.4392
   316  7440  3581  604250.00  2329330.00  21.061932  106.003467  -13.3540  -20.7634
   317  4644  3587  576290.00  2329270.00  21.062767  105.734353   -8.5207  -15.4122
   318  5817  3605  588020.00  2329090.00  21.060615  105.847245   -9.9655  -14.3511
   319  3762  3608  567470.00  2329060.00  21.061216  105.649449  -11.3757  -17.5350
   320  7383  3611  603680.00  2329030.00  21.059255  105.997963   -7.9492  -17.6194
   321  7419  3623  604040.00  2328910.00  21.058150  106.001420  -12.8158  -17.3846
   322  7437  3644  604220.00  2328700.00  21.056243  106.003140   -5.4021  -19.7399
   323  4668  3659  576530.00  2328550.00  21.056252  105.736631   -7.3908  -13.0228
   324  4683  3659  576680.00  2328550.00  21.056246  105.738074  -11.5168  -15.4156
   325  7380  3662  603650.00  2328520.00  21.054649  105.997643  -10.4322  -16.8495
   326  7452  3662  604370.00  2328520.00  21.054608  106.004572   -4.5790  -12.9934
   327  7068  3665  600530.00  2328490.00  21.054551  105.967614   -7.9023  -15.6671
   328  2652  3671  556370.00  2328430.00  21.055899  105.542587  -12.1420  -20.3745
   329  2649  3677  556340.00  2328370.00  21.055357  105.542296   -9.0426  -16.6798
   330  2874  3677  558590.00  2328370.00  21.055287  105.563952   -9.8866  -13.1873
   331  6777  3692  597620.00  2328220.00  21.052269  105.939593  -12.1498  -18.0250
   332  7257  3692  602420.00  2328220.00  21.052008  105.985788   -8.7739  -15.2404
   333  2553  3707  555380.00  2328070.00  21.052676  105.533046   -5.3921  -13.7224
   334  2214  3707  551990.00  2328070.00  21.052775  105.500418   -9.2215  -15.8228
   335  4986  3710  579710.00  2328040.00  21.051509  105.767214  -10.3590  -17.0224
   336  6999  3710  599840.00  2328040.00  21.050524  105.960948  -10.2586  -14.0173
   337  2709  3713  556940.00  2328010.00  21.052086  105.548059  -12.8024  -17.6115
   338  1218  3719  542030.00  2327950.00  21.051946  105.404549  -10.4065  -16.5579
   339  6699  3725  596840.00  2327890.00  21.049329  105.932068   -6.7994  -13.2744
   340  7509  3725  604940.00  2327890.00  21.048884  106.010020   -9.4144  -15.2265
   341  1191  3728  541760.00  2327860.00  21.051139  105.401948  -11.0123  -18.4648
   342  7524  3728  605090.00  2327860.00  21.048604  106.011461   -6.5463  -15.7879
   343  4866  3734  578510.00  2327800.00  21.049392  105.755653  -10.6913  -14.2322
   344  6801  3743  597860.00  2327710.00  21.047649  105.941874   -6.3782  -12.4060
   345  4638  3746  576230.00  2327680.00  21.048404  105.733705   -7.1925  -10.1523
   346  4638  3749  576230.00  2327650.00  21.048133  105.733703   -4.7208   -6.2625
   347  2211  3752  551960.00  2327620.00  21.048710  105.500115   -9.1303  -15.3287
   348  3972  3752  569570.00  2327620.00  21.048127  105.669604  -10.9095  -17.0329
   349  3027  3752  560120.00  2327620.00  21.048461  105.578653  -12.2335  -15.3258
   350  3954  3755  569390.00  2327590.00  21.047863  105.667870   -8.0620  -16.1834
   351  1626  3755  546110.00  2327590.00  21.048596  105.443810  -10.5429  -15.8684
   352  4623  3758  576080.00  2327560.00  21.047326  105.732256   -9.8772  -13.5589
   353   345  3776  533300.00  2327380.00  21.046975  105.320511   -5.9185  -15.3841
   354  3912  3785  568970.00  2327290.00  21.045168  105.663816   -9.5184  -14.0657
   355  2388  3791  553730.00  2327230.00  21.045136  105.517139  -11.2451  -21.8097
   356  2655  3791  556400.00  2327230.00  21.045055  105.542836   -8.1099  -11.6838
   357  7179  3794  601640.00  2327200.00  21.042836  105.978221   -8.7706  -13.3732
   358  5931  3815  589160.00  2326990.00  21.041588  105.858109   -6.9834  -12.4981
   359  7128  3818  601130.00  2326960.00  21.040696  105.973299  -11.5667  -19.9667
   360  1599  3821  545840.00  2326930.00  21.042639  105.441193   -5.6312  -11.1946
   361  7113  3848  600980.00  2326660.00  21.037994  105.971838   -7.7550  -13.1031
   362   459  3872  534440.00  2326420.00  21.038280  105.331464   -5.5744  -16.6827
   363  1308  3893  542930.00  2326210.00  21.036204  105.413168  -11.5261  -13.5353
   364  3765  3899  567500.00  2326150.00  21.034923  105.649624   -8.0139  -15.0514
   365  7392  3899  603770.00  2326150.00  21.033231  105.998655  -11.5152  -20.9795
   366  7392  3902  603770.00  2326120.00  21.032960  105.998654   -9.1206  -17.4277
   367  1362  3902  543470.00  2326120.00  21.035378  105.418363   -8.9090  -19.9152
   368  3747  3920  567320.00  2325940.00  21.033032  105.647883   -7.6543  -13.8412
   369  4047  3932  570320.00  2325820.00  21.031835  105.676749   -9.9193  -14.9233
   370  7119  3932  601040.00  2325820.00  21.030402  105.972366  -11.1652  -15.4186
   371  4266  3947  572510.00  2325670.00  21.030395  105.697818   -7.2618  -13.7745
   372  3807  3947  567920.00  2325670.00  21.030570  105.653647   -9.6187  -16.4808
   373  4617  3950  576020.00  2325640.00  21.029982  105.731594  -11.5276  -13.3128
   374  2145  3953  551300.00  2325610.00  21.030568  105.493703  -10.1059  -12.7245
   375  7131  3953  601160.00  2325610.00  21.028498  105.973508  -10.1246  -15.5917
   376  1308  3968  542930.00  2325460.00  21.029427  105.413150   -6.2692  -13.8718
   377  3741  3974  567260.00  2325400.00  21.028155  105.647285   -5.2439  -13.2549
   378   189  3977  531740.00  2325370.00  21.028842  105.305459  -11.6332  -15.0318
   379  4665  3980  576500.00  2325340.00  21.027252  105.736199   -9.6816  -14.6886
   380  5157  3986  581420.00  2325280.00  21.026498  105.783541   -7.7126  -12.1970
   381  4218  3995  572030.00  2325190.00  21.026077  105.693178   -7.8404  -13.2088
   382  5148  3995  581330.00  2325190.00  21.025689  105.782671  -11.1367  -13.5048
   383  1743  4001  547280.00  2325130.00  21.026339  105.455003   -7.9246  -15.3906
   384  3792  4004  567770.00  2325100.00  21.025426  105.652181   -9.1874  -15.5349
   385  6417  4007  594020.00  2325070.00  21.023999  105.904774  -11.0648  -14.9703
   386  3975  4019  569600.00  2324950.00  21.024002  105.669785  -10.3802  -13.6897
   387  7275  4049  602600.00  2324650.00  21.019745  105.987308   -9.7807  -13.8174
   388  7260  4055  602450.00  2324590.00  21.019212  105.985861   -6.3235  -14.4416
   389  7230  4058  602150.00  2324560.00  21.018957  105.982972   -5.9324  -12.4867
   390  2766  4064  557510.00  2324500.00  21.020355  105.553428   -6.3615  -14.3209
   391  4083  4064  570680.00  2324500.00  21.019895  105.680159  -10.3856  -14.1423
   392  7170  4076  601550.00  2324380.00  21.017364  105.977189   -4.7932  -16.5317
   393  3972  4079  569570.00  2324350.00  21.018582  105.669472  -13.1740  -17.4104
   394  7329  4085  603140.00  2324290.00  21.016463  105.992482  -12.4877  -19.6681
   395  1764  4091  547490.00  2324230.00  21.018202  105.456999   -9.6475  -12.5476
   396  5235  4121  582200.00  2323930.00  21.014266  105.790982   -8.8535  -13.8536
   397  6663  4124  596480.00  2323900.00  21.013301  105.928380   -8.4712  -12.5636
   398  3975  4136  569600.00  2323780.00  21.013431  105.669738   -7.9803  -14.7450
   399  6624  4136  596090.00  2323780.00  21.012237  105.924621   -9.6875  -14.8698
   400  3987  4139  569720.00  2323750.00  21.013156  105.670891   -6.0845  -14.9680
   401  3966  4142  569510.00  2323720.00  21.012893  105.668869   -7.4911  -17.4344
   402  4140  4145  571250.00  2323690.00  21.012555  105.685611   -6.9807  -17.4590
   403  2316  4172  553010.00  2323420.00  21.010732  105.510092   -8.6505  -12.5963
   404  4140  4175  571250.00  2323390.00  21.009845  105.685598   -8.5905  -15.0650
   405  4143  4181  571280.00  2323330.00  21.009301  105.685884   -7.6909  -17.2975
   406  4098  4196  570830.00  2323180.00  21.007963  105.681548  -12.3661  -14.4694
   407  4257  4199  572420.00  2323150.00  21.007630  105.696846   -8.2396  -16.0246
   408  4113  4202  570980.00  2323120.00  21.007416  105.682989   -5.1364  -18.2403
   409  7038  4205  600230.00  2323090.00  21.005782  105.964413   -7.1074  -14.8847
   410  2487  4208  554720.00  2323060.00  21.007429  105.526535  -11.5848  -13.0491
   411  4248  4217  572330.00  2322970.00  21.006008  105.695972   -9.3547  -19.0245
   412  4278  4223  572630.00  2322910.00  21.005454  105.698856   -7.3790  -16.0226
   413  4986  4259  579710.00  2322550.00  21.001908  105.766960   -9.1382  -18.3799
   414  6774  4274  597590.00  2322400.00  20.999691  105.938975  -10.6483  -16.4385
   415  4170  4277  571550.00  2322370.00  21.000617  105.688442  -10.8322  -16.6629
   416  3981  4298  569660.00  2322160.00  20.998792  105.670250   -4.1351  -14.0265
   417  3936  4301  569210.00  2322130.00  20.998538  105.665919  -12.4359  -16.3760
   418  6729  4304  597140.00  2322100.00  20.997004  105.934629   -8.9777  -17.1238
   419  6675  4316  596600.00  2321980.00  20.995949  105.929427   -9.2828  -14.2755
   420  2220  4328  552050.00  2321860.00  20.996665  105.500808  -10.2631  -14.6021
   421  5163  4334  581480.00  2321800.00  20.995054  105.783954   -5.9107   -7.2731
   422  4668  4343  576530.00  2321710.00  20.994454  105.736327   -7.4917  -17.1495
   423  4035  4346  570200.00  2321680.00  20.994435  105.675426   -9.0614  -15.0766
   424  4200  4346  571850.00  2321680.00  20.994371  105.691300   -8.3350  -12.8148
   425  4533  4349  575180.00  2321650.00  20.993967  105.723336  -11.1533  -17.2025
   426  4044  4358  570290.00  2321560.00  20.993347  105.676287   -6.3571  -15.9909
   427  6237  4364  592220.00  2321500.00  20.991837  105.887263   -8.9029  -15.5340
   428  4902  4385  578870.00  2321290.00  20.990560  105.758821   -6.3746  -14.6692
   429  4899  4388  578840.00  2321260.00  20.990290  105.758531   -6.7999  -14.9364
   430  4014  4397  569990.00  2321170.00  20.989835  105.673385   -7.4276  -15.1141
   431  3975  4409  569600.00  2321050.00  20.988766  105.669628   -7.7818  -15.5785
   432  3705  4421  566900.00  2320930.00  20.987782  105.643647   -6.8040  -16.5599
   433  4062  4439  570470.00  2320750.00  20.986022  105.677985   -9.0794  -17.0378
   434  4773  4448  577580.00  2320660.00  20.984923  105.746382   -9.2576  -17.3517
   435  4323  4478  573080.00  2320360.00  20.982397  105.703078  -12.0142  -15.3707
   436  4116  4487  571010.00  2320270.00  20.981665  105.683161   -8.1595  -14.0629
   437  4944  4490  579290.00  2320240.00  20.981056  105.762813  -10.8390  -18.3823
   438  3729  4490  567140.00  2320240.00  20.981539  105.645929   -8.7484  -18.3798
   439  4038  4493  570230.00  2320210.00  20.981152  105.675654   -6.6311  -13.1155
   440  4140  4517  571250.00  2319970.00  20.978945  105.685457  -10.9915  -18.2448
   441  4425  4550  574100.00  2319640.00  20.975851  105.712860   -8.5026  -16.1327
   442  4407  4577  573920.00  2319370.00  20.973419  105.711117  -11.9506  -17.2595
   443  4176  4598  571610.00  2319160.00  20.971612  105.688887   -8.2871  -14.6681
   444  4335  4625  573200.00  2318890.00  20.969111  105.704170   -9.5800  -18.8280
   445  4362  4640  573470.00  2318740.00  20.967745  105.706761   -8.1989  -16.0256
   446  5382  4670  583670.00  2318440.00  20.964599  105.804861   -8.9674  -16.0997
   447  4686  4703  576710.00  2318110.00  20.961920  105.737899  -13.6085  -18.0526
   448  4680  4709  576650.00  2318050.00  20.961381  105.737319   -7.9759  -11.9266
   449  2526  4715  555110.00  2317990.00  20.961609  105.530126   -9.6073  -23.5032
   450  3345  4718  563300.00  2317960.00  20.961075  105.608904   -6.3003  -16.2499
   451  4344  4718  573290.00  2317960.00  20.960704  105.704997   -9.3695  -15.4370
   452  2511  4721  554960.00  2317930.00  20.961071  105.528681  -11.3984  -16.1152
   453  4524  4730  575090.00  2317840.00  20.959548  105.722305   -7.1862  -15.5019
   454  5664  4766  586490.00  2317480.00  20.955795  105.831938  -12.1141  -16.9744
   455  4590  4772  575750.00  2317420.00  20.955726  105.728635   -9.1084  -16.8307
   456  2898  4775  558830.00  2317390.00  20.956073  105.565888  -14.6721  -16.0805
   457  2865  4778  558500.00  2317360.00  20.955812  105.562713  -14.7104  -13.9988
   458  5235  4802  582200.00  2317120.00  20.952739  105.790659  -14.8717  -14.5206
   459  4599  4826  575840.00  2316880.00  20.950843  105.729477   -8.5473  -18.9379
   460  2595  4826  555800.00  2316880.00  20.951559  105.536727   -8.1684  -13.3696
   461  5727  4829  587120.00  2316850.00  20.950074  105.837965   -8.4169  -15.0239
   462  4614  4847  575990.00  2316670.00  20.948940  105.730910   -8.0188  -17.2625
   463  6147  4877  591320.00  2316370.00  20.945534  105.878334  -11.7478  -15.3246
   464  6123  4877  591080.00  2316370.00  20.945546  105.876026  -10.3767  -17.6129
   465  6294  4886  592790.00  2316280.00  20.944648  105.892467   -7.9925  -14.0569
   466  6306  4895  592910.00  2316190.00  20.943828  105.893616   -6.7445  -17.7338
   467  6237  4934  592220.00  2315800.00  20.940340  105.886960   -9.1213  -16.5261
   468  6273  4946  592580.00  2315680.00  20.939237  105.890415  -12.4581  -17.0795
   469  4461  4949  574460.00  2315650.00  20.939787  105.716151   -7.7635  -15.2857
   470  4506  4958  574910.00  2315560.00  20.938955  105.720475   -6.2424  -16.4784
   471  6084  4961  590690.00  2315530.00  20.937976  105.872231   -8.3853  -12.2488
   472  6057  4964  590420.00  2315500.00  20.937718  105.869633   -4.5051  -14.4619
   473  6393  4991  593780.00  2315230.00  20.935111  105.901931   -8.6953  -18.4462
   474  2706  4994  556910.00  2315200.00  20.936346  105.547348  -10.9839  -16.2854
   475  4380  5018  573650.00  2314960.00  20.933585  105.708332  -12.7007  -15.1953
   476  6234  5024  592190.00  2314900.00  20.932210  105.886623   -3.7403  -14.7456
   477  6258  5027  592430.00  2314870.00  20.931927  105.888930   -6.5606  -16.9430
   478  4398  5048  573830.00  2314660.00  20.930867  105.710050   -6.6551  -14.0287
   479  3510  5078  564950.00  2314360.00  20.928491  105.624641   -9.5094  -16.0705
   480  3489  5099  564740.00  2314150.00  20.926601  105.622613   -7.8427  -14.3425
   481  4740  5126  577250.00  2313880.00  20.923680  105.742905  -11.1833  -16.7125
   482  4116  5132  571010.00  2313820.00  20.923388  105.682896  -11.9794  -16.3375
   483  4200  5138  571850.00  2313760.00  20.922814  105.690971   -8.5841  -17.0043
   484  4383  5138  573680.00  2313760.00  20.922742  105.708569  -10.1127  -18.9764
   485  5799  5147  587840.00  2313670.00  20.921309  105.844729   -6.4669  -11.9176
   486  5655  5210  586400.00  2313040.00  20.915685  105.830851  -11.9452   -8.4462
   487  6354  5249  593390.00  2312650.00  20.911822  105.898042  -10.8383  -16.0653
   488  4638  5252  576230.00  2312620.00  20.912338  105.733041  -10.0591  -18.7118
   489  4581  5288  575660.00  2312260.00  20.909109  105.727544  -13.4726  -20.9831
   490  4533  5303  575180.00  2312110.00  20.907774  105.722922  -11.6906  -17.4176
   491  3603  5312  565880.00  2312020.00  20.907315  105.633495   -4.5894  -16.0473
   492  4287  5381  572720.00  2311330.00  20.900825  105.699236   -0.7121  -12.0631
   493  2880  5462  558650.00  2310520.00  20.894006  105.563925   -7.5586  -13.8244
   494  4599  5546  575840.00  2309680.00  20.885791  105.729162   -5.4819  -18.0603
   495  4599  5567  575840.00  2309470.00  20.883894  105.729153   -3.6176  -13.6753
   496  4623  5573  576080.00  2309410.00  20.883342  105.731458   -8.6119  -14.6876
   497  6156  5588  591410.00  2309260.00  20.881293  105.878825   -9.4447  -16.5580
   498  4659  5597  576440.00  2309170.00  20.881159  105.734908   -6.2437  -13.8168
   499  4617  5606  576020.00  2309080.00  20.880363  105.730867  -11.4243  -16.6493
   500  6255  5612  592400.00  2309020.00  20.879076  105.888330   -8.0339  -16.3004
   501  3312  5651  562970.00  2308630.00  20.876787  105.605392   -7.3707  -15.1978
   502  6525  5657  595100.00  2308570.00  20.874873  105.914260   -6.8374  -18.6979
   503  6645  5705  596300.00  2308090.00  20.870475  105.925769   -7.6403  -16.5310
   504  6327  5717  593120.00  2307970.00  20.869553  105.895195  -10.8235  -12.6220
   505  6198  5735  591830.00  2307790.00  20.867991  105.882785   -9.4508  -21.1260
   506  6438  5789  594230.00  2307250.00  20.862992  105.905826   -8.6676  -19.4135
   507  6150  5792  591350.00  2307220.00  20.862865  105.878142   -4.8656  -15.8293
   508  3726  5792  567110.00  2307220.00  20.863902  105.645137   -4.9904  -15.6609
   509  3705  5795  566900.00  2307190.00  20.863639  105.643117  -10.1290  -16.9588
   510  6363  5798  593480.00  2307160.00  20.862217  105.898612   -5.7511  -14.4253
   511  3414  5831  563990.00  2306830.00  20.860489  105.615131  -10.4648  -15.1063
   512  6336  5846  593210.00  2306680.00  20.857894  105.895991   -8.2658  -15.9303
   513  3837  5861  568220.00  2306530.00  20.857627  105.655780  -10.6206  -14.9499
   514  3834  5864  568190.00  2306500.00  20.857357  105.655491   -8.2148  -14.6206
   515  6666  5873  596510.00  2306410.00  20.855286  105.927695  -10.3526  -18.9599
   516  4500  5876  574850.00  2306380.00  20.856016  105.719503   -7.3870  -13.9857
   517  4890  5903  578750.00  2306110.00  20.853415  105.756977  -11.4903  -24.1252
   518  5742  5906  587270.00  2306080.00  20.852762  105.838867  -10.2590  -13.4856
   519  3888  5909  568730.00  2306050.00  20.853272  105.660664  -16.6728  -23.3641
   520  4896  5915  578810.00  2305990.00  20.852328  105.757548  -11.0883  -20.7625
   521  4926  5954  579110.00  2305600.00  20.848792  105.760414   -7.9184  -17.8846
   522  5751  5993  587360.00  2305210.00  20.844898  105.839688   -9.5394  -20.7951
   523  3675  5999  566600.00  2305150.00  20.845218  105.640156  -11.1798  -20.0210
   524  3798  6005  567830.00  2305090.00  20.844631  105.651975  -10.7927  -18.5393
   525  4176  6059  571610.00  2304550.00  20.839610  105.688284   -5.6743  -16.2574
   526  4887  6068  578720.00  2304460.00  20.838508  105.756614   -7.9559  -16.6777
   527  5817  6068  588020.00  2304460.00  20.838090  105.845994   -6.8690  -15.5469
   528  4026  6086  570110.00  2304280.00  20.837228  105.673857   -9.6022  -12.6476
   529  6108  6101  590930.00  2304130.00  20.834969  105.873943    0.8153   -9.8452
   531  4131  6203  571160.00  2303110.00  20.826616  105.683901   -6.8748  -16.2771
   532  4032  6293  570170.00  2302210.00  20.818522  105.674350  -12.8246  -23.2547
   533  5907  6302  588920.00  2302120.00  20.816906  105.854524   -7.9947  -17.9776
   534  3978  6365  569630.00  2301490.00  20.812037  105.669132   -9.6953  -15.1318
   535  4635  6407  576200.00  2301070.00  20.807985  105.732247   -9.1238  -13.5915
   536  4881  6515  578660.00  2299990.00  20.798124  105.755836   -9.9566  -15.2137
   537  3972  6524  569570.00  2299900.00  20.797674  105.668492   -8.4725  -18.9785
   538  3975  6575  569600.00  2299390.00  20.793065  105.668760  -11.3428  -13.5171
   539  3882  6587  568670.00  2299270.00  20.792015  105.659820   -9.5057  -15.5095
   540  6723  6677  597080.00  2298370.00  20.782617  105.932726  -11.4107  -18.0495
   541  3975  6704  569600.00  2298100.00  20.781409  105.668709   -9.3740  -14.8115
   542  6936  6743  599210.00  2297710.00  20.776542  105.953151  -10.3517  -15.7376
   543  6687  6758  596720.00  2297560.00  20.775318  105.929223   -8.6178  -17.8504
   544  6987  6761  599720.00  2297530.00  20.774889  105.958040  -13.0508  -15.0984
   545  6942  6764  599270.00  2297500.00  20.774642  105.953716   -7.2533  -16.2048
   546  7032  6773  600170.00  2297410.00  20.773780  105.962356  -12.6862  -18.9695
   547  7035  6791  600200.00  2297230.00  20.772152  105.962634   -6.9281  -11.0186
   548  6882  6794  598670.00  2297200.00  20.771963  105.947935   -6.3774  -14.2201
   549  7056  6794  600410.00  2297200.00  20.771870  105.964650   -5.4959  -13.0917
   550  5856  6812  588410.00  2297020.00  20.770852  105.849365  -11.1263  -15.5651
   551  6426  6821  594110.00  2296930.00  20.769760  105.904116   -7.1785  -13.5551
   552  7035  6857  600200.00  2296570.00  20.766190  105.962596  -13.7681  -20.2960
   553  7044  6872  600290.00  2296420.00  20.764830  105.963452   -9.6951  -16.3882
   554  4044  6935  570290.00  2295790.00  20.760512  105.675245   -7.7932  -16.7733
   555  6639  6953  596240.00  2295610.00  20.757725  105.924505   -5.7744  -10.9571
   556  5850  7004  588350.00  2295100.00  20.753508  105.848692   -8.6462  -13.8879
   557  6237  7022  592220.00  2294920.00  20.751695  105.885855  -11.0896  -14.3585
   558  4284  7130  572690.00  2293840.00  20.742801  105.698219   -9.4258  -18.4535
   559  6345  7160  593300.00  2293540.00  20.739173  105.896155  -10.8562  -16.9243
   560  4548  7247  575330.00  2292670.00  20.732125  105.723525   -7.4798  -13.9711
   561  4473  7268  574580.00  2292460.00  20.730258  105.716313   11.2955    5.0892
   562  4239  7436  572240.00  2290780.00  20.715170  105.693771   -6.0697  -15.8632
   563  7149  7628  601340.00  2288860.00  20.696471  105.973101   -5.4988  -16.0618
   564  5019  7637  580040.00  2288770.00  20.696692  105.768583   -9.9795  -16.0635
   565  7221  7757  602060.00  2287570.00  20.684777  105.979940   -7.9594  -16.6783
   566  7269  7769  602540.00  2287450.00  20.683667  105.984541  -11.1175  -13.8073
   567  5073  7775  580580.00  2287390.00  20.684200  105.773705   -6.0854  -13.2504
   568  7191  7787  601760.00  2287270.00  20.682083  105.977042   -9.2469  -17.6513
   569  7209  7832  601940.00  2286820.00  20.678008  105.978744   -9.3673  -12.0807
   570  7095  7835  600800.00  2286790.00  20.677798  105.967798   -5.7317  -16.7219
   571  7092  7850  600770.00  2286640.00  20.676445  105.967502  -10.1202  -15.3971
   572  7179  7856  601640.00  2286580.00  20.675856  105.975850   -8.9264  -12.6721
   573  5064  7940  580490.00  2285740.00  20.669296  105.772765   -9.8950  -20.8226
   574  6012  8003  589970.00  2285110.00  20.663172  105.863741   -7.7425  -15.8239
   575  5160  8018  581450.00  2284960.00  20.662207  105.781945   -8.9379  -15.1117
   576  4416  8045  574010.00  2284690.00  20.660076  105.710512   -7.6646  -11.8009
   577  5202  8123  581870.00  2283910.00  20.652702  105.785928   -5.8827  -14.7926
   578  5310  8204  582950.00  2283100.00  20.645336  105.796257   -9.8666  -17.2659
   579  5142  8432  581270.00  2280820.00  20.624809  105.780027   -8.3041  -14.0177
   580  5145  8441  581300.00  2280730.00  20.623994  105.780310   -9.2165  -14.9463
