; ENVI Output of ROIs (5.2) [Tue Dec 03 19:54:10 2019]
; Number of ROIs: 1
; File Dimension: 7647 x 9116
;
; ROI name: EVF: Layer: crop.shp
; ROI rgb value: {255, 255, 255}
; ROI npts: 593
;   ID     X     Y      Map X       Map Y        Lat         Lon        B1        B2
     1  5361    86  583460.00  2364280.00  21.378753  105.805079   -9.5679  -13.5351
     2  5688   158  586730.00  2363560.00  21.372094  105.836583   -9.7047  -16.5746
     3  5196   167  581810.00  2363470.00  21.371511  105.789124  -12.8867  -15.1835
     4  5217   224  582020.00  2362900.00  21.366352  105.791122   -7.5109  -16.5307
     5  5253   245  582380.00  2362690.00  21.364438  105.794584   -9.6716  -17.1741
     6  5580   305  585650.00  2362090.00  21.358866  105.826091   -9.5157  -15.7133
     7  5508   362  584930.00  2361520.00  21.353750  105.819119  -10.8944  -14.4148
     8  5244   365  582290.00  2361490.00  21.353601  105.793658   -6.5953  -15.4676
     9  5373   368  583580.00  2361460.00  21.353271  105.806097   -9.1981  -16.2703
    10  5286   404  582710.00  2361100.00  21.350059  105.797689   -8.0425  -16.6864
    11  5538   533  585230.00  2359810.00  21.338287  105.821926   -8.0787  -16.5719
    12  5916   590  589010.00  2359240.00  21.332955  105.858346  -10.0860  -16.0400
    13  5910   602  588950.00  2359120.00  21.331874  105.857761  -11.1239  -16.3755
    14  5214   626  581990.00  2358880.00  21.330035  105.790638  -13.9878  -15.6476
    15  6006   743  589910.00  2357710.00  21.319088  105.866943  -10.3631  -14.3421
    16  5964   746  589490.00  2357680.00  21.318838  105.862892   -9.7790  -18.0618
    17  5529   800  585140.00  2357140.00  21.314170  105.820924  -10.6780  -14.0811
    18  5598   857  585830.00  2356570.00  21.308987  105.827548  -12.7049  -15.8797
    19  6051   860  590360.00  2356540.00  21.308496  105.871219   -8.6055  -12.5311
    20  5598   872  585830.00  2356420.00  21.307632  105.827540  -11.7078  -16.2704
    21  5952   905  589370.00  2356090.00  21.304480  105.861651  -10.9730  -12.1671
    25  6072   926  590570.00  2355880.00  21.302523  105.873209   -9.3403  -14.1492
    26  5505   953  584900.00  2355610.00  21.300358  105.818533   -9.1567  -15.0134
    27  5346   959  583310.00  2355550.00  21.299890  105.803202  -12.1759  -16.4075
    29  5904  1073  588890.00  2354410.00  21.289326  105.856936  -12.2428  -16.0347
    30  6267  1079  592520.00  2354350.00  21.288602  105.891924  -11.3204  -16.1288
    31  5844  1085  588290.00  2354290.00  21.288271  105.851146   -9.7507  -19.2173
    32  4719  1091  577040.00  2354230.00  21.288242  105.742696   -4.6401  -13.2529
    33  4701  1142  576860.00  2353720.00  21.283642  105.740938  -10.9912  -15.2815
    34  4857  1142  578420.00  2353720.00  21.283575  105.755976  -12.5743  -19.5634
    35  5514  1220  584990.00  2352940.00  21.276232  105.819267  -11.3671  -15.3736
    36  4695  1448  576800.00  2350660.00  21.255999  105.740222  -13.7503  -19.0625
    37  4956  1454  579410.00  2350600.00  21.255344  105.765373   -9.3719  -15.2421
    38  1479  1457  544640.00  2350570.00  21.256262  105.430260   -8.3438  -16.7396
    39  1515  1460  545000.00  2350540.00  21.255982  105.433729   -9.1295  -13.1443
    40  1497  1484  544820.00  2350300.00  21.253818  105.431988   -9.0002  -14.5047
    41  5646  1493  586310.00  2350210.00  21.251506  105.831852   -5.5486  -18.1020
    42  1518  1505  545030.00  2350090.00  21.251915  105.434007   -7.8616  -17.2911
    43  6135  1529  591200.00  2349850.00  21.248014  105.878958  -13.2286  -21.4843
    44   753  1553  537380.00  2349610.00  21.247752  105.360265  -10.2591  -16.7384
    45  6033  1634  590180.00  2348800.00  21.238579  105.869073   -5.9101   -9.1553
    46  1524  1655  545090.00  2348590.00  21.238361  105.434545   -8.3214  -12.6419
    47  5010  1661  579950.00  2348530.00  21.236619  105.770480   -9.4436  -13.6846
    48  3711  1697  566960.00  2348170.00  21.233892  105.645288  -10.7461  -16.4595
    49  3705  1700  566900.00  2348140.00  21.233623  105.644708  -10.9712  -15.5206
    50  1287  1703  542720.00  2348110.00  21.234081  105.411693   -6.8559  -14.1822
    51  1716  1724  547010.00  2347900.00  21.232078  105.453029   -6.5931  -12.6785
    52  1683  1739  546680.00  2347750.00  21.230731  105.449845  -10.1711  -14.8434
    53  3735  1754  567200.00  2347600.00  21.228733  105.647578  -11.7393  -15.4086
    54  6267  1772  592520.00  2347420.00  21.225994  105.891547  -10.7698  -16.2335
    55   822  1778  538070.00  2347360.00  21.227408  105.366865   -9.9365  -14.2278
    56   768  1787  537530.00  2347270.00  21.226606  105.361659  -10.1197  -16.2265
    57  1668  1790  546530.00  2347240.00  21.226127  105.448386   -7.7721  -15.4045
    58  1212  1826  541970.00  2346880.00  21.222985  105.404435   -6.4618  -10.6278
    59  1749  1862  547340.00  2346520.00  21.219601  105.456171   -8.3973  -17.6851
    60  5595  1874  585800.00  2346400.00  21.217109  105.826745  -11.4353  -15.6095
    61   996  1874  539810.00  2346400.00  21.218697  105.383610   -8.9013  -14.5185
    62  1695  1883  546800.00  2346310.00  21.217718  105.450962   -7.3481  -16.4566
    63  4962  1940  579470.00  2345740.00  21.211434  105.765725   -8.9760  -16.4507
    64  1344  1946  543290.00  2345680.00  21.212112  105.417125   -8.7033  -13.9082
    65  1779  1955  547640.00  2345590.00  21.211190  105.459036   -6.2042  -14.6233
    66  1743  1976  547280.00  2345380.00  21.209302  105.455561   -9.8730  -12.1889
    67  4590  1988  575750.00  2345260.00  21.207256  105.729862  -12.1778  -13.0953
    68  4716  1994  577010.00  2345200.00  21.206661  105.741999   -9.2565  -17.5020
    69  5760  2006  587450.00  2345080.00  21.205105  105.842575   -7.8075  -17.8355
    70   684  2021  536690.00  2344930.00  21.205481  105.353515   -5.2340  -18.9060
    71  5565  2021  585500.00  2344930.00  21.203842  105.823781  -11.2619  -16.3977
    72  1554  2042  545390.00  2344720.00  21.203387  105.437333   -9.2113  -17.1775
    73  3723  2045  567080.00  2344690.00  21.202446  105.646307  -10.9077  -19.1384
    74  1578  2075  545630.00  2344390.00  21.200400  105.439637   -8.7515  -16.8208
    75  1716  2075  547010.00  2344390.00  21.200365  105.452933   -7.5979  -12.3449
    76   771  2078  537560.00  2344360.00  21.200313  105.361884   -7.1986  -11.8751
    78  4626  2087  576110.00  2344270.00  21.198296  105.733286   -8.8288  -17.0031
    79   798  2096  537830.00  2344180.00  21.198681  105.364482   -4.4576  -14.3751
    80  1725  2096  547100.00  2344180.00  21.198465  105.453794   -8.2943  -13.9572
    81   783  2099  537680.00  2344150.00  21.198413  105.363036   -7.2280  -16.9622
    82   825  2111  538100.00  2344030.00  21.197320  105.367080   -7.3274  -14.4988
    83  1818  2114  548030.00  2344000.00  21.196814  105.462749   -9.1207  -11.6033
    84  4380  2123  573650.00  2343910.00  21.195145  105.709571   -7.6830  -11.7538
    85  1323  2141  543080.00  2343730.00  21.194499  105.415052   -8.3623  -20.2649
    86  4668  2150  576530.00  2343640.00  21.192587  105.737304   -9.0163  -17.7676
    87  1443  2153  544280.00  2343610.00  21.193386  105.426610   -8.8972  -15.5943
    88   921  2177  539060.00  2343370.00  21.191337  105.376314   -9.4475  -12.7603
    89  1401  2183  543860.00  2343310.00  21.190685  105.422556   -6.3017  -13.6637
    90  4695  2183  576800.00  2343310.00  21.189594  105.739890   -9.0771  -12.8992
    91  4680  2186  576650.00  2343280.00  21.189329  105.738444   -6.6213  -13.8411
    92  1713  2198  546980.00  2343160.00  21.189252  105.452610   -9.5813  -10.7331
    93  1839  2207  548240.00  2343070.00  21.188406  105.464746   -7.8387  -12.2835
    94  4302  2216  572870.00  2342980.00  21.186774  105.702017   -8.9555  -16.2067
    95  5787  2237  587720.00  2342770.00  21.184222  105.845058   -8.8619  -14.1330
    96  5649  2255  586340.00  2342590.00  21.182662  105.831755   -7.0175  -15.8747
    97  5577  2264  585620.00  2342500.00  21.181883  105.824815   -9.2403  -20.6282
    98   807  2264  537920.00  2342500.00  21.183500  105.365312   -8.9611  -14.0424
    99  1233  2267  542180.00  2342470.00  21.183135  105.406350   -6.5510  -14.5799
   100  4611  2267  575960.00  2342470.00  21.182040  105.731761  -11.7917  -10.6783
   101  4788  2270  577730.00  2342440.00  21.181694  105.748810   -6.1921  -13.3703
   102  3561  2291  565460.00  2342230.00  21.180279  105.630605   -8.5975  -15.0882
   103  4827  2300  578120.00  2342140.00  21.178967  105.752553  -10.8579  -13.4520
   104  1224  2300  542090.00  2342140.00  21.180156  105.405475   -2.6500   -9.0441
   105  4713  2303  576980.00  2342110.00  21.178745  105.741570  -14.0088  -18.6736
   106  4845  2303  578300.00  2342110.00  21.178688  105.754285   -8.6461  -16.6770
   107  4707  2309  576920.00  2342050.00  21.178205  105.740990   -6.6818  -12.6444
   108  4788  2315  577730.00  2341990.00  21.177629  105.748789   -8.3986  -16.0807
   109  1197  2318  541820.00  2341960.00  21.178536  105.402869   -5.6783  -12.1949
   110  4842  2333  578270.00  2341810.00  21.175979  105.753983   -5.6791  -11.0854
   111   810  2336  537950.00  2341780.00  21.176994  105.365585   -5.6394  -14.0735
   112  1176  2342  541610.00  2341720.00  21.176372  105.400841   -9.6799  -14.6352
   113  1155  2342  541400.00  2341720.00  21.176377  105.398818   -5.5780  -14.1473
   114  4533  2378  575180.00  2341360.00  21.172044  105.724199   -9.4106  -15.7146
   115  4536  2384  575210.00  2341300.00  21.171501  105.724485   -6.9088  -14.9430
   116  3609  2399  565940.00  2341150.00  21.170504  105.635187   -9.0859  -13.7746
   117  4758  2402  577430.00  2341120.00  21.169781  105.745860   -7.0423  -16.6061
   118  4674  2408  576590.00  2341060.00  21.169275  105.737767   -9.2309  -14.1049
   119  5190  2417  581750.00  2340970.00  21.168238  105.787463  -11.6172  -13.5066
   120  5061  2420  580460.00  2340940.00  21.168024  105.775037   -6.5337  -17.0460
   121  1047  2429  540320.00  2340850.00  21.168540  105.388393   -7.1573  -15.3763
   122  4809  2453  577940.00  2340610.00  21.165152  105.750749  -10.6581  -19.2821
   123  1239  2456  542240.00  2340580.00  21.166057  105.406881  -11.0076  -14.8580
   124  5034  2468  580190.00  2340460.00  21.163699  105.772414   -1.7061  -14.6637
   125  3054  2474  560390.00  2340400.00  21.163920  105.581701  -10.2551  -13.9514
   126  4176  2477  571610.00  2340370.00  21.163243  105.689770   -7.8040  -16.1278
   127  4476  2483  574610.00  2340310.00  21.162581  105.718662   -6.8309  -14.9621
   128  5589  2489  585740.00  2340250.00  21.161549  105.825858   -6.6521  -14.0064
   129  4788  2510  577730.00  2340040.00  21.160011  105.748701   -6.9417  -10.6505
   130  1089  2513  540740.00  2340010.00  21.160941  105.392419   -9.6908  -16.8761
   131  4764  2519  577490.00  2339950.00  21.159208  105.746385   -6.3722  -14.9810
   132  4866  2525  578510.00  2339890.00  21.158622  105.756206   -6.8537  -11.2371
   133  5664  2525  586490.00  2339890.00  21.158262  105.833064   -6.2085  -11.8545
   134  4575  2528  575600.00  2339860.00  21.158474  105.728178   -5.4869  -15.2051
   135  3807  2531  567920.00  2339830.00  21.158505  105.654207   -6.8993  -14.0523
   136  4491  2534  574760.00  2339800.00  21.157967  105.720085   -5.7240  -15.5304
   137  3900  2540  568850.00  2339740.00  21.157657  105.663161   -7.2806  -13.7980
   138  4740  2543  577250.00  2339710.00  21.157050  105.744063  -13.3892  -14.9625
   139  4734  2543  577190.00  2339710.00  21.157053  105.743485  -10.0882  -12.5925
   140  5475  2552  584600.00  2339620.00  21.155911  105.814847   -4.8906  -13.1162
   141  4728  2555  577130.00  2339590.00  21.155971  105.742902   -9.2425  -12.9477
   142  5694  2564  586790.00  2339500.00  21.154724  105.835933   -6.5563  -14.2547
   143  4899  2570  578840.00  2339440.00  21.154543  105.759364   -6.6532  -13.8935
   144  3897  2576  568820.00  2339380.00  21.154406  105.662857   -9.7075  -17.2976
   145  3924  2576  569090.00  2339380.00  21.154396  105.665458   -7.0188  -14.5759
   146  4860  2579  578450.00  2339350.00  21.153746  105.755604   -8.3936  -13.2023
   147  4761  2582  577460.00  2339320.00  21.153518  105.746068   -9.6198  -12.1774
   148  3237  2582  562220.00  2339320.00  21.154101  105.599288   -8.9313  -12.2978
   149  4422  2585  574070.00  2339290.00  21.153387  105.713417  -12.1334  -18.8851
   150  3627  2588  566120.00  2339260.00  21.153422  105.636848   -6.4667  -13.8969
   151  4761  2588  577460.00  2339260.00  21.152975  105.746065   -6.7864  -14.8445
   152  3873  2588  568580.00  2339260.00  21.153331  105.660541   -7.7151  -14.5231
   153  3984  2594  569690.00  2339200.00  21.152747  105.671229   -7.5624  -11.4010
   154  3615  2594  566000.00  2339200.00  21.152884  105.635690   -7.8146  -11.4886
   155  1701  2597  546860.00  2339170.00  21.153205  105.451344  -10.6167  -18.5258
   156  4731  2603  577160.00  2339110.00  21.151633  105.743169   -9.2709  -16.2652
   157  3342  2606  563270.00  2339080.00  21.151896  105.609392   -5.3104  -10.8257
   158  4143  2609  571280.00  2339050.00  21.151330  105.686536   -9.8412  -15.7652
   159  5532  2609  585170.00  2339050.00  21.150735  105.820309   -9.4511  -14.1396
   160  4212  2618  571970.00  2338960.00  21.150490  105.693178   -5.5788  -12.5089
   161  4224  2624  572090.00  2338900.00  21.149943  105.694331   -8.2504  -14.5499
   162   171  2624  531560.00  2338900.00  21.151094  105.303975  -10.8256   -9.7034
   163  3981  2636  569660.00  2338780.00  21.148953  105.670923   -7.7440  -18.9841
   164  2565  2642  555500.00  2338720.00  21.148897  105.534546   -5.7564  -11.5724
   165  4815  2642  578000.00  2338720.00  21.148074  105.751241   -8.8548  -11.4952
   166  5568  2645  585530.00  2338690.00  21.147465  105.823758   -7.7711  -15.6204
   167  3639  2654  566240.00  2338600.00  21.147454  105.637978   -6.8481  -15.8839
   168  3570  2657  565550.00  2338570.00  21.147208  105.631332   -8.6143  -13.2477
   169  4254  2663  572390.00  2338510.00  21.146408  105.697204   -9.3496  -16.2472
   170  3576  2666  565610.00  2338480.00  21.146393  105.631906  -11.4083  -13.3319
   171  3363  2666  563480.00  2338480.00  21.146468  105.611393   -6.9657  -12.2529
   172  3576  2669  565610.00  2338450.00  21.146122  105.631905   -8.3994  -12.7919
   173  3966  2672  569510.00  2338420.00  21.145706  105.669464   -7.1044  -13.9802
   174  4212  2672  571970.00  2338420.00  21.145611  105.693155   -9.3555  -16.2314
   175  3162  2675  561470.00  2338390.00  21.145724  105.592031   -7.6111  -17.2174
   176  4458  2675  574430.00  2338390.00  21.145241  105.716845   -9.7956  -15.2842
   177  3123  2678  561080.00  2338360.00  21.145466  105.588274   -7.9158  -16.3584
   178  3516  2678  565010.00  2338360.00  21.145330  105.626123   -9.5095  -16.3163
   179  5604  2681  585890.00  2338330.00  21.144196  105.827207   -6.4064  -13.8939
   180  1722  2681  547070.00  2338330.00  21.145610  105.453344  -10.6948  -16.1150
   181  3717  2684  567020.00  2338300.00  21.144715  105.645479  -11.5582  -18.2779
   182  1833  2687  548180.00  2338270.00  21.145039  105.464033  -11.1845  -16.9494
   183   171  2702  531560.00  2338120.00  21.144047  105.303961   -8.3520  -14.6477
   184  5064  2705  580490.00  2338090.00  21.142274  105.775192  -11.1569  -14.7138
   185  4515  2711  575000.00  2338030.00  21.141965  105.722319   -9.6588  -14.4420
   186   243  2720  532280.00  2337940.00  21.142408  105.310892   -5.3103  -13.1985
   187  3153  2726  561380.00  2337880.00  21.141119  105.591146   -9.8056  -16.8257
   188  3618  2738  566030.00  2337760.00  21.139873  105.635923   -8.0565  -14.1313
   189  4812  2744  577970.00  2337700.00  21.138860  105.750906   -9.7462  -18.9675
   190  3501  2747  564860.00  2337670.00  21.139101  105.624652   -4.0395  -12.7153
   191  5715  2768  587000.00  2337460.00  21.136283  105.837852  -11.1850  -15.3726
   192  3147  2774  561320.00  2337400.00  21.136784  105.590551   -8.6284  -15.4705
   193  1800  2780  547850.00  2337340.00  21.136645  105.460828   -6.8292  -12.7457
   194  1947  2780  549320.00  2337340.00  21.136606  105.474985  -10.8560  -12.0309
   195  4230  2783  572150.00  2337310.00  21.135575  105.694842   -8.8326  -14.9790
   196  4506  2789  574910.00  2337250.00  21.134922  105.721418  -10.6634  -15.0717
   197  6204  2789  591890.00  2337250.00  21.134147  105.884930   -6.8511  -17.3762
   198  5607  2792  585920.00  2337220.00  21.134166  105.827440   -8.8437  -15.5275
   199  6003  2807  589880.00  2337070.00  21.132620  105.865565  -12.8033  -14.4680
   200  4278  2810  572630.00  2337040.00  21.133117  105.699453   -9.1535  -13.9172
   201  5544  2822  585290.00  2336920.00  21.131485  105.821358   -6.0177  -12.9378
   202  2742  2831  557270.00  2336830.00  21.131766  105.551529   -8.7525  -12.1801
   203  1866  2840  548510.00  2336740.00  21.131206  105.467167   -4.4407  -11.7431
   204  4671  2852  576560.00  2336620.00  21.129162  105.737279   -8.9540  -11.9529
   205  2715  2855  557000.00  2336590.00  21.129606  105.548921   -9.2203  -12.0682
   206  3762  2861  567470.00  2336530.00  21.128707  105.649743   -7.4526  -14.3288
   207  3042  2864  560270.00  2336500.00  21.128688  105.580408  -10.7421  -13.1630
   208  2190  2870  551750.00  2336440.00  21.128407  105.498360   -9.8194  -16.1449
   209  3984  2897  569690.00  2336170.00  21.125371  105.671106   -4.4298  -21.1477
   210  2250  2900  552350.00  2336140.00  21.125679  105.504129  -10.0644  -13.9624
   211  5985  2900  589700.00  2336140.00  21.124227  105.863783   -7.9800  -14.7975
   212  3531  2918  565160.00  2335960.00  21.123641  105.627476   -8.4119  -16.1893
   213  4404  2921  573890.00  2335930.00  21.123038  105.711539  -13.8026  -14.4210
   214  4011  2939  569960.00  2335750.00  21.121566  105.673689   -7.7023  -12.6282
   215  3549  2957  565340.00  2335570.00  21.120111  105.629195   -9.9748  -12.9936
   216  4698  2963  576830.00  2335510.00  21.119122  105.739829   -9.0937  -22.5242
   217  2031  2966  550160.00  2335480.00  21.119777  105.483020   -7.7981  -11.8703
   218   780  2969  537650.00  2335450.00  21.119807  105.362555   -9.8622  -14.4737
   219  1899  2969  548840.00  2335450.00  21.119542  105.470309   -9.3532  -19.3449
   220  4746  2978  577310.00  2335360.00  21.117746  105.744444   -7.2690  -15.4775
   221  3510  2978  564950.00  2335360.00  21.118227  105.625432   -8.3247  -17.5433
   222  4776  2987  577610.00  2335270.00  21.116921  105.747329   -7.3754  -13.5483
   223  3837  2996  568220.00  2335180.00  21.116482  105.656911  -11.5325  -16.5526
   224  4065  3002  570500.00  2335120.00  21.115853  105.678862   -7.4562  -12.6308
   225  1527  3008  545120.00  2335060.00  21.116114  105.434477   -7.6604  -13.3187
   226  5928  3011  589130.00  2335030.00  21.114227  105.858237  -10.2219  -20.6187
   227  3594  3011  565790.00  2335030.00  21.115216  105.633507   -4.1846  -10.9870
   228  3516  3014  565010.00  2335000.00  21.114973  105.625996   -7.0419  -15.9540
   229  5937  3023  589220.00  2334910.00  21.113138  105.859097   -8.9058  -15.0712
   230  5937  3026  589220.00  2334880.00  21.112867  105.859096  -15.7062  -13.1316
   231  1410  3026  543950.00  2334880.00  21.114516  105.423206   -5.8115  -15.7403
   232  3555  3038  565400.00  2334760.00  21.112790  105.629742   -6.5834  -16.3340
   233  1359  3041  543440.00  2334730.00  21.113173  105.418292  -11.2529  -16.6295
   234  3510  3047  564950.00  2334670.00  21.111993  105.625405   -8.6743  -13.0300
   235  3918  3047  569030.00  2334670.00  21.111844  105.664690   -8.8794  -16.1664
   236   777  3071  537620.00  2334430.00  21.110591  105.362244   -8.2364  -18.2207
   237  1122  3077  541070.00  2334370.00  21.109975  105.395462  -10.0194  -17.2870
   238  5568  3077  585530.00  2334370.00  21.108436  105.823542   -5.6729   -9.2288
   239  3633  3086  566180.00  2334280.00  21.108425  105.637234   -6.9544  -14.7653
   240  3579  3101  565640.00  2334130.00  21.107090  105.632029  -11.3938  -16.7202
   241  4254  3107  572390.00  2334070.00  21.106293  105.697016   -8.5425  -13.9144
   242  5631  3113  586160.00  2334010.00  21.105154  105.829590   -8.5615  -14.2559
   243  3633  3122  566180.00  2333920.00  21.105173  105.637220   -7.8959  -16.5410
   244  3825  3122  568100.00  2333920.00  21.105102  105.655706   -6.4711  -17.2909
   245  5496  3134  584810.00  2333800.00  21.103320  105.816582   -8.7410  -13.5010
   246  5736  3143  587210.00  2333710.00  21.102394  105.839684  -12.3380  -11.9641
   247  1650  3146  546350.00  2333680.00  21.103614  105.446284    4.1828   -3.3822
   248  5547  3146  585320.00  2333680.00  21.102212  105.821486   -5.4856  -13.8136
   249  3786  3164  567710.00  2333500.00  21.101322  105.651934   -9.1374  -14.8518
   250  3618  3170  566030.00  2333440.00  21.100842  105.635757  -10.3778  -15.6658
   251  1545  3182  545300.00  2333320.00  21.100388  105.436164  -11.1786  -14.2493
   252  2286  3182  552710.00  2333320.00  21.100190  105.507509   -7.9731  -16.7912
   253  6576  3182  595610.00  2333320.00  21.098451  105.920532   -7.4650  -20.3200
   254  3711  3182  566960.00  2333320.00  21.099724  105.644706   -3.6280  -12.9928
   255   363  3185  533480.00  2333290.00  21.100372  105.322358   -8.4658  -16.7574
   256  1299  3185  542840.00  2333290.00  21.100176  105.412478   -7.0317  -14.0226
   257  1680  3185  546650.00  2333290.00  21.100083  105.449162  -11.3016  -18.7453
   258  3729  3188  567140.00  2333260.00  21.099175  105.646437   -8.9470  -13.5725
   259  1452  3191  544370.00  2333230.00  21.099598  105.427208   -8.8952  -15.5674
   260  1665  3194  546500.00  2333200.00  21.099274  105.447715  -11.6117  -13.7674
   261  6288  3197  592730.00  2333170.00  21.097244  105.892798  -10.0245  -12.2927
   262  3621  3197  566060.00  2333170.00  21.098401  105.636035   -7.2694  -17.9787
   263  6315  3203  593000.00  2333110.00  21.096688  105.895394   -7.4832  -14.4644
   264  3711  3212  566960.00  2333020.00  21.097013  105.644695  -11.6200  -14.3827
   265  3921  3221  569060.00  2332930.00  21.096122  105.664909   -9.0314  -13.6442
   266  3156  3245  561410.00  2332690.00  21.094226  105.591249   -6.8013  -13.6794
   267  5685  3248  586700.00  2332660.00  21.092932  105.834721   -9.2230  -17.8378
   268  5709  3257  586940.00  2332570.00  21.092107  105.837027   -6.4422  -14.6988
   269  3609  3263  565940.00  2332510.00  21.092442  105.634855   -8.6052  -15.2377
   270  1896  3278  548810.00  2332360.00  21.091624  105.469932   -7.8484  -10.9598
   271  1821  3299  548060.00  2332150.00  21.089746  105.462705   -7.5000  -14.0592
   272  4617  3320  576020.00  2331940.00  21.086901  105.731872   -7.6456  -16.8595
   273   297  3353  532820.00  2331610.00  21.085204  105.315972  -11.0140  -13.6814
   274  5130  3356  581150.00  2331580.00  21.083429  105.781240   -8.2251  -12.1073
   275  2283  3359  552680.00  2331550.00  21.084198  105.507165   -9.3259  -11.3453
   276  6474  3365  594590.00  2331490.00  21.081971  105.910612  -11.4152  -16.2157
   277  4758  3365  577430.00  2331490.00  21.082777  105.745425   -6.8575  -11.2652
   278  5610  3374  585950.00  2331400.00  21.081584  105.827437   -7.8745  -17.3533
   279  2316  3383  553010.00  2331310.00  21.082020  105.510335   -8.4230  -12.9748
   280  4479  3395  574640.00  2331190.00  21.080182  105.718554   -6.2814  -17.4887
   281  4797  3401  577820.00  2331130.00  21.079508  105.749163   -9.2800  -12.6285
   282  1632  3404  546170.00  2331100.00  21.080308  105.444481   -8.7115  -13.1651
   283  4827  3413  578120.00  2331010.00  21.078411  105.752046   -9.2731  -17.9783
   284  3228  3416  562130.00  2330980.00  21.078752  105.598119  -10.5168  -14.2267
   285  4695  3416  576800.00  2330980.00  21.078195  105.739338  -10.9426  -15.5384
   286  4968  3425  579530.00  2330890.00  21.077266  105.765613   -5.4224  -11.3768
   287  4740  3428  577250.00  2330860.00  21.077092  105.743664  -12.9930  -12.5234
   288  4809  3428  577940.00  2330860.00  21.077063  105.750306   -8.7978  -13.7555
   289  4503  3434  574880.00  2330800.00  21.076649  105.720848   -4.5586  -14.3159
   290  5100  3434  580850.00  2330800.00  21.076395  105.778315   -9.7389  -16.1693
   291  4827  3437  578120.00  2330770.00  21.076242  105.752035   -9.1994  -14.6865
   292  4806  3437  577910.00  2330770.00  21.076251  105.750013   -7.5647  -13.2150
   293  4824  3437  578090.00  2330770.00  21.076244  105.751746   -8.7016  -13.8191
   294  4776  3440  577610.00  2330740.00  21.075993  105.747124   -6.3607  -15.9309
   295  5667  3443  586520.00  2330710.00  21.075323  105.832890  -11.2670  -15.7442
   296  4974  3443  579590.00  2330710.00  21.075637  105.766182   -7.4815  -11.3058
   297  3768  3449  567530.00  2330650.00  21.075579  105.650089   -8.7333  -16.0077
   298  4815  3452  578000.00  2330620.00  21.074892  105.750873    0.3515  -15.3509
   299  6285  3455  592700.00  2330590.00  21.073936  105.892370   -9.9629  -13.2831
   300  4860  3458  578450.00  2330560.00  21.074331  105.755202   -8.2366  -21.0189
   301  4713  3461  576980.00  2330530.00  21.074122  105.741050  -10.0388  -12.8738
   302  3996  3476  569810.00  2330380.00  21.073054  105.672026   -6.3779  -13.3135
   303  5730  3482  587150.00  2330320.00  21.071769  105.838934   -7.8242  -13.6466
   304  1671  3485  546560.00  2330290.00  21.072980  105.448214  -10.3411  -18.2945
   305  2055  3485  550400.00  2330290.00  21.072878  105.485179  -10.5684  -16.4731
   306  6297  3488  592820.00  2330260.00  21.070949  105.893507  -11.7066  -13.7685
   307  4728  3491  577130.00  2330230.00  21.071406  105.742481  -12.1696  -15.0061
   308  1494  3494  544790.00  2330200.00  21.072210  105.431173   -7.5417  -15.2047
   309  6996  3509  599810.00  2330050.00  21.068684  105.960776   -9.7793  -15.7458
   310  4818  3509  578030.00  2330050.00  21.069741  105.751136  -10.8392  -15.0494
   311  3801  3518  567860.00  2329960.00  21.069333  105.653239   -6.0548  -11.9429
   312  3630  3518  566150.00  2329960.00  21.069395  105.636778   -8.9303  -14.0992
   313  4905  3521  578900.00  2329930.00  21.068620  105.759505   -6.3693  -14.0948
   314  3921  3521  569060.00  2329930.00  21.069017  105.664788  -11.1081  -17.0086
   315  2253  3527  552380.00  2329870.00  21.069028  105.504226  -10.9544  -15.8234
   316  4863  3545  578480.00  2329690.00  21.066469  105.755451   -8.4705  -14.0904
   317  6942  3554  599270.00  2329600.00  21.064648  105.955552  -10.0254  -18.1687
   318  2148  3554  551330.00  2329600.00  21.066618  105.494111   -8.9956  -14.9411
   319  4767  3557  577520.00  2329570.00  21.065426  105.746205   -8.3816  -15.6770
   320  7389  3572  603740.00  2329420.00  21.062774  105.998564   -8.6216  -14.5954
   321  4593  3575  575780.00  2329390.00  21.063873  105.729449   -0.8889  -12.7536
   322  1770  3575  547550.00  2329390.00  21.064822  105.457719  -10.0655  -16.3290
   323  7329  3578  603140.00  2329360.00  21.062266  105.992785   -9.1268  -12.5394
   324  7440  3581  604250.00  2329330.00  21.061932  106.003467   -8.3710  -11.9466
   325  4644  3587  576290.00  2329270.00  21.062767  105.734353   -9.2792  -12.5930
   326  5817  3605  588020.00  2329090.00  21.060615  105.847245   -4.8611  -13.2356
   327  3762  3608  567470.00  2329060.00  21.061216  105.649449   -6.9536  -13.5704
   328  7383  3611  603680.00  2329030.00  21.059255  105.997963   -8.4080  -11.7550
   329  6999  3614  599840.00  2329000.00  21.059197  105.961003   -8.4223  -17.0829
   330  7419  3623  604040.00  2328910.00  21.058150  106.001420   -7.9679  -14.4128
   331  6879  3641  598640.00  2328730.00  21.056822  105.949439   -6.5657  -12.2195
   332  7437  3644  604220.00  2328700.00  21.056243  106.003140   -9.9617  -13.5729
   333  4683  3659  576680.00  2328550.00  21.056246  105.738074   -9.2326  -14.3239
   334  4668  3659  576530.00  2328550.00  21.056252  105.736631   -5.4345  -16.2356
   335  7380  3662  603650.00  2328520.00  21.054649  105.997643  -10.9423  -15.6957
   336  7452  3662  604370.00  2328520.00  21.054608  106.004572   -6.1593  -15.3353
   337  7068  3665  600530.00  2328490.00  21.054551  105.967614   -8.5215  -12.6914
   338  2652  3671  556370.00  2328430.00  21.055899  105.542587  -10.9631  -16.3044
   339  2874  3677  558590.00  2328370.00  21.055287  105.563952   -8.0177  -16.0679
   340  2649  3677  556340.00  2328370.00  21.055357  105.542296  -11.1457  -13.4626
   341  7257  3692  602420.00  2328220.00  21.052008  105.985788   -8.8314  -13.7728
   342  6777  3692  597620.00  2328220.00  21.052269  105.939593   -6.3101  -15.2429
   343  2214  3707  551990.00  2328070.00  21.052775  105.500418   -5.4452   -8.4346
   344  2553  3707  555380.00  2328070.00  21.052676  105.533046  -10.7642  -18.1913
   345  4986  3710  579710.00  2328040.00  21.051509  105.767214   -8.3467  -15.1901
   346  6999  3710  599840.00  2328040.00  21.050524  105.960948   -6.3293  -14.7385
   347  2709  3713  556940.00  2328010.00  21.052086  105.548059   -8.4401  -15.5388
   348  1218  3719  542030.00  2327950.00  21.051946  105.404549   -8.6196  -18.8313
   349  6699  3725  596840.00  2327890.00  21.049329  105.932068   -7.0687  -15.3363
   350  7509  3725  604940.00  2327890.00  21.048884  106.010020   -9.4144  -17.2317
   351  7524  3728  605090.00  2327860.00  21.048604  106.011461   -7.0357  -14.2649
   352  1191  3728  541760.00  2327860.00  21.051139  105.401948  -10.0763  -18.4181
   353  4866  3734  578510.00  2327800.00  21.049392  105.755653   -7.8557  -13.6324
   354  6801  3743  597860.00  2327710.00  21.047649  105.941874   -7.7572  -14.2825
   355  4638  3746  576230.00  2327680.00  21.048404  105.733705   -1.9077  -14.7913
   356  4638  3749  576230.00  2327650.00  21.048133  105.733703   -0.0847  -11.6171
   357  2211  3752  551960.00  2327620.00  21.048710  105.500115  -10.0116  -17.0408
   358  3972  3752  569570.00  2327620.00  21.048127  105.669604  -11.4340  -19.5979
   359  3027  3752  560120.00  2327620.00  21.048461  105.578653   -9.6059  -13.5984
   360  3954  3755  569390.00  2327590.00  21.047863  105.667870   -6.9284  -14.0605
   361  1626  3755  546110.00  2327590.00  21.048596  105.443810   -8.3780  -13.3589
   362  4623  3758  576080.00  2327560.00  21.047326  105.732256   -8.8508  -13.6942
   363   345  3776  533300.00  2327380.00  21.046975  105.320511  -10.4914  -16.4917
   364  3912  3785  568970.00  2327290.00  21.045168  105.663816   -7.2299  -14.4713
   365  2655  3791  556400.00  2327230.00  21.045055  105.542836   -8.4488  -15.4765
   366  2388  3791  553730.00  2327230.00  21.045136  105.517139  -13.4524  -20.1757
   367  7179  3794  601640.00  2327200.00  21.042836  105.978221   -2.6969  -13.0965
   368  5931  3815  589160.00  2326990.00  21.041588  105.858109   -7.2435  -11.6146
   369  7128  3818  601130.00  2326960.00  21.040696  105.973299   -7.6470  -12.8897
   370  1599  3821  545840.00  2326930.00  21.042639  105.441193   -9.9650  -13.4210
   371  7113  3848  600980.00  2326660.00  21.037994  105.971838   -8.8444  -12.5508
   372   459  3872  534440.00  2326420.00  21.038280  105.331464   -8.5796  -13.3406
   373  1308  3893  542930.00  2326210.00  21.036204  105.413168   -7.8457  -14.1158
   374  3765  3899  567500.00  2326150.00  21.034923  105.649624   -6.8697  -15.7490
   375  7392  3899  603770.00  2326150.00  21.033231  105.998655   -8.7621  -12.8177
   376  7392  3902  603770.00  2326120.00  21.032960  105.998654   -8.4952  -15.0545
   377  1362  3902  543470.00  2326120.00  21.035378  105.418363  -10.1085  -16.1165
   378  3747  3920  567320.00  2325940.00  21.033032  105.647883   -9.7497  -18.0221
   379  7119  3932  601040.00  2325820.00  21.030402  105.972366   -7.0476  -12.0516
   380  4047  3932  570320.00  2325820.00  21.031835  105.676749  -13.5299  -17.3981
   381  3807  3947  567920.00  2325670.00  21.030570  105.653647  -10.9762  -13.6170
   382  4266  3947  572510.00  2325670.00  21.030395  105.697818  -10.8580  -14.0740
   383  4617  3950  576020.00  2325640.00  21.029982  105.731594  -14.5437  -16.9389
   384  2145  3953  551300.00  2325610.00  21.030568  105.493703   -6.0922  -13.6986
   385  7131  3953  601160.00  2325610.00  21.028498  105.973508  -11.4307  -14.0232
   386  1308  3968  542930.00  2325460.00  21.029427  105.413150  -10.2189  -14.4027
   387  3741  3974  567260.00  2325400.00  21.028155  105.647285  -10.9061  -23.4962
   388   189  3977  531740.00  2325370.00  21.028842  105.305459   -8.3622  -10.6292
   389  4665  3980  576500.00  2325340.00  21.027252  105.736199  -12.3497  -14.9506
   390  5157  3986  581420.00  2325280.00  21.026498  105.783541   -8.9477  -13.7314
   391  4218  3995  572030.00  2325190.00  21.026077  105.693178   -7.4937  -11.3395
   392  5148  3995  581330.00  2325190.00  21.025689  105.782671   -8.1419  -16.4585
   393  1743  4001  547280.00  2325130.00  21.026339  105.455003   -7.2947  -14.2937
   394  3792  4004  567770.00  2325100.00  21.025426  105.652181   -8.5191  -20.1328
   395  6417  4007  594020.00  2325070.00  21.023999  105.904774   -6.8949  -15.5962
   396  3975  4019  569600.00  2324950.00  21.024002  105.669785   -8.1649  -17.0042
   397  7275  4049  602600.00  2324650.00  21.019745  105.987308   -9.3967  -17.2827
   398  7260  4055  602450.00  2324590.00  21.019212  105.985861   -7.2037  -10.4582
   399  7230  4058  602150.00  2324560.00  21.018957  105.982972   -4.8476  -11.3060
   400  4083  4064  570680.00  2324500.00  21.019895  105.680159   -8.6463  -21.7202
   401  2766  4064  557510.00  2324500.00  21.020355  105.553428   -8.2789  -14.7348
   402  7170  4076  601550.00  2324380.00  21.017364  105.977189   -4.7554  -15.4905
   403  3972  4079  569570.00  2324350.00  21.018582  105.669472   -8.5553  -14.6635
   404  7329  4085  603140.00  2324290.00  21.016463  105.992482   -9.4000  -14.0348
   405  1764  4091  547490.00  2324230.00  21.018202  105.456999  -10.0562  -15.2250
   406  5235  4121  582200.00  2323930.00  21.014266  105.790982   -7.9681  -12.7176
   407  6663  4124  596480.00  2323900.00  21.013301  105.928380  -10.5185  -15.1949
   408  6624  4136  596090.00  2323780.00  21.012237  105.924621  -13.3436  -12.7856
   409  3975  4136  569600.00  2323780.00  21.013431  105.669738  -14.4594  -15.0017
   410  3987  4139  569720.00  2323750.00  21.013156  105.670891   -3.6504  -14.6654
   411  3966  4142  569510.00  2323720.00  21.012893  105.668869   -5.7176  -11.9543
   412  4140  4145  571250.00  2323690.00  21.012555  105.685611   -5.3162  -14.4025
   413  4140  4175  571250.00  2323390.00  21.009845  105.685598   -5.6383  -15.1807
   414  4143  4181  571280.00  2323330.00  21.009301  105.685884   -6.2849  -16.0484
   415  4098  4196  570830.00  2323180.00  21.007963  105.681548   -7.5007  -14.1882
   416  4257  4199  572420.00  2323150.00  21.007630  105.696846   -7.0436  -15.5706
   417  4113  4202  570980.00  2323120.00  21.007416  105.682989   -5.0572  -17.5293
   418  7038  4205  600230.00  2323090.00  21.005782  105.964413  -10.4100  -12.6795
   419  4248  4217  572330.00  2322970.00  21.006008  105.695972  -12.0197  -20.1394
   420  4278  4223  572630.00  2322910.00  21.005454  105.698856   -9.2988  -13.4518
   421  4986  4259  579710.00  2322550.00  21.001908  105.766960   -7.7929  -14.8784
   422  6774  4274  597590.00  2322400.00  20.999691  105.938975   -7.6115  -14.0928
   423  4170  4277  571550.00  2322370.00  21.000617  105.688442   -9.9438  -16.1305
   424  3981  4298  569660.00  2322160.00  20.998792  105.670250   -8.7224  -12.7253
   425  3936  4301  569210.00  2322130.00  20.998538  105.665919   -8.1123  -14.2175
   426  6729  4304  597140.00  2322100.00  20.997004  105.934629   -9.2513  -13.7794
   427  6675  4316  596600.00  2321980.00  20.995949  105.929427  -10.5002  -11.7790
   428  5163  4334  581480.00  2321800.00  20.995054  105.783954   -3.1215   -9.2420
   429  4668  4343  576530.00  2321710.00  20.994454  105.736327   -5.0778  -15.3103
   430  4200  4346  571850.00  2321680.00  20.994371  105.691300   -5.3960  -15.9784
   431  4035  4346  570200.00  2321680.00  20.994435  105.675426  -11.6562  -17.7180
   432  4533  4349  575180.00  2321650.00  20.993967  105.723336   -2.1573  -12.8723
   433  4044  4358  570290.00  2321560.00  20.993347  105.676287   -9.9546  -15.9928
   434  6237  4364  592220.00  2321500.00  20.991837  105.887263   -9.3548  -16.9396
   435  4902  4385  578870.00  2321290.00  20.990560  105.758821   -6.1719  -15.9125
   436  4899  4388  578840.00  2321260.00  20.990290  105.758531   -6.8260  -14.1398
   437  4014  4397  569990.00  2321170.00  20.989835  105.673385   -7.5363  -16.9561
   438  3975  4409  569600.00  2321050.00  20.988766  105.669628   -7.8504  -12.4187
   439  3705  4421  566900.00  2320930.00  20.987782  105.643647   -4.5353  -15.5464
   440  4062  4439  570470.00  2320750.00  20.986022  105.677985  -11.9064  -15.8345
   441  4773  4448  577580.00  2320660.00  20.984923  105.746382   -4.2107   -9.8763
   442  4323  4478  573080.00  2320360.00  20.982397  105.703078   -9.6828  -17.3184
   443  4116  4487  571010.00  2320270.00  20.981665  105.683161  -13.4980  -15.0856
   444  4944  4490  579290.00  2320240.00  20.981056  105.762813   -7.9704  -18.8840
   445  3729  4490  567140.00  2320240.00  20.981539  105.645929   -7.3924  -16.2671
   446  4038  4493  570230.00  2320210.00  20.981152  105.675654   -6.4911  -14.8684
   447  3999  4517  569840.00  2319970.00  20.978999  105.671893   -7.0348  -14.2881
   448  4140  4517  571250.00  2319970.00  20.978945  105.685457   -8.1458  -17.3500
   449  4425  4550  574100.00  2319640.00  20.975851  105.712860   -6.2214  -13.9846
   450  4407  4577  573920.00  2319370.00  20.973419  105.711117   -9.7183  -13.6494
   451  4176  4598  571610.00  2319160.00  20.971612  105.688887   -5.7141  -14.9950
   452  4335  4625  573200.00  2318890.00  20.969111  105.704170   -6.8956  -15.3471
   453  4362  4640  573470.00  2318740.00  20.967745  105.706761  -11.7704  -15.0688
   454  5382  4670  583670.00  2318440.00  20.964599  105.804861   -7.9584  -13.3768
   455  4686  4703  576710.00  2318110.00  20.961920  105.737899  -10.2904  -15.7299
   456  4680  4709  576650.00  2318050.00  20.961381  105.737319   -7.7409  -13.9277
   457  2526  4715  555110.00  2317990.00  20.961609  105.530126   -8.3171  -13.7485
   458  4344  4718  573290.00  2317960.00  20.960704  105.704997   -7.8834  -12.5908
   459  3345  4718  563300.00  2317960.00  20.961075  105.608904   -5.2527  -15.6972
   460  2511  4721  554960.00  2317930.00  20.961071  105.528681   -8.7801  -16.5390
   461  4524  4730  575090.00  2317840.00  20.959548  105.722305   -7.4939  -16.0840
   462  5664  4766  586490.00  2317480.00  20.955795  105.831938   -9.7391  -13.1060
   463  4590  4772  575750.00  2317420.00  20.955726  105.728635   -9.0513  -14.9441
   464  2898  4775  558830.00  2317390.00  20.956073  105.565888  -14.6793  -17.7264
   465  2865  4778  558500.00  2317360.00  20.955812  105.562713  -10.2066  -14.2031
   466  5235  4802  582200.00  2317120.00  20.952739  105.790659   -6.9951  -17.4713
   467  4599  4826  575840.00  2316880.00  20.950843  105.729477   -7.6653  -12.0389
   468  2595  4826  555800.00  2316880.00  20.951559  105.536727  -10.0757  -14.0945
   469  5727  4829  587120.00  2316850.00  20.950074  105.837965   -4.6675  -17.1368
   470  4614  4847  575990.00  2316670.00  20.948940  105.730910   -7.3660  -13.3645
   471  6147  4877  591320.00  2316370.00  20.945534  105.878334   -6.8922  -22.1887
   472  6123  4877  591080.00  2316370.00  20.945546  105.876026  -10.0477  -11.2693
   473  6294  4886  592790.00  2316280.00  20.944648  105.892467   -7.2446  -13.4930
   474  6306  4895  592910.00  2316190.00  20.943828  105.893616  -10.3237  -12.7754
   475  6237  4934  592220.00  2315800.00  20.940340  105.886960   -7.3863  -17.0995
   476  6273  4946  592580.00  2315680.00  20.939237  105.890415  -13.4546  -15.0958
   477  4461  4949  574460.00  2315650.00  20.939787  105.716151   -9.2902  -17.3018
   478  4506  4958  574910.00  2315560.00  20.938955  105.720475   -7.3427  -12.8036
   479  6084  4961  590690.00  2315530.00  20.937976  105.872231   -7.3049  -15.6644
   480  6057  4964  590420.00  2315500.00  20.937718  105.869633   -8.7224  -13.7219
   481  6393  4991  593780.00  2315230.00  20.935111  105.901931  -10.0679  -16.5205
   482  2706  4994  556910.00  2315200.00  20.936346  105.547348  -11.5354  -17.3795
   483  4380  5018  573650.00  2314960.00  20.933585  105.708332   -7.2194  -17.0782
   484  6234  5024  592190.00  2314900.00  20.932210  105.886623   -9.9339  -10.5634
   485  6258  5027  592430.00  2314870.00  20.931927  105.888930   -7.6227  -14.5236
   486  4398  5048  573830.00  2314660.00  20.930867  105.710050   -6.5626  -13.6466
   487  3510  5078  564950.00  2314360.00  20.928491  105.624641   -8.4847  -15.0983
   488  3489  5099  564740.00  2314150.00  20.926601  105.622613   -5.7235  -16.2355
   489  4740  5126  577250.00  2313880.00  20.923680  105.742905  -12.1010  -15.8152
   490  4116  5132  571010.00  2313820.00  20.923388  105.682896   -8.5619  -12.5377
   491  4200  5138  571850.00  2313760.00  20.922814  105.690971  -11.1896  -13.6788
   492  4383  5138  573680.00  2313760.00  20.922742  105.708569   -7.9074  -16.3630
   493  5799  5147  587840.00  2313670.00  20.921309  105.844729   -6.7017  -11.9014
   494  3177  5195  561620.00  2313190.00  20.918034  105.592575   -7.3741  -16.3414
   495  5655  5210  586400.00  2313040.00  20.915685  105.830851   -7.8235  -11.7810
   496  6354  5249  593390.00  2312650.00  20.911822  105.898042   -6.9372  -15.9983
   497  4638  5252  576230.00  2312620.00  20.912338  105.733041   -5.2220  -14.8751
   498  4581  5288  575660.00  2312260.00  20.909109  105.727544   -9.5797  -12.2188
   499  4533  5303  575180.00  2312110.00  20.907774  105.722922   -6.5890  -13.2864
   500  3603  5312  565880.00  2312020.00  20.907315  105.633495   -7.9043  -17.6176
   501  4287  5381  572720.00  2311330.00  20.900825  105.699236   -2.8617  -16.6787
   502  2880  5462  558650.00  2310520.00  20.894006  105.563925   -9.7778  -15.3725
   503  4599  5546  575840.00  2309680.00  20.885791  105.729162  -11.0887  -21.5296
   504  4599  5567  575840.00  2309470.00  20.883894  105.729153   -9.1811  -13.0624
   505  4623  5573  576080.00  2309410.00  20.883342  105.731458  -10.2853  -17.2979
   506  6156  5588  591410.00  2309260.00  20.881293  105.878825   -8.2207  -17.2144
   507  4659  5597  576440.00  2309170.00  20.881159  105.734908  -13.1470  -11.6027
   508  4617  5606  576020.00  2309080.00  20.880363  105.730867   -8.4023  -12.3857
   509  6255  5612  592400.00  2309020.00  20.879076  105.888330   -8.2347  -13.6361
   510  6222  5615  592070.00  2308990.00  20.878821  105.885156   -7.3303  -10.7600
   511  3312  5651  562970.00  2308630.00  20.876787  105.605392   -6.8917  -13.8291
   512  6525  5657  595100.00  2308570.00  20.874873  105.914260   -6.4510  -12.3552
   513  6243  5699  592280.00  2308150.00  20.871221  105.887130   -4.2846  -11.6871
   514  6645  5705  596300.00  2308090.00  20.870475  105.925769  -12.0642  -12.8788
   515  6327  5717  593120.00  2307970.00  20.869553  105.895195   -8.4210  -14.8554
   516  6198  5735  591830.00  2307790.00  20.867991  105.882785   -8.3982  -19.9357
   517  6438  5789  594230.00  2307250.00  20.862992  105.905826   -4.8737  -14.1700
   518  3726  5792  567110.00  2307220.00  20.863902  105.645137  -11.9051  -16.8663
   519  6150  5792  591350.00  2307220.00  20.862865  105.878142   -4.9010  -16.3832
   520  3705  5795  566900.00  2307190.00  20.863639  105.643117  -16.9679  -18.8329
   521  6363  5798  593480.00  2307160.00  20.862217  105.898612   -7.2360  -13.0576
   522  3414  5831  563990.00  2306830.00  20.860489  105.615131  -10.3784  -14.8080
   523  6336  5846  593210.00  2306680.00  20.857894  105.895991   -8.6952  -12.4614
   524  3837  5861  568220.00  2306530.00  20.857627  105.655780   -7.6091  -15.0598
   525  3834  5864  568190.00  2306500.00  20.857357  105.655491   -7.5750  -17.5225
   526  6666  5873  596510.00  2306410.00  20.855286  105.927695   -9.6262  -14.8142
   527  4500  5876  574850.00  2306380.00  20.856016  105.719503   -5.2022  -11.2216
   528  3492  5885  564770.00  2306290.00  20.855583  105.622609   -9.7558  -19.1746
   529  4890  5903  578750.00  2306110.00  20.853415  105.756977   -8.9166  -14.9782
   530  5742  5906  587270.00  2306080.00  20.852762  105.838867   -9.8048  -16.5047
   531  3888  5909  568730.00  2306050.00  20.853272  105.660664   -9.9830  -18.1253
   532  4896  5915  578810.00  2305990.00  20.852328  105.757548   -9.9826  -15.9177
   533  4926  5954  579110.00  2305600.00  20.848792  105.760414   -9.0540  -14.9324
   534  5751  5993  587360.00  2305210.00  20.844898  105.839688   -9.4259  -13.8747
   535  3675  5999  566600.00  2305150.00  20.845218  105.640156   -6.9018  -11.6962
   536  3798  6005  567830.00  2305090.00  20.844631  105.651975  -11.8748  -20.3737
   537  4176  6059  571610.00  2304550.00  20.839610  105.688284   -9.3170  -14.8493
   538  4887  6068  578720.00  2304460.00  20.838508  105.756614   -9.6577  -15.6113
   539  5817  6068  588020.00  2304460.00  20.838090  105.845994   -4.6499  -15.1118
   540  4026  6086  570110.00  2304280.00  20.837228  105.673857   -9.7979  -14.5178
   541  6108  6101  590930.00  2304130.00  20.834969  105.873943    0.3920  -15.7054
   543  4131  6203  571160.00  2303110.00  20.826616  105.683901   -9.7406  -13.2243
   544  4032  6293  570170.00  2302210.00  20.818522  105.674350   -9.0665  -12.7661
   545  5907  6302  588920.00  2302120.00  20.816906  105.854524   -4.0369  -20.5232
   546  3978  6365  569630.00  2301490.00  20.812037  105.669132   -8.5048  -17.0209
   547  4635  6407  576200.00  2301070.00  20.807985  105.732247   -7.1707  -13.8105
   548  4881  6515  578660.00  2299990.00  20.798124  105.755836  -11.7629  -17.4163
   549  3972  6524  569570.00  2299900.00  20.797674  105.668492   -7.8525  -17.0029
   550  3975  6575  569600.00  2299390.00  20.793065  105.668760  -10.4732  -14.2357
   551  3882  6587  568670.00  2299270.00  20.792015  105.659820  -14.1376  -15.8523
   552  6723  6677  597080.00  2298370.00  20.782617  105.932726   -6.6428  -17.7883
   553  3975  6704  569600.00  2298100.00  20.781409  105.668709   -4.8675  -16.6028
   554  6936  6743  599210.00  2297710.00  20.776542  105.953151  -10.6401  -12.4572
   555  6687  6758  596720.00  2297560.00  20.775318  105.929223   -8.9179  -14.7644
   556  6987  6761  599720.00  2297530.00  20.774889  105.958040   -7.5625  -15.7504
   557  6942  6764  599270.00  2297500.00  20.774642  105.953716   -4.8056  -12.7559
   558  7032  6773  600170.00  2297410.00  20.773780  105.962356  -10.0157  -19.8969
   559  7035  6791  600200.00  2297230.00  20.772152  105.962634   -7.4214  -15.7167
   560  6882  6794  598670.00  2297200.00  20.771963  105.947935   -7.0160  -14.4006
   561  7056  6794  600410.00  2297200.00  20.771870  105.964650  -13.7584  -13.7634
   562  5856  6812  588410.00  2297020.00  20.770852  105.849365   -7.3274  -15.0414
   563  6426  6821  594110.00  2296930.00  20.769760  105.904116   -5.8260  -11.9782
   564  7035  6857  600200.00  2296570.00  20.766190  105.962596   -8.0349  -16.3581
   565  7044  6872  600290.00  2296420.00  20.764830  105.963452   -7.2637  -12.5082
   566  4044  6935  570290.00  2295790.00  20.760512  105.675245   -5.6616  -11.3410
   567  6639  6953  596240.00  2295610.00  20.757725  105.924505   -3.4200   -9.9014
   568  5850  7004  588350.00  2295100.00  20.753508  105.848692   -9.6705  -11.6979
   569  6237  7022  592220.00  2294920.00  20.751695  105.885855   -5.6724  -17.1303
   570  7047  7070  600320.00  2294440.00  20.746939  105.963627  -11.1643  -17.0508
   571  4284  7130  572690.00  2293840.00  20.742801  105.698219  -11.5474  -14.5293
   572  6345  7160  593300.00  2293540.00  20.739173  105.896155   -9.0517  -16.5011
   573  4548  7247  575330.00  2292670.00  20.732125  105.723525   -8.9816  -14.1459
   574  4473  7268  574580.00  2292460.00  20.730258  105.716313   10.0932    3.7265
   575  4239  7436  572240.00  2290780.00  20.715170  105.693771  -10.9132  -17.4979
   576  7149  7628  601340.00  2288860.00  20.696471  105.973101   -6.2313  -12.7941
   577  5019  7637  580040.00  2288770.00  20.696692  105.768583   -7.0355  -16.9760
   578  7221  7757  602060.00  2287570.00  20.684777  105.979940  -12.1490  -15.8240
   579  7269  7769  602540.00  2287450.00  20.683667  105.984541  -10.6108  -14.8088
   580  5073  7775  580580.00  2287390.00  20.684200  105.773705  -10.0882  -18.1425
   581  7191  7787  601760.00  2287270.00  20.682083  105.977042  -11.8236  -15.2915
   582  7209  7832  601940.00  2286820.00  20.678008  105.978744   -9.3120  -14.2706
   583  7095  7835  600800.00  2286790.00  20.677798  105.967798   -7.5156  -17.5233
   584  7092  7850  600770.00  2286640.00  20.676445  105.967502   -8.2580  -12.7294
   585  7179  7856  601640.00  2286580.00  20.675856  105.975850   -7.2785  -10.2721
   586  5064  7940  580490.00  2285740.00  20.669296  105.772765   -9.1136  -12.5633
   587  6012  8003  589970.00  2285110.00  20.663172  105.863741   -5.5319  -12.6801
   588  5160  8018  581450.00  2284960.00  20.662207  105.781945   -9.3593  -14.3717
   589  4416  8045  574010.00  2284690.00  20.660076  105.710512  -11.4490  -18.5955
   590  5202  8123  581870.00  2283910.00  20.652702  105.785928   -5.7235  -11.2891
   591  5310  8204  582950.00  2283100.00  20.645336  105.796257   -9.2670  -13.0199
   592  5142  8432  581270.00  2280820.00  20.624809  105.780027   -7.5099  -14.5150
   593  5145  8441  581300.00  2280730.00  20.623994  105.780310   -7.9922  -14.8674
