; ENVI Output of ROIs (5.2) [Tue Nov 26 15:44:39 2019]
; Number of ROIs: 1
; File Dimension: 7647 x 9116
;
; ROI name: EVF: Layer: crop.shp
; ROI rgb value: {0, 255, 0}
; ROI npts: 570
;   ID     X     Y      Map X       Map Y        Lat         Lon        B1        B2
     1  5361    86  583460.00  2364280.00  21.378753  105.805079  -10.8493  -15.5448
     2  5688   158  586730.00  2363560.00  21.372094  105.836583  -11.4817  -20.2805
     3  5217   224  582020.00  2362900.00  21.366352  105.791122   -8.2486  -13.2651
     4  5253   245  582380.00  2362690.00  21.364438  105.794584  -12.0243  -14.1244
     5  5580   305  585650.00  2362090.00  21.358866  105.826091   -9.0599  -15.1405
     6  5508   362  584930.00  2361520.00  21.353750  105.819119   -8.4225  -15.3238
     7  5373   368  583580.00  2361460.00  21.353271  105.806097   -9.3169  -17.4793
     8  5538   533  585230.00  2359810.00  21.338287  105.821926  -11.4223  -14.4314
     9  5916   590  589010.00  2359240.00  21.332955  105.858346  -11.4573  -17.4468
    10  5910   602  588950.00  2359120.00  21.331874  105.857761  -11.0215  -19.0043
    11  5214   626  581990.00  2358880.00  21.330035  105.790638  -10.6809  -15.0667
    12  6006   743  589910.00  2357710.00  21.319088  105.866943  -11.6997  -17.1297
    13  5964   746  589490.00  2357680.00  21.318838  105.862892  -10.2778  -18.6054
    14  5529   800  585140.00  2357140.00  21.314170  105.820924  -10.2578  -19.5620
    15  6051   860  590360.00  2356540.00  21.308496  105.871219  -10.2594  -17.1562
    16  5598   872  585830.00  2356420.00  21.307632  105.827540   -9.3815  -17.1989
    17  5952   905  589370.00  2356090.00  21.304480  105.861651   -7.9374  -13.7416
    21  6072   926  590570.00  2355880.00  21.302523  105.873209  -10.1988  -17.3286
    22  5505   953  584900.00  2355610.00  21.300358  105.818533  -10.1854  -14.7971
    23  5346   959  583310.00  2355550.00  21.299890  105.803202   -9.6759  -15.4086
    25  5904  1073  588890.00  2354410.00  21.289326  105.856936  -13.0342  -19.2369
    26  6267  1079  592520.00  2354350.00  21.288602  105.891924  -12.1294  -18.7410
    27  5844  1085  588290.00  2354290.00  21.288271  105.851146  -10.8016  -17.1104
    28  4719  1091  577040.00  2354230.00  21.288242  105.742696   -8.7353  -13.2590
    29  4701  1142  576860.00  2353720.00  21.283642  105.740938   -9.4533  -16.8425
    30  4857  1142  578420.00  2353720.00  21.283575  105.755976  -11.1117  -18.3951
    31  5514  1220  584990.00  2352940.00  21.276232  105.819267   -9.8601  -16.1498
    32  4956  1454  579410.00  2350600.00  21.255344  105.765373   -9.3633  -13.9791
    33  1479  1457  544640.00  2350570.00  21.256262  105.430260   -8.0912  -13.1883
    34  1515  1460  545000.00  2350540.00  21.255982  105.433729  -10.0862  -15.1130
    35  1497  1484  544820.00  2350300.00  21.253818  105.431988  -11.9228  -20.0434
    36  5646  1493  586310.00  2350210.00  21.251506  105.831852  -10.9776  -16.1118
    37  1518  1505  545030.00  2350090.00  21.251915  105.434007   -9.0013  -14.6020
    38  6135  1529  591200.00  2349850.00  21.248014  105.878958  -13.5023  -19.3400
    39   753  1553  537380.00  2349610.00  21.247752  105.360265  -13.3724  -17.7571
    40  6033  1634  590180.00  2348800.00  21.238579  105.869073   -9.2740  -21.4293
    41  1524  1655  545090.00  2348590.00  21.238361  105.434545  -12.4230  -14.0748
    42  5010  1661  579950.00  2348530.00  21.236619  105.770480   -6.8712  -16.9156
    43  3711  1697  566960.00  2348170.00  21.233892  105.645288  -11.3030  -15.7429
    44  3705  1700  566900.00  2348140.00  21.233623  105.644708   -8.8425  -16.1419
    45  1287  1703  542720.00  2348110.00  21.234081  105.411693   -8.6960  -18.3285
    46  1716  1724  547010.00  2347900.00  21.232078  105.453029   -9.4211  -18.3344
    47  1683  1739  546680.00  2347750.00  21.230731  105.449845  -10.3397  -19.4018
    48  3735  1754  567200.00  2347600.00  21.228733  105.647578   -8.5935  -19.7815
    49  6267  1772  592520.00  2347420.00  21.225994  105.891547  -10.4432  -19.1146
    50   822  1778  538070.00  2347360.00  21.227408  105.366865  -11.9986  -21.7635
    51   768  1787  537530.00  2347270.00  21.226606  105.361659  -10.2944  -17.6752
    52  1668  1790  546530.00  2347240.00  21.226127  105.448386   -8.0957  -12.7939
    53  1212  1826  541970.00  2346880.00  21.222985  105.404435   -9.1173  -18.9361
    54  1749  1862  547340.00  2346520.00  21.219601  105.456171  -10.4531  -18.8919
    55  5595  1874  585800.00  2346400.00  21.217109  105.826745  -11.0418  -18.6131
    56   996  1874  539810.00  2346400.00  21.218697  105.383610   -7.9221  -16.7454
    57  1695  1883  546800.00  2346310.00  21.217718  105.450962  -12.2891  -20.9896
    58  4962  1940  579470.00  2345740.00  21.211434  105.765725   -7.3471  -15.4583
    59  1344  1946  543290.00  2345680.00  21.212112  105.417125  -10.0304  -16.1297
    60  1779  1955  547640.00  2345590.00  21.211190  105.459036   -9.1710  -15.5400
    61  1743  1976  547280.00  2345380.00  21.209302  105.455561   -6.9497  -19.1572
    62  4590  1988  575750.00  2345260.00  21.207256  105.729862  -10.9299  -17.9954
    63  4716  1994  577010.00  2345200.00  21.206661  105.741999   -7.9401  -11.1007
    64  5760  2006  587450.00  2345080.00  21.205105  105.842575  -11.3000  -14.8925
    65  5565  2021  585500.00  2344930.00  21.203842  105.823781   -8.9206  -15.9930
    66   684  2021  536690.00  2344930.00  21.205481  105.353515  -11.0469  -19.1312
    67  1554  2042  545390.00  2344720.00  21.203387  105.437333   -7.8525  -17.4858
    68  3723  2045  567080.00  2344690.00  21.202446  105.646307  -13.2004  -21.2684
    69  1716  2075  547010.00  2344390.00  21.200365  105.452933   -9.1739  -20.4287
    70  1578  2075  545630.00  2344390.00  21.200400  105.439637   -9.1330  -13.7461
    72  4626  2087  576110.00  2344270.00  21.198296  105.733286  -12.2448  -18.7318
    73   798  2096  537830.00  2344180.00  21.198681  105.364482   -7.4292  -15.6360
    74  1725  2096  547100.00  2344180.00  21.198465  105.453794  -11.8067  -17.0819
    75   783  2099  537680.00  2344150.00  21.198413  105.363036   -8.1586  -12.6313
    76   825  2111  538100.00  2344030.00  21.197320  105.367080   -8.4090  -16.8151
    77  1818  2114  548030.00  2344000.00  21.196814  105.462749  -11.2072  -17.1829
    78  4380  2123  573650.00  2343910.00  21.195145  105.709571   -6.0070  -15.4486
    79  1323  2141  543080.00  2343730.00  21.194499  105.415052   -8.0163  -15.2489
    80  4668  2150  576530.00  2343640.00  21.192587  105.737304  -10.0604  -16.0286
    81  1443  2153  544280.00  2343610.00  21.193386  105.426610   -7.1771  -14.7115
    82   921  2177  539060.00  2343370.00  21.191337  105.376314   -5.8289  -18.1320
    83  4695  2183  576800.00  2343310.00  21.189594  105.739890   -9.6091  -16.4465
    84  1401  2183  543860.00  2343310.00  21.190685  105.422556   -4.8110  -13.2279
    85  4680  2186  576650.00  2343280.00  21.189329  105.738444   -7.8607  -14.4971
    86  1713  2198  546980.00  2343160.00  21.189252  105.452610   -8.8209  -14.3728
    87  1839  2207  548240.00  2343070.00  21.188406  105.464746   -8.6932  -15.1134
    88  4302  2216  572870.00  2342980.00  21.186774  105.702017  -10.7248  -19.1699
    89  5787  2237  587720.00  2342770.00  21.184222  105.845058   -9.1307  -17.2072
    90  5649  2255  586340.00  2342590.00  21.182662  105.831755   -7.8842  -15.2321
    91  5577  2264  585620.00  2342500.00  21.181883  105.824815   -8.6141  -18.0389
    92   807  2264  537920.00  2342500.00  21.183500  105.365312  -12.5566  -21.8983
    93  4611  2267  575960.00  2342470.00  21.182040  105.731761  -13.0137  -13.8895
    94  1233  2267  542180.00  2342470.00  21.183135  105.406350  -11.0145  -19.3001
    95  4788  2270  577730.00  2342440.00  21.181694  105.748810   -7.9349  -12.7929
    96  3561  2291  565460.00  2342230.00  21.180279  105.630605   -4.7555  -13.8176
    97  1224  2300  542090.00  2342140.00  21.180156  105.405475   -5.4996  -11.9345
    98  4827  2300  578120.00  2342140.00  21.178967  105.752553  -11.5407  -13.6930
    99  4713  2303  576980.00  2342110.00  21.178745  105.741570   -9.4176  -14.8081
   100  4845  2303  578300.00  2342110.00  21.178688  105.754285   -9.7743  -18.4473
   101  4707  2309  576920.00  2342050.00  21.178205  105.740990   -4.9091  -15.7031
   102  4788  2315  577730.00  2341990.00  21.177629  105.748789   -9.4917  -16.2215
   103  4842  2333  578270.00  2341810.00  21.175979  105.753983   -5.5706  -16.0011
   104   810  2336  537950.00  2341780.00  21.176994  105.365585  -10.9688  -19.1221
   105  1155  2342  541400.00  2341720.00  21.176377  105.398818   -3.6383  -16.6471
   106  1176  2342  541610.00  2341720.00  21.176372  105.400841   -8.8677  -11.5959
   107  4533  2378  575180.00  2341360.00  21.172044  105.724199   -8.0785  -22.7781
   108  4536  2384  575210.00  2341300.00  21.171501  105.724485   -9.4203  -13.6172
   109  3609  2399  565940.00  2341150.00  21.170504  105.635187  -12.3554  -19.2416
   110  4758  2402  577430.00  2341120.00  21.169781  105.745860   -6.4020  -16.0961
   111  4674  2408  576590.00  2341060.00  21.169275  105.737767   -8.9003  -16.7762
   112  5190  2417  581750.00  2340970.00  21.168238  105.787463   -9.1698  -11.8479
   113  5061  2420  580460.00  2340940.00  21.168024  105.775037   -5.2052  -16.6573
   114  1047  2429  540320.00  2340850.00  21.168540  105.388393   -9.0177  -12.6166
   115  4809  2453  577940.00  2340610.00  21.165152  105.750749  -13.1288  -16.0426
   116  1239  2456  542240.00  2340580.00  21.166057  105.406881   -6.1096  -16.0825
   117  5034  2468  580190.00  2340460.00  21.163699  105.772414   -5.3087  -13.2499
   118  3054  2474  560390.00  2340400.00  21.163920  105.581701   -4.6963  -17.3183
   119  4176  2477  571610.00  2340370.00  21.163243  105.689770   -9.0250  -13.1273
   120  4476  2483  574610.00  2340310.00  21.162581  105.718662   -9.0586  -18.9573
   121  5589  2489  585740.00  2340250.00  21.161549  105.825858   -8.8490  -18.7960
   122  4788  2510  577730.00  2340040.00  21.160011  105.748701  -10.2216  -17.0041
   123  1089  2513  540740.00  2340010.00  21.160941  105.392419   -9.1306  -17.9800
   124  4764  2519  577490.00  2339950.00  21.159208  105.746385   -7.1902  -17.2615
   125  4866  2525  578510.00  2339890.00  21.158622  105.756206   -8.1537  -12.4559
   126  5664  2525  586490.00  2339890.00  21.158262  105.833064   -8.2558  -15.6215
   127  4575  2528  575600.00  2339860.00  21.158474  105.728178   -7.8095  -17.2231
   128  3807  2531  567920.00  2339830.00  21.158505  105.654207   -8.3780  -18.1242
   129  4491  2534  574760.00  2339800.00  21.157967  105.720085   -9.1237  -17.4869
   130  3900  2540  568850.00  2339740.00  21.157657  105.663161  -14.0280  -16.5055
   131  4740  2543  577250.00  2339710.00  21.157050  105.744063   -8.3593  -15.2851
   132  4734  2543  577190.00  2339710.00  21.157053  105.743485   -9.8020  -15.5942
   133  5475  2552  584600.00  2339620.00  21.155911  105.814847   -6.0336  -15.6697
   134  4728  2555  577130.00  2339590.00  21.155971  105.742902   -9.7931  -15.1885
   135  5694  2564  586790.00  2339500.00  21.154724  105.835933   -6.1016  -18.3137
   136  4899  2570  578840.00  2339440.00  21.154543  105.759364   -9.7976  -17.1977
   137  3897  2576  568820.00  2339380.00  21.154406  105.662857   -9.3962  -18.1534
   138  3924  2576  569090.00  2339380.00  21.154396  105.665458   -7.1539  -14.8803
   139  4860  2579  578450.00  2339350.00  21.153746  105.755604   -8.1743  -14.5221
   140  3237  2582  562220.00  2339320.00  21.154101  105.599288  -10.0588  -13.8262
   141  4761  2582  577460.00  2339320.00  21.153518  105.746068   -9.3283  -12.7324
   142  4422  2585  574070.00  2339290.00  21.153387  105.713417   -7.8261  -11.3446
   143  3627  2588  566120.00  2339260.00  21.153422  105.636848  -11.6847  -18.2029
   144  4761  2588  577460.00  2339260.00  21.152975  105.746065   -9.6039  -13.8061
   145  3873  2588  568580.00  2339260.00  21.153331  105.660541   -9.5168  -15.8086
   146  3615  2594  566000.00  2339200.00  21.152884  105.635690  -11.7654  -21.8970
   147  3984  2594  569690.00  2339200.00  21.152747  105.671229   -8.9477  -18.2340
   148  1701  2597  546860.00  2339170.00  21.153205  105.451344  -10.0984  -15.0711
   149  4731  2603  577160.00  2339110.00  21.151633  105.743169   -9.8834  -20.1608
   150  3342  2606  563270.00  2339080.00  21.151896  105.609392  -10.2913  -17.4210
   151  4143  2609  571280.00  2339050.00  21.151330  105.686536  -11.7094  -20.5657
   152  5532  2609  585170.00  2339050.00  21.150735  105.820309   -7.5399  -14.9001
   153  4212  2618  571970.00  2338960.00  21.150490  105.693178  -12.0059  -30.4300
   154  4224  2624  572090.00  2338900.00  21.149943  105.694331  -11.0760  -15.5650
   155   171  2624  531560.00  2338900.00  21.151094  105.303975  -13.6178  -20.6014
   156  3981  2636  569660.00  2338780.00  21.148953  105.670923  -11.9122  -21.4613
   157  2565  2642  555500.00  2338720.00  21.148897  105.534546  -12.4811  -14.3695
   158  4815  2642  578000.00  2338720.00  21.148074  105.751241   -5.8306  -16.9036
   159  5568  2645  585530.00  2338690.00  21.147465  105.823758  -10.0076  -19.9832
   160  3639  2654  566240.00  2338600.00  21.147454  105.637978   -9.8400  -20.2508
   161  3570  2657  565550.00  2338570.00  21.147208  105.631332  -11.8859  -15.3224
   162  4254  2663  572390.00  2338510.00  21.146408  105.697204  -10.2149  -16.4534
   163  3363  2666  563480.00  2338480.00  21.146468  105.611393   -9.6952  -16.7068
   164  3576  2666  565610.00  2338480.00  21.146393  105.631906   -9.2489  -17.7782
   165  3576  2669  565610.00  2338450.00  21.146122  105.631905  -10.8623  -14.6676
   166  3966  2672  569510.00  2338420.00  21.145706  105.669464  -12.7861  -19.2629
   167  4212  2672  571970.00  2338420.00  21.145611  105.693155   -9.4783  -17.8342
   168  3162  2675  561470.00  2338390.00  21.145724  105.592031  -10.6842  -14.5538
   169  4458  2675  574430.00  2338390.00  21.145241  105.716845   -8.7564  -15.1309
   170  3123  2678  561080.00  2338360.00  21.145466  105.588274   -6.7151  -14.7891
   171  3516  2678  565010.00  2338360.00  21.145330  105.626123   -9.6875  -14.4654
   172  1722  2681  547070.00  2338330.00  21.145610  105.453344  -13.0668  -26.8589
   173  5604  2681  585890.00  2338330.00  21.144196  105.827207  -10.8189  -15.1152
   174  3717  2684  567020.00  2338300.00  21.144715  105.645479   -8.7223  -20.5088
   175  1833  2687  548180.00  2338270.00  21.145039  105.464033   -8.0752  -17.5098
   176   171  2702  531560.00  2338120.00  21.144047  105.303961  -11.5591  -21.3757
   177  5064  2705  580490.00  2338090.00  21.142274  105.775192  -13.1576  -16.7820
   178  4515  2711  575000.00  2338030.00  21.141965  105.722319   -5.1033  -19.6880
   179   243  2720  532280.00  2337940.00  21.142408  105.310892   -6.7292  -15.8477
   180  3153  2726  561380.00  2337880.00  21.141119  105.591146  -12.5966  -13.7825
   181  3618  2738  566030.00  2337760.00  21.139873  105.635923  -12.4679  -18.3901
   182  4812  2744  577970.00  2337700.00  21.138860  105.750906   -7.4474  -14.2342
   183  3501  2747  564860.00  2337670.00  21.139101  105.624652   -9.0101  -14.1500
   184  5715  2768  587000.00  2337460.00  21.136283  105.837852  -10.5746  -12.2330
   185  3147  2774  561320.00  2337400.00  21.136784  105.590551   -8.0185  -15.3488
   186  1800  2780  547850.00  2337340.00  21.136645  105.460828  -10.0671  -22.5653
   187  1947  2780  549320.00  2337340.00  21.136606  105.474985   -5.1846  -15.4561
   188  4230  2783  572150.00  2337310.00  21.135575  105.694842  -11.5971  -14.9169
   189  6204  2789  591890.00  2337250.00  21.134147  105.884930  -11.8994  -16.8022
   190  4506  2789  574910.00  2337250.00  21.134922  105.721418   -9.3289  -13.9849
   191  5607  2792  585920.00  2337220.00  21.134166  105.827440   -9.0991  -13.5801
   192  6003  2807  589880.00  2337070.00  21.132620  105.865565  -11.5618  -17.0888
   193  4278  2810  572630.00  2337040.00  21.133117  105.699453  -12.9086  -17.1159
   194  5544  2822  585290.00  2336920.00  21.131485  105.821358  -10.1293  -15.5209
   195  2742  2831  557270.00  2336830.00  21.131766  105.551529   -5.0650  -12.1881
   196  4671  2852  576560.00  2336620.00  21.129162  105.737279   -8.0630  -20.9472
   197  2715  2855  557000.00  2336590.00  21.129606  105.548921   -8.6574  -11.9195
   198  3762  2861  567470.00  2336530.00  21.128707  105.649743  -14.9797  -19.8987
   199  3042  2864  560270.00  2336500.00  21.128688  105.580408   -3.8571  -12.8446
   200  3984  2897  569690.00  2336170.00  21.125371  105.671106   -3.9736  -15.9713
   201  2250  2900  552350.00  2336140.00  21.125679  105.504129   -9.6598  -16.2172
   202  5985  2900  589700.00  2336140.00  21.124227  105.863783  -10.2088  -15.7872
   203  3531  2918  565160.00  2335960.00  21.123641  105.627476   -9.0219  -12.2532
   204  4404  2921  573890.00  2335930.00  21.123038  105.711539  -13.9487  -17.2274
   205  4011  2939  569960.00  2335750.00  21.121566  105.673689   -9.6658  -16.4724
   206  3549  2957  565340.00  2335570.00  21.120111  105.629195  -12.5466  -19.8163
   207  4698  2963  576830.00  2335510.00  21.119122  105.739829  -12.9713  -20.5669
   208  2031  2966  550160.00  2335480.00  21.119777  105.483020  -10.2829  -17.1575
   209   780  2969  537650.00  2335450.00  21.119807  105.362555  -11.3869  -17.9852
   210  1899  2969  548840.00  2335450.00  21.119542  105.470309  -14.1188  -16.8948
   211  4746  2978  577310.00  2335360.00  21.117746  105.744444   -7.2291  -14.8154
   212  3510  2978  564950.00  2335360.00  21.118227  105.625432   -8.2037  -18.6482
   213  4776  2987  577610.00  2335270.00  21.116921  105.747329  -11.3329  -15.9793
   214  3837  2996  568220.00  2335180.00  21.116482  105.656911  -16.4826  -16.3867
   215  4065  3002  570500.00  2335120.00  21.115853  105.678862   -8.6244  -17.1228
   216  1527  3008  545120.00  2335060.00  21.116114  105.434477  -13.7753  -17.6888
   217  5928  3011  589130.00  2335030.00  21.114227  105.858237   -9.0747  -15.6458
   218  3594  3011  565790.00  2335030.00  21.115216  105.633507   -7.3013  -16.9904
   219  3516  3014  565010.00  2335000.00  21.114973  105.625996   -8.7885  -16.4684
   220  5937  3023  589220.00  2334910.00  21.113138  105.859097   -7.6639  -13.4694
   221  1410  3026  543950.00  2334880.00  21.114516  105.423206   -9.3063  -16.3191
   222  5937  3026  589220.00  2334880.00  21.112867  105.859096  -11.1385  -16.0195
   223  3555  3038  565400.00  2334760.00  21.112790  105.629742  -10.5347  -20.9940
   224  1359  3041  543440.00  2334730.00  21.113173  105.418292  -12.8942  -17.2297
   225  3510  3047  564950.00  2334670.00  21.111993  105.625405  -10.8496  -18.0300
   226  3918  3047  569030.00  2334670.00  21.111844  105.664690   -7.3241  -13.3677
   227   777  3071  537620.00  2334430.00  21.110591  105.362244  -10.2205  -16.5157
   228  5568  3077  585530.00  2334370.00  21.108436  105.823542   -8.8093  -15.4072
   229  1122  3077  541070.00  2334370.00  21.109975  105.395462  -10.5762  -15.1661
   230  3633  3086  566180.00  2334280.00  21.108425  105.637234   -5.6706  -13.4154
   231  3579  3101  565640.00  2334130.00  21.107090  105.632029   -5.8360  -15.8505
   232  4254  3107  572390.00  2334070.00  21.106293  105.697016   -6.0295  -12.9169
   233  5631  3113  586160.00  2334010.00  21.105154  105.829590   -9.1914  -15.7070
   234  3825  3122  568100.00  2333920.00  21.105102  105.655706   -8.4784  -19.7548
   235  3633  3122  566180.00  2333920.00  21.105173  105.637220  -12.2649  -15.4217
   236  5496  3134  584810.00  2333800.00  21.103320  105.816582   -8.8748  -15.8458
   237  5736  3143  587210.00  2333710.00  21.102394  105.839684  -10.4606  -14.9919
   238  5547  3146  585320.00  2333680.00  21.102212  105.821486  -12.2164  -19.4603
   239  3786  3164  567710.00  2333500.00  21.101322  105.651934   -7.8948  -13.5486
   240  3618  3170  566030.00  2333440.00  21.100842  105.635757  -12.3057  -20.2929
   241  1545  3182  545300.00  2333320.00  21.100388  105.436164  -10.8723  -15.3348
   242  6576  3182  595610.00  2333320.00  21.098451  105.920532  -10.4817  -17.1446
   243  3711  3182  566960.00  2333320.00  21.099724  105.644706   -5.6852  -13.1386
   244  2286  3182  552710.00  2333320.00  21.100190  105.507509   -7.3943  -16.2951
   245  1680  3185  546650.00  2333290.00  21.100083  105.449162   -9.1683  -15.2895
   246   363  3185  533480.00  2333290.00  21.100372  105.322358   -8.9357  -17.6672
   247  1299  3185  542840.00  2333290.00  21.100176  105.412478  -11.1046  -17.2182
   248  3729  3188  567140.00  2333260.00  21.099175  105.646437   -6.3375  -14.6133
   249  1452  3191  544370.00  2333230.00  21.099598  105.427208   -6.9192  -15.5575
   250  1665  3194  546500.00  2333200.00  21.099274  105.447715  -11.1491  -19.2809
   251  6288  3197  592730.00  2333170.00  21.097244  105.892798  -12.9065  -16.5040
   252  3621  3197  566060.00  2333170.00  21.098401  105.636035   -7.7928  -16.3096
   253  6315  3203  593000.00  2333110.00  21.096688  105.895394  -10.0464  -15.4155
   254  3711  3212  566960.00  2333020.00  21.097013  105.644695   -9.2334  -13.4124
   255  3921  3221  569060.00  2332930.00  21.096122  105.664909  -11.9394  -14.0552
   256  3156  3245  561410.00  2332690.00  21.094226  105.591249   -6.4796  -13.5560
   257  5685  3248  586700.00  2332660.00  21.092932  105.834721   -9.8038  -19.0342
   258  5709  3257  586940.00  2332570.00  21.092107  105.837027   -7.0978  -16.2263
   259  3609  3263  565940.00  2332510.00  21.092442  105.634855   -8.6886  -21.8199
   260  1821  3299  548060.00  2332150.00  21.089746  105.462705   -6.1128  -16.5651
   261  4617  3320  576020.00  2331940.00  21.086901  105.731872  -10.3759  -14.1625
   262   297  3353  532820.00  2331610.00  21.085204  105.315972  -11.2328  -19.9567
   263  5130  3356  581150.00  2331580.00  21.083429  105.781240   -5.7917  -12.9610
   264  2283  3359  552680.00  2331550.00  21.084198  105.507165   -8.9623  -15.0976
   265  6474  3365  594590.00  2331490.00  21.081971  105.910612  -11.6900  -17.9928
   266  4758  3365  577430.00  2331490.00  21.082777  105.745425  -11.5717  -14.3739
   267  5610  3374  585950.00  2331400.00  21.081584  105.827437  -11.3999  -16.8276
   268  2316  3383  553010.00  2331310.00  21.082020  105.510335  -10.2718  -17.2025
   269  4479  3395  574640.00  2331190.00  21.080182  105.718554   -7.2709  -13.2210
   270  4797  3401  577820.00  2331130.00  21.079508  105.749163   -9.4101  -13.5264
   271  1632  3404  546170.00  2331100.00  21.080308  105.444481   -9.3017  -14.1592
   272  4827  3413  578120.00  2331010.00  21.078411  105.752046  -12.7908  -16.2699
   273  3228  3416  562130.00  2330980.00  21.078752  105.598119   -8.1948  -17.5022
   274  4695  3416  576800.00  2330980.00  21.078195  105.739338  -12.1680  -16.9925
   275  4968  3425  579530.00  2330890.00  21.077266  105.765613   -7.4420  -15.5669
   276  4740  3428  577250.00  2330860.00  21.077092  105.743664  -10.1036  -15.0784
   277  4809  3428  577940.00  2330860.00  21.077063  105.750306   -6.1705  -15.3387
   278  4503  3434  574880.00  2330800.00  21.076649  105.720848   -9.4129  -19.6175
   279  4827  3437  578120.00  2330770.00  21.076242  105.752035   -9.6794  -15.1513
   280  4824  3437  578090.00  2330770.00  21.076244  105.751746  -11.3094  -16.4812
   281  4806  3437  577910.00  2330770.00  21.076251  105.750013   -8.9617  -16.2860
   282  4776  3440  577610.00  2330740.00  21.075993  105.747124   -7.8836  -17.2103
   283  4974  3443  579590.00  2330710.00  21.075637  105.766182   -8.2230  -13.3141
   284  5667  3443  586520.00  2330710.00  21.075323  105.832890  -12.0213  -19.2744
   285  3768  3449  567530.00  2330650.00  21.075579  105.650089   -7.5892  -13.0889
   286  4815  3452  578000.00  2330620.00  21.074892  105.750873   -7.5999  -21.6206
   287  6285  3455  592700.00  2330590.00  21.073936  105.892370  -10.3530  -15.7094
   288  4860  3458  578450.00  2330560.00  21.074331  105.755202  -13.6163  -13.9323
   289  4713  3461  576980.00  2330530.00  21.074122  105.741050  -10.8531  -22.7510
   290  3996  3476  569810.00  2330380.00  21.073054  105.672026  -11.2941  -16.9970
   291  5730  3482  587150.00  2330320.00  21.071769  105.838934   -6.2958  -16.3854
   292  1671  3485  546560.00  2330290.00  21.072980  105.448214  -10.4098  -20.3699
   293  2055  3485  550400.00  2330290.00  21.072878  105.485179   -9.1195  -16.1010
   294  6297  3488  592820.00  2330260.00  21.070949  105.893507  -10.9310  -15.3161
   295  4728  3491  577130.00  2330230.00  21.071406  105.742481  -11.1903  -17.2123
   296  1494  3494  544790.00  2330200.00  21.072210  105.431173   -9.9163  -13.6487
   297  4818  3509  578030.00  2330050.00  21.069741  105.751136   -9.0060  -15.0245
   298  6996  3509  599810.00  2330050.00  21.068684  105.960776  -12.1896  -18.6035
   299  3630  3518  566150.00  2329960.00  21.069395  105.636778   -9.4159  -16.7614
   300  3801  3518  567860.00  2329960.00  21.069333  105.653239   -8.0144  -12.9278
   301  4905  3521  578900.00  2329930.00  21.068620  105.759505  -11.7412  -12.5017
   302  3921  3521  569060.00  2329930.00  21.069017  105.664788  -11.8270  -21.1435
   303  2253  3527  552380.00  2329870.00  21.069028  105.504226   -9.5877  -19.3022
   304  4863  3545  578480.00  2329690.00  21.066469  105.755451  -13.8840  -16.5668
   305  6942  3554  599270.00  2329600.00  21.064648  105.955552  -10.0897  -16.4826
   306  2148  3554  551330.00  2329600.00  21.066618  105.494111  -11.9328  -15.1797
   307  4767  3557  577520.00  2329570.00  21.065426  105.746205  -11.8270  -19.2337
   308  7389  3572  603740.00  2329420.00  21.062774  105.998564   -5.7825  -12.0013
   309  1770  3575  547550.00  2329390.00  21.064822  105.457719   -9.7513  -16.6279
   310  4593  3575  575780.00  2329390.00  21.063873  105.729449   -6.2730  -16.8934
   311  7329  3578  603140.00  2329360.00  21.062266  105.992785  -12.3064  -19.7417
   312  7440  3581  604250.00  2329330.00  21.061932  106.003467   -8.9057  -18.1950
   313  4644  3587  576290.00  2329270.00  21.062767  105.734353   -8.7407  -14.8071
   314  5817  3605  588020.00  2329090.00  21.060615  105.847245   -6.9116  -14.5778
   315  3762  3608  567470.00  2329060.00  21.061216  105.649449  -12.3936  -17.1682
   316  7383  3611  603680.00  2329030.00  21.059255  105.997963  -14.6454  -18.8404
   317  6999  3614  599840.00  2329000.00  21.059197  105.961003   -6.2816  -10.3850
   318  7419  3623  604040.00  2328910.00  21.058150  106.001420  -16.4583  -20.3856
   319  6879  3641  598640.00  2328730.00  21.056822  105.949439   -9.4033  -16.9287
   320  7437  3644  604220.00  2328700.00  21.056243  106.003140   -9.8797  -15.3375
   321  4668  3659  576530.00  2328550.00  21.056252  105.736631   -7.4760  -15.9965
   322  4683  3659  576680.00  2328550.00  21.056246  105.738074  -12.0648  -14.4377
   323  7380  3662  603650.00  2328520.00  21.054649  105.997643  -10.5480  -16.6944
   324  7452  3662  604370.00  2328520.00  21.054608  106.004572   -6.4641  -12.9642
   325  7068  3665  600530.00  2328490.00  21.054551  105.967614  -11.8039  -16.6798
   326  2652  3671  556370.00  2328430.00  21.055899  105.542587   -9.2708  -18.3781
   327  2874  3677  558590.00  2328370.00  21.055287  105.563952  -13.8055  -14.3196
   328  2649  3677  556340.00  2328370.00  21.055357  105.542296  -10.7109  -22.3008
   329  7257  3692  602420.00  2328220.00  21.052008  105.985788  -10.5142  -17.3958
   330  6777  3692  597620.00  2328220.00  21.052269  105.939593   -8.1970  -14.9610
   331  2214  3707  551990.00  2328070.00  21.052775  105.500418   -5.2166  -15.2409
   332  2553  3707  555380.00  2328070.00  21.052676  105.533046   -9.4257  -16.5590
   333  4986  3710  579710.00  2328040.00  21.051509  105.767214   -9.6349  -16.3384
   334  6999  3710  599840.00  2328040.00  21.050524  105.960948   -3.6807  -16.7047
   335  2709  3713  556940.00  2328010.00  21.052086  105.548059  -12.3241  -19.2995
   336  1218  3719  542030.00  2327950.00  21.051946  105.404549  -10.0536  -17.0894
   337  7509  3725  604940.00  2327890.00  21.048884  106.010020   -9.0921  -19.4240
   338  6699  3725  596840.00  2327890.00  21.049329  105.932068   -9.1224  -17.4240
   339  1191  3728  541760.00  2327860.00  21.051139  105.401948  -10.6251  -18.8171
   340  7524  3728  605090.00  2327860.00  21.048604  106.011461  -10.4986  -19.6262
   341  4866  3734  578510.00  2327800.00  21.049392  105.755653   -9.2508  -17.1216
   342  6801  3743  597860.00  2327710.00  21.047649  105.941874  -14.1419  -13.1145
   343  4638  3746  576230.00  2327680.00  21.048404  105.733705   -4.0854  -10.7403
   344  4638  3749  576230.00  2327650.00  21.048133  105.733703   -3.4287   -8.8886
   345  2211  3752  551960.00  2327620.00  21.048710  105.500115  -12.0734  -17.4852
   346  3972  3752  569570.00  2327620.00  21.048127  105.669604   -8.2209  -19.8360
   347  3027  3752  560120.00  2327620.00  21.048461  105.578653  -11.1180  -15.6485
   348  3954  3755  569390.00  2327590.00  21.047863  105.667870  -10.9065  -16.2079
   349  1626  3755  546110.00  2327590.00  21.048596  105.443810  -11.8543  -15.0551
   350  4623  3758  576080.00  2327560.00  21.047326  105.732256   -8.0715  -14.8682
   351   345  3776  533300.00  2327380.00  21.046975  105.320511   -9.1340  -16.6942
   352  3912  3785  568970.00  2327290.00  21.045168  105.663816  -10.3705  -15.1794
   353  2388  3791  553730.00  2327230.00  21.045136  105.517139  -11.5073  -21.7656
   354  2655  3791  556400.00  2327230.00  21.045055  105.542836   -9.2782  -16.3540
   355  7179  3794  601640.00  2327200.00  21.042836  105.978221   -6.1574  -18.3989
   356  5931  3815  589160.00  2326990.00  21.041588  105.858109   -6.8583  -16.9823
   357  7128  3818  601130.00  2326960.00  21.040696  105.973299   -6.0503  -14.8174
   358  1599  3821  545840.00  2326930.00  21.042639  105.441193   -8.2235  -17.7173
   359  7113  3848  600980.00  2326660.00  21.037994  105.971838   -7.4440  -19.2833
   360  1308  3893  542930.00  2326210.00  21.036204  105.413168  -13.0166  -15.9462
   361  3765  3899  567500.00  2326150.00  21.034923  105.649624  -12.7642  -20.3786
   362  7392  3899  603770.00  2326150.00  21.033231  105.998655   -7.4265  -18.8879
   363  1362  3902  543470.00  2326120.00  21.035378  105.418363   -9.3613  -16.4562
   364  7392  3902  603770.00  2326120.00  21.032960  105.998654   -7.6680  -16.4147
   365  3747  3920  567320.00  2325940.00  21.033032  105.647883   -8.6290  -25.2845
   366  7119  3932  601040.00  2325820.00  21.030402  105.972366   -9.3286  -16.5499
   367  4047  3932  570320.00  2325820.00  21.031835  105.676749   -9.7863  -13.9625
   368  3807  3947  567920.00  2325670.00  21.030570  105.653647   -9.7850  -16.3626
   369  4266  3947  572510.00  2325670.00  21.030395  105.697818  -11.9198  -14.7552
   370  2145  3953  551300.00  2325610.00  21.030568  105.493703  -12.9699  -17.9033
   371  7131  3953  601160.00  2325610.00  21.028498  105.973508  -11.1278  -14.3417
   372  1308  3968  542930.00  2325460.00  21.029427  105.413150   -8.2437  -13.0977
   373  3741  3974  567260.00  2325400.00  21.028155  105.647285   -8.5645  -17.1753
   374   189  3977  531740.00  2325370.00  21.028842  105.305459  -11.6363  -17.9701
   375  4665  3980  576500.00  2325340.00  21.027252  105.736199  -13.3283  -16.0486
   376  5157  3986  581420.00  2325280.00  21.026498  105.783541   -7.4773  -11.1550
   377  4218  3995  572030.00  2325190.00  21.026077  105.693178   -4.2732  -13.2740
   378  5148  3995  581330.00  2325190.00  21.025689  105.782671   -7.7887  -12.2948
   379  1743  4001  547280.00  2325130.00  21.026339  105.455003  -10.8990  -14.5603
   380  3792  4004  567770.00  2325100.00  21.025426  105.652181  -10.3305  -18.9646
   381  6417  4007  594020.00  2325070.00  21.023999  105.904774   -8.9915  -16.5342
   382  3975  4019  569600.00  2324950.00  21.024002  105.669785  -10.6571  -20.1619
   383  7275  4049  602600.00  2324650.00  21.019745  105.987308  -11.5860  -19.1100
   384  7260  4055  602450.00  2324590.00  21.019212  105.985861   -8.1032  -17.2221
   385  7230  4058  602150.00  2324560.00  21.018957  105.982972   -4.7038  -12.0243
   386  4083  4064  570680.00  2324500.00  21.019895  105.680159  -14.7788  -17.4188
   387  2766  4064  557510.00  2324500.00  21.020355  105.553428   -9.9731  -14.2589
   388  7170  4076  601550.00  2324380.00  21.017364  105.977189   -8.9345  -18.3582
   389  3972  4079  569570.00  2324350.00  21.018582  105.669472   -7.3232  -16.7610
   390  7329  4085  603140.00  2324290.00  21.016463  105.992482  -12.0965  -16.3072
   391  1764  4091  547490.00  2324230.00  21.018202  105.456999   -7.3215  -15.7118
   392  5235  4121  582200.00  2323930.00  21.014266  105.790982   -8.4793  -16.4162
   393  6663  4124  596480.00  2323900.00  21.013301  105.928380   -9.7976  -14.1258
   394  6624  4136  596090.00  2323780.00  21.012237  105.924621  -10.1217  -14.8228
   395  3975  4136  569600.00  2323780.00  21.013431  105.669738   -9.5211  -16.0934
   396  3987  4139  569720.00  2323750.00  21.013156  105.670891   -9.0361  -17.1836
   397  3966  4142  569510.00  2323720.00  21.012893  105.668869  -10.5324  -22.2826
   398  4140  4145  571250.00  2323690.00  21.012555  105.685611   -8.5102  -15.1695
   399  2316  4172  553010.00  2323420.00  21.010732  105.510092   -8.2320  -13.5140
   400  4140  4175  571250.00  2323390.00  21.009845  105.685598   -9.7052  -16.8565
   401  4143  4181  571280.00  2323330.00  21.009301  105.685884   -5.9601  -15.0489
   402  4098  4196  570830.00  2323180.00  21.007963  105.681548   -8.0378  -18.8148
   403  4257  4199  572420.00  2323150.00  21.007630  105.696846  -13.1700  -15.7354
   404  4113  4202  570980.00  2323120.00  21.007416  105.682989   -8.5344  -14.3043
   405  7038  4205  600230.00  2323090.00  21.005782  105.964413   -6.3020  -16.1431
   406  2487  4208  554720.00  2323060.00  21.007429  105.526535   -8.6377  -15.9398
   407  4248  4217  572330.00  2322970.00  21.006008  105.695972  -10.0886  -14.4548
   408  4278  4223  572630.00  2322910.00  21.005454  105.698856   -7.8646  -15.6736
   409  4986  4259  579710.00  2322550.00  21.001908  105.766960   -8.4322  -14.6774
   410  6774  4274  597590.00  2322400.00  20.999691  105.938975   -8.5628  -15.1466
   411  4170  4277  571550.00  2322370.00  21.000617  105.688442   -6.8071  -15.9082
   412  3981  4298  569660.00  2322160.00  20.998792  105.670250   -8.8664  -13.7672
   413  3936  4301  569210.00  2322130.00  20.998538  105.665919  -12.1317  -20.1203
   414  6729  4304  597140.00  2322100.00  20.997004  105.934629   -8.7113  -15.7958
   415  6675  4316  596600.00  2321980.00  20.995949  105.929427   -5.4528  -10.9783
   416  2220  4328  552050.00  2321860.00  20.996665  105.500808  -13.1501  -20.7995
   417  5163  4334  581480.00  2321800.00  20.995054  105.783954   -4.6218  -16.4397
   418  4668  4343  576530.00  2321710.00  20.994454  105.736327  -14.2087  -13.4977
   419  4035  4346  570200.00  2321680.00  20.994435  105.675426  -10.4246  -15.1388
   420  4200  4346  571850.00  2321680.00  20.994371  105.691300  -10.8129  -16.5608
   421  4533  4349  575180.00  2321650.00  20.993967  105.723336   -8.0714  -20.1511
   422  4044  4358  570290.00  2321560.00  20.993347  105.676287   -9.6511  -19.4086
   423  6237  4364  592220.00  2321500.00  20.991837  105.887263   -6.3805  -15.3229
   424  4902  4385  578870.00  2321290.00  20.990560  105.758821  -10.0125  -15.8221
   425  4899  4388  578840.00  2321260.00  20.990290  105.758531  -11.1479  -19.5639
   426  4014  4397  569990.00  2321170.00  20.989835  105.673385   -7.9700  -20.4731
   427  3975  4409  569600.00  2321050.00  20.988766  105.669628   -9.9644  -19.9538
   428  3705  4421  566900.00  2320930.00  20.987782  105.643647   -5.5915  -19.1051
   429  4062  4439  570470.00  2320750.00  20.986022  105.677985  -11.2223  -14.9973
   430  4773  4448  577580.00  2320660.00  20.984923  105.746382   -5.4721  -15.2438
   431  4323  4478  573080.00  2320360.00  20.982397  105.703078  -13.6481  -14.1590
   432  4116  4487  571010.00  2320270.00  20.981665  105.683161   -8.4808  -14.9793
   433  4944  4490  579290.00  2320240.00  20.981056  105.762813   -9.5239  -17.8970
   434  3729  4490  567140.00  2320240.00  20.981539  105.645929  -13.0216  -19.8123
   435  4038  4493  570230.00  2320210.00  20.981152  105.675654  -11.3557  -15.1829
   436  4140  4517  571250.00  2319970.00  20.978945  105.685457  -12.3241  -17.2246
   437  3999  4517  569840.00  2319970.00  20.978999  105.671893  -11.2800  -15.8201
   438  4425  4550  574100.00  2319640.00  20.975851  105.712860   -5.6808  -12.9470
   439  4176  4598  571610.00  2319160.00  20.971612  105.688887  -10.1840  -14.4532
   440  4686  4703  576710.00  2318110.00  20.961920  105.737899   -9.8344  -16.6874
   441  4680  4709  576650.00  2318050.00  20.961381  105.737319  -10.0095  -17.2373
   442  2526  4715  555110.00  2317990.00  20.961609  105.530126  -10.9416  -17.1754
   443  3345  4718  563300.00  2317960.00  20.961075  105.608904   -9.0323  -18.2577
   444  4344  4718  573290.00  2317960.00  20.960704  105.704997   -9.0999  -16.5524
   445  2511  4721  554960.00  2317930.00  20.961071  105.528681  -10.2026  -18.5136
   446  4524  4730  575090.00  2317840.00  20.959548  105.722305  -11.4061  -17.5667
   447  5664  4766  586490.00  2317480.00  20.955795  105.831938   -8.5406  -14.5000
   448  4590  4772  575750.00  2317420.00  20.955726  105.728635  -10.0845  -18.6547
   449  2898  4775  558830.00  2317390.00  20.956073  105.565888  -15.1197  -23.1839
   450  5235  4802  582200.00  2317120.00  20.952739  105.790659   -9.2838  -16.2377
   451  2595  4826  555800.00  2316880.00  20.951559  105.536727   -8.4915  -11.2188
   452  4599  4826  575840.00  2316880.00  20.950843  105.729477   -7.4700  -17.1615
   453  5727  4829  587120.00  2316850.00  20.950074  105.837965   -7.6300  -15.7972
   454  4614  4847  575990.00  2316670.00  20.948940  105.730910   -9.2375  -14.5462
   455  6147  4877  591320.00  2316370.00  20.945534  105.878334  -11.4177  -14.5458
   456  6123  4877  591080.00  2316370.00  20.945546  105.876026  -10.8821  -17.4732
   457  6294  4886  592790.00  2316280.00  20.944648  105.892467   -8.0764  -15.3516
   458  6306  4895  592910.00  2316190.00  20.943828  105.893616   -8.3354  -13.6242
   459  6237  4934  592220.00  2315800.00  20.940340  105.886960   -7.8302  -18.4400
   460  6273  4946  592580.00  2315680.00  20.939237  105.890415   -6.6681  -16.0234
   461  4461  4949  574460.00  2315650.00  20.939787  105.716151   -7.8496  -18.0141
   462  4506  4958  574910.00  2315560.00  20.938955  105.720475   -8.5790  -14.9478
   463  6084  4961  590690.00  2315530.00  20.937976  105.872231   -6.5944  -16.9444
   464  6057  4964  590420.00  2315500.00  20.937718  105.869633  -11.4370  -15.1479
   465  6393  4991  593780.00  2315230.00  20.935111  105.901931   -7.3729  -14.3736
   466  2706  4994  556910.00  2315200.00  20.936346  105.547348  -16.9806  -17.6775
   467  4380  5018  573650.00  2314960.00  20.933585  105.708332  -10.6092  -16.7502
   468  6234  5024  592190.00  2314900.00  20.932210  105.886623   -7.1325  -13.6560
   469  6258  5027  592430.00  2314870.00  20.931927  105.888930   -7.2429  -15.9358
   470  4398  5048  573830.00  2314660.00  20.930867  105.710050   -9.4776  -16.0521
   471  3510  5078  564950.00  2314360.00  20.928491  105.624641  -11.2660  -19.1748
   472  3489  5099  564740.00  2314150.00  20.926601  105.622613  -10.4095  -13.1202
   473  4740  5126  577250.00  2313880.00  20.923680  105.742905   -7.4179  -11.2353
   474  4116  5132  571010.00  2313820.00  20.923388  105.682896  -12.4167  -15.7596
   475  4383  5138  573680.00  2313760.00  20.922742  105.708569  -10.9166  -15.7669
   476  4200  5138  571850.00  2313760.00  20.922814  105.690971   -8.4907  -18.0887
   477  5799  5147  587840.00  2313670.00  20.921309  105.844729  -10.2890  -11.4616
   478  3177  5195  561620.00  2313190.00  20.918034  105.592575   -9.2535  -16.0536
   479  5655  5210  586400.00  2313040.00  20.915685  105.830851   -6.0176  -16.1724
   480  6354  5249  593390.00  2312650.00  20.911822  105.898042  -10.4187  -21.9526
   481  4638  5252  576230.00  2312620.00  20.912338  105.733041  -11.5334  -20.3483
   482  4581  5288  575660.00  2312260.00  20.909109  105.727544  -10.4360  -15.7080
   483  4533  5303  575180.00  2312110.00  20.907774  105.722922   -9.1468  -17.1044
   484  3603  5312  565880.00  2312020.00  20.907315  105.633495  -11.1202  -18.0372
   485  4287  5381  572720.00  2311330.00  20.900825  105.699236   -2.9321  -15.0642
   486  2880  5462  558650.00  2310520.00  20.894006  105.563925   -8.1687  -14.4719
   487  4599  5546  575840.00  2309680.00  20.885791  105.729162   -7.0451  -13.1110
   488  4599  5567  575840.00  2309470.00  20.883894  105.729153   -8.7149  -20.6693
   489  4623  5573  576080.00  2309410.00  20.883342  105.731458   -8.3522  -16.6405
   490  6156  5588  591410.00  2309260.00  20.881293  105.878825   -8.8448  -17.1862
   491  4659  5597  576440.00  2309170.00  20.881159  105.734908  -11.0020  -17.4644
   492  4617  5606  576020.00  2309080.00  20.880363  105.730867  -12.2483  -22.5634
   493  6255  5612  592400.00  2309020.00  20.879076  105.888330   -8.5132  -13.5254
   494  6222  5615  592070.00  2308990.00  20.878821  105.885156   -8.0746  -15.7415
   495  3312  5651  562970.00  2308630.00  20.876787  105.605392   -8.3043  -15.4685
   496  6525  5657  595100.00  2308570.00  20.874873  105.914260   -8.2838  -16.3660
   497  6243  5699  592280.00  2308150.00  20.871221  105.887130   -7.0580  -10.0114
   498  6327  5717  593120.00  2307970.00  20.869553  105.895195  -10.8986  -16.8738
   499  6198  5735  591830.00  2307790.00  20.867991  105.882785  -12.3192  -16.7751
   500  6438  5789  594230.00  2307250.00  20.862992  105.905826   -8.7051  -18.6054
   501  6150  5792  591350.00  2307220.00  20.862865  105.878142   -7.6986  -13.7431
   502  3726  5792  567110.00  2307220.00  20.863902  105.645137   -8.6954  -14.2346
   503  3705  5795  566900.00  2307190.00  20.863639  105.643117  -10.2928  -15.4059
   504  6363  5798  593480.00  2307160.00  20.862217  105.898612   -7.9873  -16.1991
   505  3414  5831  563990.00  2306830.00  20.860489  105.615131   -9.6801  -15.5176
   506  6336  5846  593210.00  2306680.00  20.857894  105.895991   -9.4095  -17.3981
   507  3837  5861  568220.00  2306530.00  20.857627  105.655780  -13.3333  -15.3367
   508  3834  5864  568190.00  2306500.00  20.857357  105.655491   -8.3319  -16.9875
   509  6666  5873  596510.00  2306410.00  20.855286  105.927695  -11.7716  -16.1030
   510  4500  5876  574850.00  2306380.00  20.856016  105.719503  -12.6844  -17.2426
   511  3492  5885  564770.00  2306290.00  20.855583  105.622609  -10.6832  -12.1772
   512  4890  5903  578750.00  2306110.00  20.853415  105.756977   -8.5660  -16.6466
   513  5742  5906  587270.00  2306080.00  20.852762  105.838867  -11.7926  -18.7768
   514  3888  5909  568730.00  2306050.00  20.853272  105.660664  -13.7647  -22.6252
   515  4896  5915  578810.00  2305990.00  20.852328  105.757548  -12.9035  -18.7545
   516  4926  5954  579110.00  2305600.00  20.848792  105.760414   -6.6054  -15.3984
   517  5751  5993  587360.00  2305210.00  20.844898  105.839688   -7.6365  -15.1758
   518  3675  5999  566600.00  2305150.00  20.845218  105.640156   -9.6333  -26.1390
   519  3798  6005  567830.00  2305090.00  20.844631  105.651975   -8.5747  -23.1955
   520  4176  6059  571610.00  2304550.00  20.839610  105.688284   -7.4559  -13.9048
   521  5817  6068  588020.00  2304460.00  20.838090  105.845994   -8.3636  -16.9300
   522  4887  6068  578720.00  2304460.00  20.838508  105.756614  -11.5962  -20.0860
   523  4026  6086  570110.00  2304280.00  20.837228  105.673857   -4.0383  -12.9715
   524  6108  6101  590930.00  2304130.00  20.834969  105.873943   -2.4037   -9.0526
   526  4131  6203  571160.00  2303110.00  20.826616  105.683901   -9.6053  -16.8240
   527  4032  6293  570170.00  2302210.00  20.818522  105.674350  -12.2356  -22.2652
   528  5907  6302  588920.00  2302120.00  20.816906  105.854524   -3.4720  -15.6673
   529  3978  6365  569630.00  2301490.00  20.812037  105.669132  -12.4343  -18.8828
   530  4881  6515  578660.00  2299990.00  20.798124  105.755836   -8.3024  -19.7400
   531  3972  6524  569570.00  2299900.00  20.797674  105.668492  -10.2853  -19.6554
   532  3975  6575  569600.00  2299390.00  20.793065  105.668760   -8.1447  -14.6544
   533  3882  6587  568670.00  2299270.00  20.792015  105.659820   -9.5631  -16.9618
   534  3975  6704  569600.00  2298100.00  20.781409  105.668709  -10.9489  -23.0960
   535  6687  6758  596720.00  2297560.00  20.775318  105.929223   -7.9931  -12.5296
   536  6987  6761  599720.00  2297530.00  20.774889  105.958040  -11.9557  -18.6028
   537  6942  6764  599270.00  2297500.00  20.774642  105.953716   -8.8542  -12.7412
   538  7032  6773  600170.00  2297410.00  20.773780  105.962356  -13.8104  -16.2932
   539  7035  6791  600200.00  2297230.00  20.772152  105.962634  -10.1301  -14.3774
   540  6882  6794  598670.00  2297200.00  20.771963  105.947935   -7.8506  -13.1237
   541  7056  6794  600410.00  2297200.00  20.771870  105.964650  -11.1370  -18.9445
   542  5856  6812  588410.00  2297020.00  20.770852  105.849365  -10.5115  -20.1501
   543  6426  6821  594110.00  2296930.00  20.769760  105.904116   -7.5796  -13.7326
   544  7035  6857  600200.00  2296570.00  20.766190  105.962596  -12.5959  -16.7013
   545  7044  6872  600290.00  2296420.00  20.764830  105.963452   -9.1022  -14.8326
   546  4044  6935  570290.00  2295790.00  20.760512  105.675245   -8.4381  -14.5987
   547  6639  6953  596240.00  2295610.00  20.757725  105.924505   -7.0471  -14.2811
   548  5850  7004  588350.00  2295100.00  20.753508  105.848692   -8.1455  -16.0403
   549  6237  7022  592220.00  2294920.00  20.751695  105.885855   -6.2080  -13.6702
   550  7047  7070  600320.00  2294440.00  20.746939  105.963627  -11.9135  -17.5458
   551  6345  7160  593300.00  2293540.00  20.739173  105.896155   -9.3613  -13.8082
   552  4548  7247  575330.00  2292670.00  20.732125  105.723525   -9.2506  -13.2621
   553  4473  7268  574580.00  2292460.00  20.730258  105.716313    9.7297    4.5075
   554  4239  7436  572240.00  2290780.00  20.715170  105.693771   -9.1941  -11.3715
   555  7149  7628  601340.00  2288860.00  20.696471  105.973101   -9.7567  -14.1541
   556  5019  7637  580040.00  2288770.00  20.696692  105.768583  -10.3739  -17.3171
   557  7221  7757  602060.00  2287570.00  20.684777  105.979940  -14.2792  -18.4794
   558  7269  7769  602540.00  2287450.00  20.683667  105.984541  -11.6298  -17.4321
   559  5073  7775  580580.00  2287390.00  20.684200  105.773705   -7.8516  -16.7731
   560  7191  7787  601760.00  2287270.00  20.682083  105.977042   -7.3285  -19.5745
   561  7209  7832  601940.00  2286820.00  20.678008  105.978744  -12.4179  -17.6767
   562  7095  7835  600800.00  2286790.00  20.677798  105.967798   -7.5408  -18.1745
   563  7092  7850  600770.00  2286640.00  20.676445  105.967502  -11.9204  -19.0135
   564  7179  7856  601640.00  2286580.00  20.675856  105.975850   -7.3881  -11.6180
   565  5064  7940  580490.00  2285740.00  20.669296  105.772765  -10.6058  -16.0899
   566  6012  8003  589970.00  2285110.00  20.663172  105.863741   -8.2321  -16.8765
   567  5160  8018  581450.00  2284960.00  20.662207  105.781945  -10.4708  -19.0730
   568  4416  8045  574010.00  2284690.00  20.660076  105.710512   -8.5013  -14.8809
   569  5202  8123  581870.00  2283910.00  20.652702  105.785928   -7.7159  -13.8163
   570  5310  8204  582950.00  2283100.00  20.645336  105.796257  -10.2610  -14.9492
