; ENVI Output of ROIs (5.2) [Sun Dec 01 16:08:12 2019]
; Number of ROIs: 1
; File Dimension: 7647 x 9116
;
; ROI name: EVF: Layer: crop.shp
; ROI rgb value: {255, 255, 255}
; ROI npts: 593
;   ID     X     Y      Map X       Map Y        Lat         Lon        B1        B2
     1  5361    86  583460.00  2364280.00  21.378753  105.805079  -12.6875  -15.4558
     2  5688   158  586730.00  2363560.00  21.372094  105.836583  -12.7973  -19.7325
     3  5196   167  581810.00  2363470.00  21.371511  105.789124   -7.9227  -16.3936
     4  5217   224  582020.00  2362900.00  21.366352  105.791122   -9.7978  -12.6279
     5  5253   245  582380.00  2362690.00  21.364438  105.794584   -8.9137  -13.0012
     6  5580   305  585650.00  2362090.00  21.358866  105.826091  -11.0835  -17.3426
     7  5508   362  584930.00  2361520.00  21.353750  105.819119  -10.0620  -18.7821
     8  5244   365  582290.00  2361490.00  21.353601  105.793658   -7.4906  -16.3223
     9  5373   368  583580.00  2361460.00  21.353271  105.806097   -7.9249  -14.6336
    10  5286   404  582710.00  2361100.00  21.350059  105.797689  -10.6867  -17.3420
    11  5538   533  585230.00  2359810.00  21.338287  105.821926   -8.5248  -16.6690
    12  5916   590  589010.00  2359240.00  21.332955  105.858346  -12.4306  -17.9984
    13  5910   602  588950.00  2359120.00  21.331874  105.857761  -12.3620  -21.4673
    14  5214   626  581990.00  2358880.00  21.330035  105.790638   -8.9251  -14.5919
    15  6006   743  589910.00  2357710.00  21.319088  105.866943   -9.4430  -17.5142
    16  5964   746  589490.00  2357680.00  21.318838  105.862892   -8.6505  -19.2665
    17  5529   800  585140.00  2357140.00  21.314170  105.820924  -12.2149  -15.1986
    18  5598   857  585830.00  2356570.00  21.308987  105.827548   -9.1467  -15.7821
    19  6051   860  590360.00  2356540.00  21.308496  105.871219  -10.7935  -14.8124
    20  5598   872  585830.00  2356420.00  21.307632  105.827540  -12.0894  -16.9273
    21  5952   905  589370.00  2356090.00  21.304480  105.861651   -9.6108  -17.5602
    25  6072   926  590570.00  2355880.00  21.302523  105.873209  -15.3388  -20.6800
    26  5505   953  584900.00  2355610.00  21.300358  105.818533   -8.6800  -16.4451
    27  5346   959  583310.00  2355550.00  21.299890  105.803202   -9.3986  -13.9807
    29  5904  1073  588890.00  2354410.00  21.289326  105.856936  -11.2754  -18.7726
    30  6267  1079  592520.00  2354350.00  21.288602  105.891924  -13.9072  -16.6557
    31  5844  1085  588290.00  2354290.00  21.288271  105.851146  -12.9426  -17.0828
    32  4719  1091  577040.00  2354230.00  21.288242  105.742696   -6.9234  -15.3046
    33  4857  1142  578420.00  2353720.00  21.283575  105.755976  -12.6340  -26.0796
    34  4701  1142  576860.00  2353720.00  21.283642  105.740938  -11.3286  -13.2849
    35  5514  1220  584990.00  2352940.00  21.276232  105.819267  -11.5053  -15.3346
    36  4695  1448  576800.00  2350660.00  21.255999  105.740222  -11.3572  -15.5622
    37  4956  1454  579410.00  2350600.00  21.255344  105.765373  -10.4308  -14.4476
    38  1479  1457  544640.00  2350570.00  21.256262  105.430260   -9.2525  -13.9136
    39  1515  1460  545000.00  2350540.00  21.255982  105.433729   -8.2689  -14.2309
    40  1497  1484  544820.00  2350300.00  21.253818  105.431988   -7.1390  -17.2836
    41  5646  1493  586310.00  2350210.00  21.251506  105.831852   -7.7379  -16.0892
    42  1518  1505  545030.00  2350090.00  21.251915  105.434007   -6.6700  -15.4794
    43  6135  1529  591200.00  2349850.00  21.248014  105.878958  -10.8278  -19.5098
    44   753  1553  537380.00  2349610.00  21.247752  105.360265  -10.3705  -18.0327
    45  6033  1634  590180.00  2348800.00  21.238579  105.869073  -10.0301  -17.7768
    46  1524  1655  545090.00  2348590.00  21.238361  105.434545   -8.3301  -12.9196
    47  5010  1661  579950.00  2348530.00  21.236619  105.770480  -10.9326  -19.0096
    48  3711  1697  566960.00  2348170.00  21.233892  105.645288   -9.8144  -17.6745
    49  3705  1700  566900.00  2348140.00  21.233623  105.644708  -11.4148  -14.1460
    50  1287  1703  542720.00  2348110.00  21.234081  105.411693   -7.2134  -17.7557
    51  1716  1724  547010.00  2347900.00  21.232078  105.453029  -10.6195  -14.6353
    52  1683  1739  546680.00  2347750.00  21.230731  105.449845   -8.7597  -17.4118
    53  3735  1754  567200.00  2347600.00  21.228733  105.647578   -7.1713  -15.7032
    54  6267  1772  592520.00  2347420.00  21.225994  105.891547   -8.0672  -16.8689
    55   822  1778  538070.00  2347360.00  21.227408  105.366865   -6.0368  -17.0930
    56   768  1787  537530.00  2347270.00  21.226606  105.361659  -11.1388  -21.4186
    57  1668  1790  546530.00  2347240.00  21.226127  105.448386  -13.4268  -20.3021
    58  1212  1826  541970.00  2346880.00  21.222985  105.404435  -10.6687  -19.3105
    59  1749  1862  547340.00  2346520.00  21.219601  105.456171  -15.0052  -16.8274
    60   996  1874  539810.00  2346400.00  21.218697  105.383610  -10.7505  -14.6408
    61  5595  1874  585800.00  2346400.00  21.217109  105.826745  -13.7348  -17.5308
    62  1695  1883  546800.00  2346310.00  21.217718  105.450962  -13.4931  -22.7587
    63  4962  1940  579470.00  2345740.00  21.211434  105.765725  -13.8663  -13.3481
    64  1344  1946  543290.00  2345680.00  21.212112  105.417125   -9.6501  -16.7401
    65  1779  1955  547640.00  2345590.00  21.211190  105.459036   -9.3860  -19.5659
    66  1743  1976  547280.00  2345380.00  21.209302  105.455561  -10.9388  -17.1386
    67  4590  1988  575750.00  2345260.00  21.207256  105.729862  -10.7507  -15.2494
    68  4716  1994  577010.00  2345200.00  21.206661  105.741999   -8.0437  -14.8206
    69  5760  2006  587450.00  2345080.00  21.205105  105.842575  -12.0444  -16.3531
    70  5565  2021  585500.00  2344930.00  21.203842  105.823781   -6.5672  -16.8703
    71   684  2021  536690.00  2344930.00  21.205481  105.353515  -11.0026  -19.8742
    72  1554  2042  545390.00  2344720.00  21.203387  105.437333  -16.8035  -17.3806
    73  3723  2045  567080.00  2344690.00  21.202446  105.646307  -13.4282  -16.8187
    74  1578  2075  545630.00  2344390.00  21.200400  105.439637   -9.5857  -16.8629
    75  1716  2075  547010.00  2344390.00  21.200365  105.452933   -9.8045  -20.9720
    76   771  2078  537560.00  2344360.00  21.200313  105.361884  -10.1417  -15.8847
    77  4626  2087  576110.00  2344270.00  21.198296  105.733286   -9.9437  -19.0538
    79  1725  2096  547100.00  2344180.00  21.198465  105.453794  -10.6761  -17.1002
    80   798  2096  537830.00  2344180.00  21.198681  105.364482   -5.2403  -14.5246
    81   783  2099  537680.00  2344150.00  21.198413  105.363036   -7.1133  -12.4663
    82   825  2111  538100.00  2344030.00  21.197320  105.367080  -11.2722  -16.8857
    83  1818  2114  548030.00  2344000.00  21.196814  105.462749   -8.0954  -12.5717
    84  4380  2123  573650.00  2343910.00  21.195145  105.709571   -8.4356  -18.0407
    85  1323  2141  543080.00  2343730.00  21.194499  105.415052  -11.6898  -16.1955
    86  4668  2150  576530.00  2343640.00  21.192587  105.737304   -9.7062  -14.9019
    87  1443  2153  544280.00  2343610.00  21.193386  105.426610  -10.1071  -14.5896
    88   921  2177  539060.00  2343370.00  21.191337  105.376314   -7.3169  -15.8277
    89  4695  2183  576800.00  2343310.00  21.189594  105.739890  -11.4469  -13.4760
    90  1401  2183  543860.00  2343310.00  21.190685  105.422556   -4.2122  -14.9628
    91  4680  2186  576650.00  2343280.00  21.189329  105.738444  -11.4967  -19.0269
    92  1713  2198  546980.00  2343160.00  21.189252  105.452610   -7.4992  -15.1589
    93  1839  2207  548240.00  2343070.00  21.188406  105.464746   -8.2674  -14.7410
    94  4302  2216  572870.00  2342980.00  21.186774  105.702017  -11.2288  -17.4785
    95  5787  2237  587720.00  2342770.00  21.184222  105.845058  -10.2818  -15.2205
    96  5649  2255  586340.00  2342590.00  21.182662  105.831755  -13.3530  -16.4970
    97   807  2264  537920.00  2342500.00  21.183500  105.365312  -12.1921  -14.8742
    98  5577  2264  585620.00  2342500.00  21.181883  105.824815   -6.8689  -19.7583
    99  4611  2267  575960.00  2342470.00  21.182040  105.731761  -10.5032  -15.6203
   100  1233  2267  542180.00  2342470.00  21.183135  105.406350   -8.9366  -17.8879
   101  4788  2270  577730.00  2342440.00  21.181694  105.748810   -9.4629  -19.6228
   102  3561  2291  565460.00  2342230.00  21.180279  105.630605   -7.6612  -16.7931
   103  1224  2300  542090.00  2342140.00  21.180156  105.405475   -6.1058  -10.7742
   104  4827  2300  578120.00  2342140.00  21.178967  105.752553   -9.4098  -23.0514
   105  4713  2303  576980.00  2342110.00  21.178745  105.741570   -7.6937  -19.7009
   106  4845  2303  578300.00  2342110.00  21.178688  105.754285  -11.2236  -13.8159
   107  4707  2309  576920.00  2342050.00  21.178205  105.740990   -8.0076  -15.0991
   108  4788  2315  577730.00  2341990.00  21.177629  105.748789   -6.8076  -15.0138
   109  1197  2318  541820.00  2341960.00  21.178536  105.402869   -9.3528  -13.4734
   110  4842  2333  578270.00  2341810.00  21.175979  105.753983   -8.2492  -13.1007
   111   810  2336  537950.00  2341780.00  21.176994  105.365585   -5.7969  -16.3480
   112  1155  2342  541400.00  2341720.00  21.176377  105.398818   -6.1445  -19.1007
   113  1176  2342  541610.00  2341720.00  21.176372  105.400841   -6.8945  -13.5101
   114  4533  2378  575180.00  2341360.00  21.172044  105.724199   -8.4589  -11.8600
   115  4536  2384  575210.00  2341300.00  21.171501  105.724485   -8.9755  -13.1002
   116  3609  2399  565940.00  2341150.00  21.170504  105.635187   -6.0483  -18.2748
   117  4758  2402  577430.00  2341120.00  21.169781  105.745860   -8.0679  -18.9860
   118  4674  2408  576590.00  2341060.00  21.169275  105.737767  -11.0134  -14.4633
   119  5190  2417  581750.00  2340970.00  21.168238  105.787463   -8.4340  -11.9465
   120  5061  2420  580460.00  2340940.00  21.168024  105.775037  -11.8066  -21.9079
   121  1047  2429  540320.00  2340850.00  21.168540  105.388393   -8.8217  -14.5411
   122  4809  2453  577940.00  2340610.00  21.165152  105.750749  -10.4176  -17.5024
   123  1239  2456  542240.00  2340580.00  21.166057  105.406881   -7.5750  -12.2327
   124  5034  2468  580190.00  2340460.00  21.163699  105.772414   -4.7776  -15.6148
   125  3054  2474  560390.00  2340400.00  21.163920  105.581701   -7.6444  -19.7418
   126  4176  2477  571610.00  2340370.00  21.163243  105.689770   -7.4018  -13.4884
   127  4476  2483  574610.00  2340310.00  21.162581  105.718662   -8.9322  -11.7886
   128  5589  2489  585740.00  2340250.00  21.161549  105.825858   -8.4149  -12.8094
   129  4788  2510  577730.00  2340040.00  21.160011  105.748701   -8.9201  -16.8709
   130  1089  2513  540740.00  2340010.00  21.160941  105.392419   -8.9444  -16.2801
   131  4764  2519  577490.00  2339950.00  21.159208  105.746385   -8.6223  -13.9975
   132  5664  2525  586490.00  2339890.00  21.158262  105.833064  -11.3144  -14.7662
   133  4866  2525  578510.00  2339890.00  21.158622  105.756206   -6.0988  -13.1271
   134  4575  2528  575600.00  2339860.00  21.158474  105.728178   -8.9209  -19.0189
   135  3807  2531  567920.00  2339830.00  21.158505  105.654207   -6.3436  -13.5031
   136  4491  2534  574760.00  2339800.00  21.157967  105.720085  -14.2014  -14.6281
   137  3900  2540  568850.00  2339740.00  21.157657  105.663161   -8.6057  -13.2065
   138  4734  2543  577190.00  2339710.00  21.157053  105.743485   -9.9937  -15.5489
   139  4740  2543  577250.00  2339710.00  21.157050  105.744063  -11.0246  -17.6149
   140  5475  2552  584600.00  2339620.00  21.155911  105.814847   -8.4417  -16.7526
   141  4728  2555  577130.00  2339590.00  21.155971  105.742902   -9.8985  -15.8935
   142  5694  2564  586790.00  2339500.00  21.154724  105.835933   -7.9140  -18.0896
   143  4899  2570  578840.00  2339440.00  21.154543  105.759364  -10.6410  -16.4167
   144  3897  2576  568820.00  2339380.00  21.154406  105.662857   -9.8757  -18.8053
   145  3924  2576  569090.00  2339380.00  21.154396  105.665458   -7.6987  -12.3403
   146  4860  2579  578450.00  2339350.00  21.153746  105.755604  -11.0645  -14.8513
   147  4761  2582  577460.00  2339320.00  21.153518  105.746068   -8.9006  -16.1580
   148  3237  2582  562220.00  2339320.00  21.154101  105.599288   -5.4581  -15.7240
   149  4422  2585  574070.00  2339290.00  21.153387  105.713417  -10.7004  -18.2324
   150  3873  2588  568580.00  2339260.00  21.153331  105.660541   -9.1155  -14.8945
   151  4761  2588  577460.00  2339260.00  21.152975  105.746065   -9.6718  -15.1380
   152  3627  2588  566120.00  2339260.00  21.153422  105.636848  -10.8860  -17.6154
   153  3615  2594  566000.00  2339200.00  21.152884  105.635690  -13.9782  -16.8041
   154  3984  2594  569690.00  2339200.00  21.152747  105.671229   -7.2946  -14.4251
   155  1701  2597  546860.00  2339170.00  21.153205  105.451344  -12.0526  -18.1170
   156  4731  2603  577160.00  2339110.00  21.151633  105.743169  -10.3577  -17.9377
   157  3342  2606  563270.00  2339080.00  21.151896  105.609392   -6.4671  -16.3030
   158  4143  2609  571280.00  2339050.00  21.151330  105.686536  -13.8597  -15.4782
   159  5532  2609  585170.00  2339050.00  21.150735  105.820309   -9.3610  -18.4079
   160  4212  2618  571970.00  2338960.00  21.150490  105.693178   -5.8868  -21.2947
   161  4224  2624  572090.00  2338900.00  21.149943  105.694331  -10.8872  -16.1350
   162   171  2624  531560.00  2338900.00  21.151094  105.303975   -9.5511  -15.4738
   163  3981  2636  569660.00  2338780.00  21.148953  105.670923  -10.0947  -15.7758
   164  2565  2642  555500.00  2338720.00  21.148897  105.534546  -11.0957  -15.5991
   165  4815  2642  578000.00  2338720.00  21.148074  105.751241   -9.7621  -19.7690
   166  5568  2645  585530.00  2338690.00  21.147465  105.823758   -9.7239  -17.3963
   167  3639  2654  566240.00  2338600.00  21.147454  105.637978  -13.2661  -22.5040
   168  3570  2657  565550.00  2338570.00  21.147208  105.631332  -11.4540  -17.0528
   169  4254  2663  572390.00  2338510.00  21.146408  105.697204   -9.9268  -16.4128
   170  3576  2666  565610.00  2338480.00  21.146393  105.631906  -10.3175  -15.1827
   171  3363  2666  563480.00  2338480.00  21.146468  105.611393   -8.9697  -19.4676
   172  3576  2669  565610.00  2338450.00  21.146122  105.631905   -7.6507  -16.1656
   173  4212  2672  571970.00  2338420.00  21.145611  105.693155  -10.4042  -17.2958
   174  3966  2672  569510.00  2338420.00  21.145706  105.669464  -10.4596  -18.8872
   175  4458  2675  574430.00  2338390.00  21.145241  105.716845   -8.5249  -12.6158
   176  3162  2675  561470.00  2338390.00  21.145724  105.592031   -7.9689  -12.6998
   177  3123  2678  561080.00  2338360.00  21.145466  105.588274   -8.8315  -16.4689
   178  3516  2678  565010.00  2338360.00  21.145330  105.626123  -12.4627  -19.5812
   179  5604  2681  585890.00  2338330.00  21.144196  105.827207   -7.5309  -14.5668
   180  1722  2681  547070.00  2338330.00  21.145610  105.453344  -13.9028  -16.4662
   181  3717  2684  567020.00  2338300.00  21.144715  105.645479  -10.9248  -16.3606
   182  1833  2687  548180.00  2338270.00  21.145039  105.464033  -15.0339  -17.1587
   183   171  2702  531560.00  2338120.00  21.144047  105.303961  -15.6774  -15.5508
   184  5064  2705  580490.00  2338090.00  21.142274  105.775192  -17.5052  -21.2301
   185  4515  2711  575000.00  2338030.00  21.141965  105.722319   -9.3349  -20.3788
   186   243  2720  532280.00  2337940.00  21.142408  105.310892   -5.9337  -16.2129
   187  3153  2726  561380.00  2337880.00  21.141119  105.591146   -9.3162  -12.3801
   188  3618  2738  566030.00  2337760.00  21.139873  105.635923  -10.1751  -14.2897
   189  4812  2744  577970.00  2337700.00  21.138860  105.750906   -8.1778  -15.8919
   190  3501  2747  564860.00  2337670.00  21.139101  105.624652   -7.7194  -16.0752
   191  5715  2768  587000.00  2337460.00  21.136283  105.837852  -11.8515  -14.3290
   192  3147  2774  561320.00  2337400.00  21.136784  105.590551   -9.5707  -15.0735
   193  1800  2780  547850.00  2337340.00  21.136645  105.460828  -12.0351  -20.0941
   194  1947  2780  549320.00  2337340.00  21.136606  105.474985   -7.6059  -14.4654
   195  4230  2783  572150.00  2337310.00  21.135575  105.694842   -9.0511  -16.6181
   196  6204  2789  591890.00  2337250.00  21.134147  105.884930  -11.4942  -14.7601
   197  4506  2789  574910.00  2337250.00  21.134922  105.721418  -12.1086  -15.2990
   198  5607  2792  585920.00  2337220.00  21.134166  105.827440   -8.4592  -16.0581
   199  6003  2807  589880.00  2337070.00  21.132620  105.865565  -11.9186  -12.1058
   200  4278  2810  572630.00  2337040.00  21.133117  105.699453   -7.0426  -16.8242
   201  5544  2822  585290.00  2336920.00  21.131485  105.821358   -6.3330  -19.6397
   202  2742  2831  557270.00  2336830.00  21.131766  105.551529  -12.1125  -18.9915
   203  1866  2840  548510.00  2336740.00  21.131206  105.467167   -4.4784  -10.8309
   204  4671  2852  576560.00  2336620.00  21.129162  105.737279   -8.2837  -13.7036
   205  2715  2855  557000.00  2336590.00  21.129606  105.548921   -5.9458  -12.9393
   206  3762  2861  567470.00  2336530.00  21.128707  105.649743   -9.4677  -16.0880
   207  3042  2864  560270.00  2336500.00  21.128688  105.580408   -4.1119  -14.6789
   208  2190  2870  551750.00  2336440.00  21.128407  105.498360   -8.3879  -14.8219
   209  3984  2897  569690.00  2336170.00  21.125371  105.671106   -3.0912  -14.7687
   210  2250  2900  552350.00  2336140.00  21.125679  105.504129   -7.5751  -14.8617
   211  5985  2900  589700.00  2336140.00  21.124227  105.863783   -8.8486  -16.5361
   212  3531  2918  565160.00  2335960.00  21.123641  105.627476   -9.6135  -12.2233
   213  4404  2921  573890.00  2335930.00  21.123038  105.711539  -11.9282  -19.6109
   214  4011  2939  569960.00  2335750.00  21.121566  105.673689  -10.1098  -14.3061
   215  3549  2957  565340.00  2335570.00  21.120111  105.629195  -11.5575  -16.9713
   216  4698  2963  576830.00  2335510.00  21.119122  105.739829  -12.5961  -16.8348
   217  2031  2966  550160.00  2335480.00  21.119777  105.483020  -10.1011  -14.5295
   218  1899  2969  548840.00  2335450.00  21.119542  105.470309   -9.6813  -18.9173
   219   780  2969  537650.00  2335450.00  21.119807  105.362555  -10.5695  -12.5889
   220  4746  2978  577310.00  2335360.00  21.117746  105.744444   -9.6530  -17.1755
   221  3510  2978  564950.00  2335360.00  21.118227  105.625432  -10.5428  -17.7279
   222  4776  2987  577610.00  2335270.00  21.116921  105.747329  -10.1928  -21.8628
   223  3837  2996  568220.00  2335180.00  21.116482  105.656911   -8.4261  -15.6081
   224  4065  3002  570500.00  2335120.00  21.115853  105.678862   -8.5427  -15.9936
   225  1527  3008  545120.00  2335060.00  21.116114  105.434477  -12.9395  -17.7929
   226  5928  3011  589130.00  2335030.00  21.114227  105.858237   -9.5255  -16.5065
   227  3594  3011  565790.00  2335030.00  21.115216  105.633507   -8.5705  -13.1612
   228  3516  3014  565010.00  2335000.00  21.114973  105.625996  -10.3700  -14.2139
   229  5937  3023  589220.00  2334910.00  21.113138  105.859097  -13.5355  -16.0756
   230  5937  3026  589220.00  2334880.00  21.112867  105.859096  -13.8716  -14.1513
   231  1410  3026  543950.00  2334880.00  21.114516  105.423206  -10.7156  -17.6250
   232  3555  3038  565400.00  2334760.00  21.112790  105.629742   -8.0140  -17.3819
   233  1359  3041  543440.00  2334730.00  21.113173  105.418292  -11.0432  -14.3095
   234  3918  3047  569030.00  2334670.00  21.111844  105.664690   -9.1962  -14.9837
   235  3510  3047  564950.00  2334670.00  21.111993  105.625405  -11.5007  -13.9040
   236   777  3071  537620.00  2334430.00  21.110591  105.362244  -11.8368  -15.7732
   237  5568  3077  585530.00  2334370.00  21.108436  105.823542   -5.6657  -16.3104
   238  1122  3077  541070.00  2334370.00  21.109975  105.395462  -10.4765  -16.3001
   239  3633  3086  566180.00  2334280.00  21.108425  105.637234   -7.7405  -12.9569
   240  3579  3101  565640.00  2334130.00  21.107090  105.632029   -9.4401  -14.7278
   241  4254  3107  572390.00  2334070.00  21.106293  105.697016   -8.2496  -11.8777
   242  5631  3113  586160.00  2334010.00  21.105154  105.829590  -10.2135  -15.2179
   243  3825  3122  568100.00  2333920.00  21.105102  105.655706   -9.3924  -15.1300
   244  3633  3122  566180.00  2333920.00  21.105173  105.637220   -6.9720  -15.5606
   245  5496  3134  584810.00  2333800.00  21.103320  105.816582  -12.5346  -17.3516
   246  5736  3143  587210.00  2333710.00  21.102394  105.839684   -8.7183  -16.5677
   247  1650  3146  546350.00  2333680.00  21.103614  105.446284   -0.6110   -7.2291
   248  5547  3146  585320.00  2333680.00  21.102212  105.821486   -9.2416  -19.5465
   249  3786  3164  567710.00  2333500.00  21.101322  105.651934  -10.2792  -18.1122
   250  3618  3170  566030.00  2333440.00  21.100842  105.635757   -9.0025  -16.4779
   251  6576  3182  595610.00  2333320.00  21.098451  105.920532  -10.6200  -15.1367
   252  2286  3182  552710.00  2333320.00  21.100190  105.507509   -8.4731  -16.4754
   253  3711  3182  566960.00  2333320.00  21.099724  105.644706   -6.1022  -13.3562
   254  1545  3182  545300.00  2333320.00  21.100388  105.436164  -12.6274  -15.9466
   255  1680  3185  546650.00  2333290.00  21.100083  105.449162   -8.8330  -17.5639
   256   363  3185  533480.00  2333290.00  21.100372  105.322358   -9.5831  -17.9868
   257  1299  3185  542840.00  2333290.00  21.100176  105.412478   -9.5694  -16.2556
   258  3729  3188  567140.00  2333260.00  21.099175  105.646437   -7.3486  -16.1260
   259  1452  3191  544370.00  2333230.00  21.099598  105.427208   -8.1014  -17.1808
   260  1665  3194  546500.00  2333200.00  21.099274  105.447715  -10.1721  -14.9082
   261  3621  3197  566060.00  2333170.00  21.098401  105.636035   -9.0648  -16.9953
   262  6288  3197  592730.00  2333170.00  21.097244  105.892798  -10.1978  -14.8750
   263  6315  3203  593000.00  2333110.00  21.096688  105.895394   -9.0233  -13.7756
   264  3711  3212  566960.00  2333020.00  21.097013  105.644695   -9.5659  -16.1752
   265  3921  3221  569060.00  2332930.00  21.096122  105.664909  -11.7403  -15.3260
   266  3156  3245  561410.00  2332690.00  21.094226  105.591249   -5.6404  -13.2907
   267  5685  3248  586700.00  2332660.00  21.092932  105.834721  -10.1470  -18.3443
   268  5709  3257  586940.00  2332570.00  21.092107  105.837027   -6.7082  -15.3148
   269  3609  3263  565940.00  2332510.00  21.092442  105.634855   -9.4403  -20.2195
   270  1896  3278  548810.00  2332360.00  21.091624  105.469932   -9.6559  -13.0127
   271  1821  3299  548060.00  2332150.00  21.089746  105.462705  -11.5121  -14.8596
   272  4617  3320  576020.00  2331940.00  21.086901  105.731872   -9.8063  -17.3095
   273   297  3353  532820.00  2331610.00  21.085204  105.315972   -7.6996  -15.1636
   274  5130  3356  581150.00  2331580.00  21.083429  105.781240   -8.9764  -10.4202
   275  2283  3359  552680.00  2331550.00  21.084198  105.507165   -7.7195  -18.2830
   276  6474  3365  594590.00  2331490.00  21.081971  105.910612  -11.0385  -17.3974
   277  4758  3365  577430.00  2331490.00  21.082777  105.745425   -9.7515  -13.8006
   278  5610  3374  585950.00  2331400.00  21.081584  105.827437  -11.0005  -15.7089
   279  2316  3383  553010.00  2331310.00  21.082020  105.510335   -9.4097  -13.7585
   280  4479  3395  574640.00  2331190.00  21.080182  105.718554   -8.3462  -14.0215
   281  4797  3401  577820.00  2331130.00  21.079508  105.749163   -5.8269  -16.3323
   282  1632  3404  546170.00  2331100.00  21.080308  105.444481   -9.3267  -15.0837
   283  4827  3413  578120.00  2331010.00  21.078411  105.752046  -10.6469  -19.2225
   284  3228  3416  562130.00  2330980.00  21.078752  105.598119   -6.9561  -16.7366
   285  4695  3416  576800.00  2330980.00  21.078195  105.739338  -11.2366  -17.4214
   286  4968  3425  579530.00  2330890.00  21.077266  105.765613   -9.5478  -19.3583
   287  4809  3428  577940.00  2330860.00  21.077063  105.750306  -10.4038  -16.5696
   288  4740  3428  577250.00  2330860.00  21.077092  105.743664   -8.2693  -16.4186
   289  5100  3434  580850.00  2330800.00  21.076395  105.778315   -7.6102  -16.0103
   290  4503  3434  574880.00  2330800.00  21.076649  105.720848  -10.1123  -19.0327
   291  4824  3437  578090.00  2330770.00  21.076244  105.751746  -10.0718  -13.1226
   292  4827  3437  578120.00  2330770.00  21.076242  105.752035  -11.5980  -18.5110
   293  4806  3437  577910.00  2330770.00  21.076251  105.750013   -7.4653  -15.3297
   294  4776  3440  577610.00  2330740.00  21.075993  105.747124   -6.1266  -19.0260
   295  4974  3443  579590.00  2330710.00  21.075637  105.766182  -10.5851  -16.0251
   296  5667  3443  586520.00  2330710.00  21.075323  105.832890   -7.8679  -14.7341
   297  3768  3449  567530.00  2330650.00  21.075579  105.650089   -9.1123  -14.2801
   298  4815  3452  578000.00  2330620.00  21.074892  105.750873   -7.4189  -20.7684
   299  6285  3455  592700.00  2330590.00  21.073936  105.892370  -10.9402  -15.1929
   300  4860  3458  578450.00  2330560.00  21.074331  105.755202  -13.8990  -18.2092
   301  4713  3461  576980.00  2330530.00  21.074122  105.741050  -10.2599  -18.3465
   302  3996  3476  569810.00  2330380.00  21.073054  105.672026   -7.7506  -14.2740
   303  5730  3482  587150.00  2330320.00  21.071769  105.838934   -5.2471  -12.0898
   304  1671  3485  546560.00  2330290.00  21.072980  105.448214  -10.8825  -14.4743
   305  2055  3485  550400.00  2330290.00  21.072878  105.485179   -7.9275  -19.2364
   306  6297  3488  592820.00  2330260.00  21.070949  105.893507   -9.7243  -15.2797
   307  4728  3491  577130.00  2330230.00  21.071406  105.742481  -13.8916  -18.7894
   308  1494  3494  544790.00  2330200.00  21.072210  105.431173  -11.1393  -14.3608
   309  4818  3509  578030.00  2330050.00  21.069741  105.751136   -9.6709  -15.3129
   310  6996  3509  599810.00  2330050.00  21.068684  105.960776   -9.5245  -16.8964
   311  3801  3518  567860.00  2329960.00  21.069333  105.653239   -6.2294  -15.0023
   312  3630  3518  566150.00  2329960.00  21.069395  105.636778   -9.2798  -14.0578
   313  3921  3521  569060.00  2329930.00  21.069017  105.664788   -9.9634  -19.6824
   314  4905  3521  578900.00  2329930.00  21.068620  105.759505   -9.8782  -21.0568
   315  2253  3527  552380.00  2329870.00  21.069028  105.504226   -9.9626  -14.5391
   316  4863  3545  578480.00  2329690.00  21.066469  105.755451   -6.9173  -15.6026
   317  6942  3554  599270.00  2329600.00  21.064648  105.955552   -8.4412  -12.7018
   318  2148  3554  551330.00  2329600.00  21.066618  105.494111  -12.9035  -17.5330
   319  4767  3557  577520.00  2329570.00  21.065426  105.746205   -9.3338  -14.3778
   320  7389  3572  603740.00  2329420.00  21.062774  105.998564   -8.1700  -11.3963
   321  4593  3575  575780.00  2329390.00  21.063873  105.729449   -7.4642  -11.9565
   322  1770  3575  547550.00  2329390.00  21.064822  105.457719  -12.2611  -16.0324
   323  7329  3578  603140.00  2329360.00  21.062266  105.992785  -12.5749  -19.4980
   324  7440  3581  604250.00  2329330.00  21.061932  106.003467  -10.2768  -15.8273
   325  4644  3587  576290.00  2329270.00  21.062767  105.734353  -12.5006  -18.2233
   326  5817  3605  588020.00  2329090.00  21.060615  105.847245   -8.4358  -15.4803
   327  3762  3608  567470.00  2329060.00  21.061216  105.649449  -12.3876  -16.8925
   328  7383  3611  603680.00  2329030.00  21.059255  105.997963  -13.8642  -17.1079
   329  6999  3614  599840.00  2329000.00  21.059197  105.961003   -7.1880  -13.0178
   330  7419  3623  604040.00  2328910.00  21.058150  106.001420  -10.8369  -17.2185
   331  6879  3641  598640.00  2328730.00  21.056822  105.949439  -10.4645  -16.5471
   332  7437  3644  604220.00  2328700.00  21.056243  106.003140   -7.8217  -15.4724
   333  4683  3659  576680.00  2328550.00  21.056246  105.738074   -9.1471  -14.7791
   334  4668  3659  576530.00  2328550.00  21.056252  105.736631   -9.6292  -13.7626
   335  7452  3662  604370.00  2328520.00  21.054608  106.004572   -7.6982  -15.5510
   336  7380  3662  603650.00  2328520.00  21.054649  105.997643  -10.5650  -17.4203
   337  7068  3665  600530.00  2328490.00  21.054551  105.967614  -10.0871  -12.6369
   338  2652  3671  556370.00  2328430.00  21.055899  105.542587  -15.3629  -17.1291
   339  2649  3677  556340.00  2328370.00  21.055357  105.542296   -9.2803  -14.3292
   340  2874  3677  558590.00  2328370.00  21.055287  105.563952   -8.6768  -14.0035
   341  7257  3692  602420.00  2328220.00  21.052008  105.985788  -12.2139  -14.1973
   342  6777  3692  597620.00  2328220.00  21.052269  105.939593  -10.5618  -15.0326
   343  2553  3707  555380.00  2328070.00  21.052676  105.533046   -7.2871  -15.7254
   344  2214  3707  551990.00  2328070.00  21.052775  105.500418   -9.2868  -15.1405
   345  4986  3710  579710.00  2328040.00  21.051509  105.767214  -10.4376  -15.7730
   346  6999  3710  599840.00  2328040.00  21.050524  105.960948   -7.1024  -14.3734
   347  2709  3713  556940.00  2328010.00  21.052086  105.548059  -14.0801  -26.3639
   348  1218  3719  542030.00  2327950.00  21.051946  105.404549  -12.3086  -17.8519
   349  7509  3725  604940.00  2327890.00  21.048884  106.010020   -9.0413  -16.8858
   350  6699  3725  596840.00  2327890.00  21.049329  105.932068  -10.1104  -11.3071
   351  1191  3728  541760.00  2327860.00  21.051139  105.401948  -12.6540  -13.8272
   352  7524  3728  605090.00  2327860.00  21.048604  106.011461  -10.1234  -14.0771
   353  4866  3734  578510.00  2327800.00  21.049392  105.755653   -8.4554  -14.8699
   354  6801  3743  597860.00  2327710.00  21.047649  105.941874  -10.0353  -13.2368
   355  4638  3746  576230.00  2327680.00  21.048404  105.733705   -5.7841  -11.2874
   356  4638  3749  576230.00  2327650.00  21.048133  105.733703   -3.0559   -7.1633
   357  3027  3752  560120.00  2327620.00  21.048461  105.578653  -13.5490  -20.5864
   358  3972  3752  569570.00  2327620.00  21.048127  105.669604  -14.0411  -19.9930
   359  2211  3752  551960.00  2327620.00  21.048710  105.500115   -8.5644  -19.2124
   360  1626  3755  546110.00  2327590.00  21.048596  105.443810   -9.5808  -13.4926
   361  3954  3755  569390.00  2327590.00  21.047863  105.667870  -10.3483  -17.0163
   362  4623  3758  576080.00  2327560.00  21.047326  105.732256  -15.0089  -13.3813
   363   345  3776  533300.00  2327380.00  21.046975  105.320511   -8.7963  -18.5241
   364  3912  3785  568970.00  2327290.00  21.045168  105.663816  -10.4982  -15.6515
   365  2655  3791  556400.00  2327230.00  21.045055  105.542836   -7.9763  -15.2037
   366  2388  3791  553730.00  2327230.00  21.045136  105.517139  -11.0864  -19.3002
   367  7179  3794  601640.00  2327200.00  21.042836  105.978221   -9.4898  -16.0924
   368  5931  3815  589160.00  2326990.00  21.041588  105.858109   -8.5906  -14.4499
   369  7128  3818  601130.00  2326960.00  21.040696  105.973299   -8.0208  -15.5586
   370  1599  3821  545840.00  2326930.00  21.042639  105.441193  -10.1906  -13.6426
   371  7113  3848  600980.00  2326660.00  21.037994  105.971838   -7.7765  -14.0616
   372   459  3872  534440.00  2326420.00  21.038280  105.331464   -9.9372  -14.6539
   373  1308  3893  542930.00  2326210.00  21.036204  105.413168  -10.7273  -12.5992
   374  3765  3899  567500.00  2326150.00  21.034923  105.649624   -0.3640  -16.9608
   375  7392  3899  603770.00  2326150.00  21.033231  105.998655   -8.0548  -17.9049
   376  7392  3902  603770.00  2326120.00  21.032960  105.998654   -8.5382  -16.0557
   377  1362  3902  543470.00  2326120.00  21.035378  105.418363  -11.3671  -15.8125
   378  3747  3920  567320.00  2325940.00  21.033032  105.647883  -10.5649  -14.3494
   379  7119  3932  601040.00  2325820.00  21.030402  105.972366  -10.7668  -16.1881
   380  4047  3932  570320.00  2325820.00  21.031835  105.676749  -11.7941  -19.9579
   381  3807  3947  567920.00  2325670.00  21.030570  105.653647  -11.0227  -19.8088
   382  4266  3947  572510.00  2325670.00  21.030395  105.697818   -9.0474  -14.9312
   383  4617  3950  576020.00  2325640.00  21.029982  105.731594  -14.0711  -16.3167
   384  7131  3953  601160.00  2325610.00  21.028498  105.973508  -10.0486  -15.0575
   385  2145  3953  551300.00  2325610.00  21.030568  105.493703   -8.3554  -13.6043
   386  1308  3968  542930.00  2325460.00  21.029427  105.413150   -9.7701  -12.8766
   387  3741  3974  567260.00  2325400.00  21.028155  105.647285  -11.8140  -16.1796
   388   189  3977  531740.00  2325370.00  21.028842  105.305459   -6.1434  -21.1700
   389  4665  3980  576500.00  2325340.00  21.027252  105.736199   -9.6902  -19.8325
   390  5157  3986  581420.00  2325280.00  21.026498  105.783541  -10.2988  -16.9823
   391  5148  3995  581330.00  2325190.00  21.025689  105.782671   -6.8010  -12.1509
   392  4218  3995  572030.00  2325190.00  21.026077  105.693178   -7.9614  -13.5770
   393  1743  4001  547280.00  2325130.00  21.026339  105.455003  -11.3157  -19.2984
   394  3792  4004  567770.00  2325100.00  21.025426  105.652181  -10.1164  -19.6420
   395  6417  4007  594020.00  2325070.00  21.023999  105.904774   -8.5213  -15.3898
   396  3975  4019  569600.00  2324950.00  21.024002  105.669785  -10.8112  -14.9524
   397  7275  4049  602600.00  2324650.00  21.019745  105.987308  -10.8572  -15.2160
   398  7260  4055  602450.00  2324590.00  21.019212  105.985861   -9.1824  -18.9366
   399  7230  4058  602150.00  2324560.00  21.018957  105.982972   -5.6489  -12.8934
   400  4083  4064  570680.00  2324500.00  21.019895  105.680159  -10.1119  -17.3502
   401  2766  4064  557510.00  2324500.00  21.020355  105.553428  -11.0237  -14.3754
   402  7170  4076  601550.00  2324380.00  21.017364  105.977189   -3.9413  -12.0252
   403  3972  4079  569570.00  2324350.00  21.018582  105.669472  -15.3641  -16.4596
   404  7329  4085  603140.00  2324290.00  21.016463  105.992482  -10.2168  -13.9100
   405  1764  4091  547490.00  2324230.00  21.018202  105.456999  -10.6423  -13.5028
   406  5235  4121  582200.00  2323930.00  21.014266  105.790982   -8.6135  -15.1378
   407  6663  4124  596480.00  2323900.00  21.013301  105.928380  -12.7494  -19.4275
   408  3975  4136  569600.00  2323780.00  21.013431  105.669738   -7.6864  -17.1297
   409  6624  4136  596090.00  2323780.00  21.012237  105.924621  -10.3343  -13.6282
   410  3987  4139  569720.00  2323750.00  21.013156  105.670891  -11.5353  -14.8650
   411  3966  4142  569510.00  2323720.00  21.012893  105.668869   -7.5630  -14.9833
   412  4140  4145  571250.00  2323690.00  21.012555  105.685611  -11.1796  -19.3916
   413  2316  4172  553010.00  2323420.00  21.010732  105.510092   -8.6605  -16.4223
   414  4140  4175  571250.00  2323390.00  21.009845  105.685598  -11.9207  -14.9788
   415  4143  4181  571280.00  2323330.00  21.009301  105.685884   -8.5402  -15.2850
   416  4098  4196  570830.00  2323180.00  21.007963  105.681548   -9.2297  -11.4390
   417  4257  4199  572420.00  2323150.00  21.007630  105.696846  -11.0541  -15.1590
   418  4113  4202  570980.00  2323120.00  21.007416  105.682989   -5.2123  -15.5215
   419  7038  4205  600230.00  2323090.00  21.005782  105.964413   -7.7001  -17.1656
   420  2487  4208  554720.00  2323060.00  21.007429  105.526535  -13.0536  -16.2571
   421  4248  4217  572330.00  2322970.00  21.006008  105.695972  -10.9208  -16.1797
   422  4278  4223  572630.00  2322910.00  21.005454  105.698856   -7.5360  -17.8487
   423  4986  4259  579710.00  2322550.00  21.001908  105.766960   -9.5630  -18.4124
   424  6774  4274  597590.00  2322400.00  20.999691  105.938975   -9.2594  -14.0813
   425  4170  4277  571550.00  2322370.00  21.000617  105.688442   -9.8106  -15.7292
   426  3981  4298  569660.00  2322160.00  20.998792  105.670250   -8.6181  -15.4622
   427  3936  4301  569210.00  2322130.00  20.998538  105.665919  -12.7503  -21.5231
   428  6729  4304  597140.00  2322100.00  20.997004  105.934629   -8.6526  -12.1441
   429  6675  4316  596600.00  2321980.00  20.995949  105.929427   -6.9048  -13.5271
   430  5163  4334  581480.00  2321800.00  20.995054  105.783954   -3.6160  -11.2774
   431  4668  4343  576530.00  2321710.00  20.994454  105.736327  -11.2726  -15.8674
   432  4035  4346  570200.00  2321680.00  20.994435  105.675426  -12.0593  -14.5169
   433  4200  4346  571850.00  2321680.00  20.994371  105.691300  -12.0152  -15.7782
   434  4533  4349  575180.00  2321650.00  20.993967  105.723336   -7.6228  -18.7682
   435  4044  4358  570290.00  2321560.00  20.993347  105.676287  -10.7698  -26.1810
   436  6237  4364  592220.00  2321500.00  20.991837  105.887263   -8.6163  -12.4662
   437  4902  4385  578870.00  2321290.00  20.990560  105.758821   -9.7499  -13.5019
   438  4899  4388  578840.00  2321260.00  20.990290  105.758531  -11.9920  -19.6501
   439  4014  4397  569990.00  2321170.00  20.989835  105.673385   -8.2607  -15.9012
   440  3975  4409  569600.00  2321050.00  20.988766  105.669628   -8.2006  -16.4976
   441  3705  4421  566900.00  2320930.00  20.987782  105.643647   -7.3006  -12.7320
   442  4062  4439  570470.00  2320750.00  20.986022  105.677985   -9.2515  -13.1913
   443  4773  4448  577580.00  2320660.00  20.984923  105.746382   -5.7497  -12.6417
   444  4323  4478  573080.00  2320360.00  20.982397  105.703078  -10.4807  -15.3598
   445  4116  4487  571010.00  2320270.00  20.981665  105.683161   -8.1134  -13.2045
   446  3729  4490  567140.00  2320240.00  20.981539  105.645929   -9.3324  -13.8191
   447  4944  4490  579290.00  2320240.00  20.981056  105.762813   -9.3307  -22.6944
   448  4038  4493  570230.00  2320210.00  20.981152  105.675654   -8.5088  -14.3371
   449  3999  4517  569840.00  2319970.00  20.978999  105.671893   -6.2802  -16.6602
   450  4140  4517  571250.00  2319970.00  20.978945  105.685457  -12.0959  -15.8835
   451  4425  4550  574100.00  2319640.00  20.975851  105.712860   -1.1590  -18.7517
   452  4407  4577  573920.00  2319370.00  20.973419  105.711117  -10.8573  -14.9916
   453  4176  4598  571610.00  2319160.00  20.971612  105.688887   -9.5610  -14.0070
   454  4335  4625  573200.00  2318890.00  20.969111  105.704170   -7.8023  -21.6438
   455  4362  4640  573470.00  2318740.00  20.967745  105.706761   -6.4480  -12.1417
   456  5382  4670  583670.00  2318440.00  20.964599  105.804861   -9.4880  -13.7242
   457  4686  4703  576710.00  2318110.00  20.961920  105.737899  -11.3577  -19.3993
   458  4680  4709  576650.00  2318050.00  20.961381  105.737319  -10.9212  -13.4220
   459  2526  4715  555110.00  2317990.00  20.961609  105.530126  -11.2513  -19.1073
   460  4344  4718  573290.00  2317960.00  20.960704  105.704997  -11.3755  -15.0728
   461  3345  4718  563300.00  2317960.00  20.961075  105.608904   -8.5101  -16.1189
   462  2511  4721  554960.00  2317930.00  20.961071  105.528681   -9.6614  -17.2706
   463  4524  4730  575090.00  2317840.00  20.959548  105.722305  -10.0673  -14.7240
   464  5664  4766  586490.00  2317480.00  20.955795  105.831938   -7.7827  -13.0045
   465  4590  4772  575750.00  2317420.00  20.955726  105.728635  -12.8427  -17.6620
   466  2865  4778  558500.00  2317360.00  20.955812  105.562713  -12.4226  -11.5598
   467  5235  4802  582200.00  2317120.00  20.952739  105.790659  -13.0099  -17.3461
   468  4599  4826  575840.00  2316880.00  20.950843  105.729477   -9.8791  -11.7133
   469  2595  4826  555800.00  2316880.00  20.951559  105.536727  -11.5661  -17.0872
   470  5727  4829  587120.00  2316850.00  20.950074  105.837965   -8.9051  -15.8739
   471  4614  4847  575990.00  2316670.00  20.948940  105.730910   -9.9481  -11.9206
   472  6147  4877  591320.00  2316370.00  20.945534  105.878334  -11.4335  -16.2668
   473  6123  4877  591080.00  2316370.00  20.945546  105.876026   -5.3023  -15.3805
   474  6294  4886  592790.00  2316280.00  20.944648  105.892467   -9.9048  -15.2686
   475  6306  4895  592910.00  2316190.00  20.943828  105.893616   -3.5827  -17.3372
   476  6237  4934  592220.00  2315800.00  20.940340  105.886960  -10.3242  -13.7593
   477  6273  4946  592580.00  2315680.00  20.939237  105.890415   -8.3937  -15.1556
   478  4461  4949  574460.00  2315650.00  20.939787  105.716151  -10.4463  -25.3371
   479  4506  4958  574910.00  2315560.00  20.938955  105.720475   -8.1499  -19.4379
   480  6084  4961  590690.00  2315530.00  20.937976  105.872231   -9.9018  -18.1963
   481  6057  4964  590420.00  2315500.00  20.937718  105.869633  -11.2901  -15.4067
   482  6393  4991  593780.00  2315230.00  20.935111  105.901931   -8.6071  -18.8461
   483  2706  4994  556910.00  2315200.00  20.936346  105.547348  -15.9904  -14.6536
   484  4380  5018  573650.00  2314960.00  20.933585  105.708332  -14.3476  -21.7249
   485  6234  5024  592190.00  2314900.00  20.932210  105.886623   -9.0767  -17.3542
   486  6258  5027  592430.00  2314870.00  20.931927  105.888930  -10.3346  -17.7998
   487  4398  5048  573830.00  2314660.00  20.930867  105.710050   -5.8257  -15.8143
   488  3510  5078  564950.00  2314360.00  20.928491  105.624641  -13.2348  -19.2720
   489  3489  5099  564740.00  2314150.00  20.926601  105.622613   -8.6845  -12.9814
   490  4740  5126  577250.00  2313880.00  20.923680  105.742905   -4.2812  -10.8721
   491  4116  5132  571010.00  2313820.00  20.923388  105.682896  -11.7519  -19.3684
   492  4383  5138  573680.00  2313760.00  20.922742  105.708569  -13.5971  -17.7941
   493  4200  5138  571850.00  2313760.00  20.922814  105.690971   -9.9853  -18.3730
   494  5799  5147  587840.00  2313670.00  20.921309  105.844729   -5.1824   -7.7164
   495  3177  5195  561620.00  2313190.00  20.918034  105.592575   -6.3676  -16.5958
   496  5655  5210  586400.00  2313040.00  20.915685  105.830851  -10.1892  -12.0420
   497  6354  5249  593390.00  2312650.00  20.911822  105.898042  -11.9447  -19.4169
   498  4638  5252  576230.00  2312620.00  20.912338  105.733041   -8.3116  -17.7043
   499  4581  5288  575660.00  2312260.00  20.909109  105.727544  -10.6732  -16.2890
   500  4533  5303  575180.00  2312110.00  20.907774  105.722922   -9.2189  -12.8131
   501  3603  5312  565880.00  2312020.00  20.907315  105.633495   -7.2695  -18.4783
   502  4287  5381  572720.00  2311330.00  20.900825  105.699236   -2.6420  -14.1818
   503  2880  5462  558650.00  2310520.00  20.894006  105.563925   -5.8535  -17.4416
   504  4599  5546  575840.00  2309680.00  20.885791  105.729162   -8.5731  -21.7724
   505  4599  5567  575840.00  2309470.00  20.883894  105.729153  -11.1407  -14.5990
   506  4623  5573  576080.00  2309410.00  20.883342  105.731458   -9.7650  -24.6916
   507  6156  5588  591410.00  2309260.00  20.881293  105.878825  -13.2273  -23.1356
   508  4659  5597  576440.00  2309170.00  20.881159  105.734908  -11.0422  -20.4120
   509  4617  5606  576020.00  2309080.00  20.880363  105.730867   -8.9250  -24.7373
   510  6255  5612  592400.00  2309020.00  20.879076  105.888330   -7.6409  -17.5416
   511  6222  5615  592070.00  2308990.00  20.878821  105.885156   -7.6122  -14.0176
   512  3312  5651  562970.00  2308630.00  20.876787  105.605392  -11.2572  -17.5388
   513  6525  5657  595100.00  2308570.00  20.874873  105.914260   -8.7243  -15.9858
   514  6243  5699  592280.00  2308150.00  20.871221  105.887130   -2.1806   -9.9309
   515  6645  5705  596300.00  2308090.00  20.870475  105.925769  -11.6284  -16.7527
   516  6327  5717  593120.00  2307970.00  20.869553  105.895195   -8.4655  -15.3098
   517  6198  5735  591830.00  2307790.00  20.867991  105.882785   -8.6455  -15.5015
   518  6438  5789  594230.00  2307250.00  20.862992  105.905826   -8.5534  -17.2042
   519  3726  5792  567110.00  2307220.00  20.863902  105.645137  -12.0121  -15.0160
   520  6150  5792  591350.00  2307220.00  20.862865  105.878142   -1.6877  -16.0341
   521  3705  5795  566900.00  2307190.00  20.863639  105.643117  -12.8485  -16.3866
   522  6363  5798  593480.00  2307160.00  20.862217  105.898612  -10.0517  -15.5167
   523  3414  5831  563990.00  2306830.00  20.860489  105.615131  -11.5496  -16.4341
   524  6336  5846  593210.00  2306680.00  20.857894  105.895991   -9.2984  -15.1107
   525  3837  5861  568220.00  2306530.00  20.857627  105.655780  -12.0599  -15.8908
   526  3834  5864  568190.00  2306500.00  20.857357  105.655491   -4.9249  -12.8825
   527  6666  5873  596510.00  2306410.00  20.855286  105.927695  -13.6169  -20.2131
   528  4500  5876  574850.00  2306380.00  20.856016  105.719503   -8.3820  -16.5146
   529  3492  5885  564770.00  2306290.00  20.855583  105.622609   -8.9869  -13.0353
   530  4890  5903  578750.00  2306110.00  20.853415  105.756977   -8.2559  -17.1232
   531  5742  5906  587270.00  2306080.00  20.852762  105.838867  -14.3129  -14.6179
   532  3888  5909  568730.00  2306050.00  20.853272  105.660664   -8.7669  -21.4270
   533  4896  5915  578810.00  2305990.00  20.852328  105.757548  -12.3238  -14.3830
   534  4926  5954  579110.00  2305600.00  20.848792  105.760414  -12.1747  -17.2724
   535  5751  5993  587360.00  2305210.00  20.844898  105.839688  -11.2819  -14.7742
   536  3675  5999  566600.00  2305150.00  20.845218  105.640156   -8.6330  -16.5264
   537  3798  6005  567830.00  2305090.00  20.844631  105.651975   -7.7515  -20.0494
   538  4176  6059  571610.00  2304550.00  20.839610  105.688284   -7.2945  -11.8505
   539  4887  6068  578720.00  2304460.00  20.838508  105.756614  -11.3213  -16.2714
   540  5817  6068  588020.00  2304460.00  20.838090  105.845994   -7.5567  -15.2151
   541  4026  6086  570110.00  2304280.00  20.837228  105.673857   -9.5896  -16.2737
   542  6108  6101  590930.00  2304130.00  20.834969  105.873943    7.8347   -9.4899
   544  4131  6203  571160.00  2303110.00  20.826616  105.683901  -11.0259  -14.1383
   545  4032  6293  570170.00  2302210.00  20.818522  105.674350   -7.9058  -18.1856
   546  5907  6302  588920.00  2302120.00  20.816906  105.854524   -2.3962  -14.1216
   547  3978  6365  569630.00  2301490.00  20.812037  105.669132  -11.2910  -22.1002
   548  4635  6407  576200.00  2301070.00  20.807985  105.732247   -9.1540  -15.4137
   549  4881  6515  578660.00  2299990.00  20.798124  105.755836  -12.7803  -17.5814
   550  3972  6524  569570.00  2299900.00  20.797674  105.668492  -11.0631  -19.0153
   551  3975  6575  569600.00  2299390.00  20.793065  105.668760  -10.1247  -14.9330
   552  3882  6587  568670.00  2299270.00  20.792015  105.659820   -9.6831  -23.4596
   553  6723  6677  597080.00  2298370.00  20.782617  105.932726  -10.4681  -15.3383
   554  3975  6704  569600.00  2298100.00  20.781409  105.668709  -10.3544  -18.3045
   555  6936  6743  599210.00  2297710.00  20.776542  105.953151   -8.0717  -18.4514
   556  6687  6758  596720.00  2297560.00  20.775318  105.929223  -12.6618  -15.2566
   557  6987  6761  599720.00  2297530.00  20.774889  105.958040  -11.9277  -22.8263
   558  6942  6764  599270.00  2297500.00  20.774642  105.953716   -3.0160  -13.8674
   559  7032  6773  600170.00  2297410.00  20.773780  105.962356  -15.9848  -21.2310
   560  7035  6791  600200.00  2297230.00  20.772152  105.962634   -8.1618  -11.9842
   561  6882  6794  598670.00  2297200.00  20.771963  105.947935   -7.8646  -15.5598
   562  7056  6794  600410.00  2297200.00  20.771870  105.964650   -8.9094  -15.4898
   563  5856  6812  588410.00  2297020.00  20.770852  105.849365  -10.7546  -19.7955
   564  6426  6821  594110.00  2296930.00  20.769760  105.904116   -7.1581  -14.1295
   565  7035  6857  600200.00  2296570.00  20.766190  105.962596   -9.4346  -16.3104
   566  7044  6872  600290.00  2296420.00  20.764830  105.963452   -8.9771  -15.7529
   567  4044  6935  570290.00  2295790.00  20.760512  105.675245   -7.8881  -14.8033
   568  6639  6953  596240.00  2295610.00  20.757725  105.924505   -6.3613  -13.8453
   569  5850  7004  588350.00  2295100.00  20.753508  105.848692  -10.1976  -14.0947
   570  6237  7022  592220.00  2294920.00  20.751695  105.885855   -8.8127  -14.3889
   571  4284  7130  572690.00  2293840.00  20.742801  105.698219  -13.4104  -15.3437
   572  6345  7160  593300.00  2293540.00  20.739173  105.896155   -8.9862  -13.0764
   573  4548  7247  575330.00  2292670.00  20.732125  105.723525   -7.9805  -13.9619
   574  4473  7268  574580.00  2292460.00  20.730258  105.716313    8.6151    2.3477
   575  4239  7436  572240.00  2290780.00  20.715170  105.693771  -11.5727  -14.4873
   576  7149  7628  601340.00  2288860.00  20.696471  105.973101   -7.5545  -23.5316
   577  5019  7637  580040.00  2288770.00  20.696692  105.768583   -9.1129  -12.7421
   578  7221  7757  602060.00  2287570.00  20.684777  105.979940  -12.5349  -16.6579
   579  7269  7769  602540.00  2287450.00  20.683667  105.984541  -10.4029  -17.9558
   580  5073  7775  580580.00  2287390.00  20.684200  105.773705  -10.3913  -12.7248
   581  7191  7787  601760.00  2287270.00  20.682083  105.977042  -10.7268  -19.9868
   582  7209  7832  601940.00  2286820.00  20.678008  105.978744   -8.5479  -14.4313
   583  7095  7835  600800.00  2286790.00  20.677798  105.967798   -7.7098  -15.5567
   584  7092  7850  600770.00  2286640.00  20.676445  105.967502   -7.6977  -14.8064
   585  7179  7856  601640.00  2286580.00  20.675856  105.975850   -8.4371   -7.5938
   586  5064  7940  580490.00  2285740.00  20.669296  105.772765   -8.1608  -18.4556
   587  6012  8003  589970.00  2285110.00  20.663172  105.863741   -7.7765  -11.1245
   588  5160  8018  581450.00  2284960.00  20.662207  105.781945   -9.3486  -16.8289
   589  4416  8045  574010.00  2284690.00  20.660076  105.710512   -8.3161  -16.7901
   590  5202  8123  581870.00  2283910.00  20.652702  105.785928   -8.3739  -15.2551
   591  5310  8204  582950.00  2283100.00  20.645336  105.796257  -12.7386  -17.1439
   592  5142  8432  581270.00  2280820.00  20.624809  105.780027  -12.1232  -15.8557
   593  5145  8441  581300.00  2280730.00  20.623994  105.780310   -8.9469  -15.1338
