; ENVI Output of ROIs (5.2) [Mon Nov 25 21:05:44 2019]
; Number of ROIs: 1
; File Dimension: 7647 x 9116
;
; ROI name: EVF: Layer: crop.shp (Record=1)
; ROI rgb value: {255, 255, 255}
; ROI npts: 596
;   ID     X     Y      Map X       Map Y        Lat         Lon        B1        B2
     1  5361    86  583460.00  2364280.00  21.378753  105.805079   -8.5851  -14.8717
     2  5688   158  586730.00  2363560.00  21.372094  105.836583   -9.9576  -17.0387
     3  5196   167  581810.00  2363470.00  21.371511  105.789124  -12.4756  -14.5358
     4  5217   224  582020.00  2362900.00  21.366352  105.791122   -7.2328  -11.5203
     5  5253   245  582380.00  2362690.00  21.364438  105.794584  -13.1937  -16.6921
     6  5580   305  585650.00  2362090.00  21.358866  105.826091   -6.7996  -15.7222
     7  5508   362  584930.00  2361520.00  21.353750  105.819119   -8.4929  -15.5007
     8  5244   365  582290.00  2361490.00  21.353601  105.793658   -9.2347  -19.1554
     9  5373   368  583580.00  2361460.00  21.353271  105.806097  -10.5841  -13.2356
    10  5286   404  582710.00  2361100.00  21.350059  105.797689   -8.0918  -13.7904
    11  5538   533  585230.00  2359810.00  21.338287  105.821926   -7.0689  -15.0131
    12  5916   590  589010.00  2359240.00  21.332955  105.858346  -12.3125  -16.7829
    13  5910   602  588950.00  2359120.00  21.331874  105.857761   -9.5222  -13.6221
    14  5214   626  581990.00  2358880.00  21.330035  105.790638  -11.0840  -13.5545
    15  6006   743  589910.00  2357710.00  21.319088  105.866943  -11.8765  -15.7693
    16  5964   746  589490.00  2357680.00  21.318838  105.862892   -7.0537  -13.9511
    17  5529   800  585140.00  2357140.00  21.314170  105.820924   -8.6760  -18.5479
    18  5598   857  585830.00  2356570.00  21.308987  105.827548  -10.3276  -15.2556
    19  6051   860  590360.00  2356540.00  21.308496  105.871219  -10.1334  -14.8809
    20  5598   872  585830.00  2356420.00  21.307632  105.827540  -11.9284  -14.2883
    21  5952   905  589370.00  2356090.00  21.304480  105.861651   -7.2928  -13.1594
    25  6072   926  590570.00  2355880.00  21.302523  105.873209   -8.5646  -16.2155
    26  5505   953  584900.00  2355610.00  21.300358  105.818533  -10.4219  -18.4468
    27  5346   959  583310.00  2355550.00  21.299890  105.803202   -7.2287  -15.3975
    29  5904  1073  588890.00  2354410.00  21.289326  105.856936  -13.7637  -17.5721
    30  6267  1079  592520.00  2354350.00  21.288602  105.891924   -9.6258  -17.4276
    31  5844  1085  588290.00  2354290.00  21.288271  105.851146  -11.6111  -13.6886
    32  4719  1091  577040.00  2354230.00  21.288242  105.742696   -7.4487  -15.1193
    33  4857  1142  578420.00  2353720.00  21.283575  105.755976  -11.1804  -20.0353
    34  4701  1142  576860.00  2353720.00  21.283642  105.740938  -11.6108  -14.2329
    35  5514  1220  584990.00  2352940.00  21.276232  105.819267  -10.5899  -19.8363
    36  4695  1448  576800.00  2350660.00  21.255999  105.740222  -12.5146  -24.2625
    37  4956  1454  579410.00  2350600.00  21.255344  105.765373  -10.2982  -14.8810
    38  1479  1457  544640.00  2350570.00  21.256262  105.430260   -3.8372  -10.0795
    39  1515  1460  545000.00  2350540.00  21.255982  105.433729  -13.9477  -17.6923
    40  1497  1484  544820.00  2350300.00  21.253818  105.431988  -13.8475  -30.3635
    41  5646  1493  586310.00  2350210.00  21.251506  105.831852   -9.2200  -16.4661
    42  1518  1505  545030.00  2350090.00  21.251915  105.434007   -4.5406  -12.3270
    43  6135  1529  591200.00  2349850.00  21.248014  105.878958   -9.2222  -12.1938
    44   753  1553  537380.00  2349610.00  21.247752  105.360265  -14.0116  -14.2683
    45  6033  1634  590180.00  2348800.00  21.238579  105.869073   -9.1043  -10.0683
    46  1524  1655  545090.00  2348590.00  21.238361  105.434545  -10.0664  -23.8415
    47  5010  1661  579950.00  2348530.00  21.236619  105.770480  -13.3143  -14.1768
    48  3711  1697  566960.00  2348170.00  21.233892  105.645288  -15.0452  -17.9230
    49  3705  1700  566900.00  2348140.00  21.233623  105.644708   -6.7745  -10.4740
    50  1287  1703  542720.00  2348110.00  21.234081  105.411693  -11.3964  -14.2433
    51  1716  1724  547010.00  2347900.00  21.232078  105.453029   -4.5618  -14.4731
    52  1683  1739  546680.00  2347750.00  21.230731  105.449845   -5.7583  -16.2194
    53  3735  1754  567200.00  2347600.00  21.228733  105.647578   -7.2252  -18.3802
    54  6267  1772  592520.00  2347420.00  21.225994  105.891547   -4.7316  -12.9960
    55   822  1778  538070.00  2347360.00  21.227408  105.366865   -7.6448  -19.2665
    56   768  1787  537530.00  2347270.00  21.226606  105.361659  -11.9888  -16.9248
    57  1668  1790  546530.00  2347240.00  21.226127  105.448386   -9.4115  -18.5746
    58  1212  1826  541970.00  2346880.00  21.222985  105.404435   -7.3994  -17.4409
    59  1749  1862  547340.00  2346520.00  21.219601  105.456171   -4.7417  -11.1896
    60   996  1874  539810.00  2346400.00  21.218697  105.383610   -8.6320  -14.4732
    61  5595  1874  585800.00  2346400.00  21.217109  105.826745  -11.3666  -17.6931
    62  1695  1883  546800.00  2346310.00  21.217718  105.450962   -6.2365  -17.2992
    63  4962  1940  579470.00  2345740.00  21.211434  105.765725   -9.9398  -12.8235
    64  1344  1946  543290.00  2345680.00  21.212112  105.417125   -6.2061  -13.3214
    65  1779  1955  547640.00  2345590.00  21.211190  105.459036   -9.7774  -18.1803
    66  1743  1976  547280.00  2345380.00  21.209302  105.455561   -6.5515  -14.2223
    67  4590  1988  575750.00  2345260.00  21.207256  105.729862   -6.3943  -13.1214
    68  4716  1994  577010.00  2345200.00  21.206661  105.741999   -7.6342  -14.1829
    69  5760  2006  587450.00  2345080.00  21.205105  105.842575  -11.8858  -17.8457
    70   684  2021  536690.00  2344930.00  21.205481  105.353515   -9.0548  -13.0441
    71  5565  2021  585500.00  2344930.00  21.203842  105.823781   -8.1667  -16.5375
    72  1554  2042  545390.00  2344720.00  21.203387  105.437333  -10.4460  -14.4257
    73  3723  2045  567080.00  2344690.00  21.202446  105.646307  -11.3187  -17.3132
    74  1716  2075  547010.00  2344390.00  21.200365  105.452933   -4.3617  -12.5898
    75  1578  2075  545630.00  2344390.00  21.200400  105.439637  -12.5131  -17.3039
    76   771  2078  537560.00  2344360.00  21.200313  105.361884   -9.5524  -13.8588
    77  4626  2087  576110.00  2344270.00  21.198296  105.733286  -11.5760  -16.4493
    79   798  2096  537830.00  2344180.00  21.198681  105.364482   -8.6284  -15.1895
    80  1725  2096  547100.00  2344180.00  21.198465  105.453794   -6.9320  -15.7255
    81   783  2099  537680.00  2344150.00  21.198413  105.363036   -9.2044  -15.6054
    82   825  2111  538100.00  2344030.00  21.197320  105.367080   -8.0740  -16.1526
    83  1818  2114  548030.00  2344000.00  21.196814  105.462749  -10.6941  -12.9232
    84  4380  2123  573650.00  2343910.00  21.195145  105.709571   -8.2129  -16.4968
    85  1323  2141  543080.00  2343730.00  21.194499  105.415052   -8.8949  -15.7571
    86  4668  2150  576530.00  2343640.00  21.192587  105.737304   -8.0584  -15.1358
    87  1443  2153  544280.00  2343610.00  21.193386  105.426610   -8.9894  -12.3406
    88   921  2177  539060.00  2343370.00  21.191337  105.376314   -7.7216  -16.4213
    89  1401  2183  543860.00  2343310.00  21.190685  105.422556   -7.1067  -14.2175
    90  4695  2183  576800.00  2343310.00  21.189594  105.739890  -10.5370  -21.9596
    91  4680  2186  576650.00  2343280.00  21.189329  105.738444   -9.2671  -14.7543
    92  1713  2198  546980.00  2343160.00  21.189252  105.452610   -8.5322  -10.3987
    93  1839  2207  548240.00  2343070.00  21.188406  105.464746  -10.6314  -20.8859
    94  4302  2216  572870.00  2342980.00  21.186774  105.702017   -8.7285  -21.6453
    95  5787  2237  587720.00  2342770.00  21.184222  105.845058   -8.7966  -19.1777
    96  5649  2255  586340.00  2342590.00  21.182662  105.831755   -9.0801  -17.2391
    97  5577  2264  585620.00  2342500.00  21.181883  105.824815  -12.2167  -15.6336
    98   807  2264  537920.00  2342500.00  21.183500  105.365312   -7.6120  -16.4333
    99  4611  2267  575960.00  2342470.00  21.182040  105.731761  -10.3006  -17.4796
   100  1233  2267  542180.00  2342470.00  21.183135  105.406350  -11.8956  -13.6299
   101  4788  2270  577730.00  2342440.00  21.181694  105.748810  -12.6861  -13.9770
   102  3561  2291  565460.00  2342230.00  21.180279  105.630605   -6.0567  -15.7118
   103  1224  2300  542090.00  2342140.00  21.180156  105.405475  -11.1391  -14.1147
   104  4827  2300  578120.00  2342140.00  21.178967  105.752553   -7.2717  -13.8516
   105  4713  2303  576980.00  2342110.00  21.178745  105.741570   -6.7284  -15.4753
   106  4845  2303  578300.00  2342110.00  21.178688  105.754285   -6.9780  -12.5136
   107  4707  2309  576920.00  2342050.00  21.178205  105.740990   -9.8119  -17.5915
   108  4788  2315  577730.00  2341990.00  21.177629  105.748789   -8.3352  -19.4157
   109  1197  2318  541820.00  2341960.00  21.178536  105.402869   -9.3550  -11.0865
   110  4842  2333  578270.00  2341810.00  21.175979  105.753983   -7.4888  -19.5236
   111   810  2336  537950.00  2341780.00  21.176994  105.365585  -12.3999  -16.5576
   112  1176  2342  541610.00  2341720.00  21.176372  105.400841   -6.5539  -13.6263
   113  1155  2342  541400.00  2341720.00  21.176377  105.398818   -3.5105  -15.7223
   114  4533  2378  575180.00  2341360.00  21.172044  105.724199  -10.9634  -16.0341
   115  4536  2384  575210.00  2341300.00  21.171501  105.724485   -7.4849  -15.9602
   116  3609  2399  565940.00  2341150.00  21.170504  105.635187  -10.6857  -16.5057
   117  4758  2402  577430.00  2341120.00  21.169781  105.745860  -10.6883  -14.0733
   118  4674  2408  576590.00  2341060.00  21.169275  105.737767   -9.8741  -14.4565
   119  5190  2417  581750.00  2340970.00  21.168238  105.787463  -11.3581  -14.7952
   120  5061  2420  580460.00  2340940.00  21.168024  105.775037  -11.7164  -12.3008
   121  1047  2429  540320.00  2340850.00  21.168540  105.388393   -7.3199  -12.2141
   122  4809  2453  577940.00  2340610.00  21.165152  105.750749   -6.5421  -13.8103
   123  1239  2456  542240.00  2340580.00  21.166057  105.406881  -13.8777  -15.1777
   124  5034  2468  580190.00  2340460.00  21.163699  105.772414   -2.2747  -16.3110
   125  3054  2474  560390.00  2340400.00  21.163920  105.581701   -8.0984  -14.9197
   126  4176  2477  571610.00  2340370.00  21.163243  105.689770   -2.2264  -15.9623
   127  4476  2483  574610.00  2340310.00  21.162581  105.718662   -8.3661  -15.6996
   128  5589  2489  585740.00  2340250.00  21.161549  105.825858   -7.8218  -14.0031
   129  4788  2510  577730.00  2340040.00  21.160011  105.748701  -10.0201  -19.9646
   130  1089  2513  540740.00  2340010.00  21.160941  105.392419   -8.7779  -13.2530
   131  4764  2519  577490.00  2339950.00  21.159208  105.746385   -7.0785  -10.6637
   132  4866  2525  578510.00  2339890.00  21.158622  105.756206   -7.5627  -15.2931
   133  5664  2525  586490.00  2339890.00  21.158262  105.833064   -9.4865  -17.3455
   134  4575  2528  575600.00  2339860.00  21.158474  105.728178   -8.3385  -13.9501
   135  3807  2531  567920.00  2339830.00  21.158505  105.654207   -5.4242  -15.4635
   136  4491  2534  574760.00  2339800.00  21.157967  105.720085   -7.3148  -13.5469
   137  3900  2540  568850.00  2339740.00  21.157657  105.663161   -6.6896  -15.3149
   138  4734  2543  577190.00  2339710.00  21.157053  105.743485  -11.8926  -17.4301
   139  4740  2543  577250.00  2339710.00  21.157050  105.744063  -11.1334  -12.9545
   140  5475  2552  584600.00  2339620.00  21.155911  105.814847   -5.3349  -11.5650
   141  4728  2555  577130.00  2339590.00  21.155971  105.742902  -11.8188  -18.8693
   142  5694  2564  586790.00  2339500.00  21.154724  105.835933  -12.8106  -17.6516
   143  4899  2570  578840.00  2339440.00  21.154543  105.759364   -7.6752  -13.3172
   144  3924  2576  569090.00  2339380.00  21.154396  105.665458   -1.6406  -12.4390
   145  3897  2576  568820.00  2339380.00  21.154406  105.662857   -9.3395  -14.7710
   146  4860  2579  578450.00  2339350.00  21.153746  105.755604  -11.7881  -15.4314
   147  3237  2582  562220.00  2339320.00  21.154101  105.599288   -5.4658  -11.0411
   148  4761  2582  577460.00  2339320.00  21.153518  105.746068  -10.0781  -14.7746
   149  4422  2585  574070.00  2339290.00  21.153387  105.713417  -10.3712  -16.4041
   150  3873  2588  568580.00  2339260.00  21.153331  105.660541   -5.7851  -10.0669
   151  3627  2588  566120.00  2339260.00  21.153422  105.636848   -7.3021   -9.9707
   152  4761  2588  577460.00  2339260.00  21.152975  105.746065   -8.3461  -15.4082
   153  3615  2594  566000.00  2339200.00  21.152884  105.635690  -11.0078  -14.3330
   154  3984  2594  569690.00  2339200.00  21.152747  105.671229   -5.7073  -11.7726
   155  1701  2597  546860.00  2339170.00  21.153205  105.451344   -8.4817  -15.5628
   156  4731  2603  577160.00  2339110.00  21.151633  105.743169   -9.4097  -19.6916
   157  3342  2606  563270.00  2339080.00  21.151896  105.609392   -6.4589  -12.4309
   158  5532  2609  585170.00  2339050.00  21.150735  105.820309  -10.2012  -16.5960
   159  4143  2609  571280.00  2339050.00  21.151330  105.686536   -8.8237  -13.6642
   160  4212  2618  571970.00  2338960.00  21.150490  105.693178  -10.3800  -17.7292
   161  4224  2624  572090.00  2338900.00  21.149943  105.694331   -9.9037  -13.9675
   162   171  2624  531560.00  2338900.00  21.151094  105.303975   -8.2516  -12.0047
   163  3981  2636  569660.00  2338780.00  21.148953  105.670923  -11.4095  -17.5556
   164  4815  2642  578000.00  2338720.00  21.148074  105.751241   -4.3225  -18.5042
   165  2565  2642  555500.00  2338720.00  21.148897  105.534546  -12.1738  -17.0318
   166  5568  2645  585530.00  2338690.00  21.147465  105.823758   -9.1739  -16.4138
   167  3639  2654  566240.00  2338600.00  21.147454  105.637978  -11.4060  -15.9707
   168  3570  2657  565550.00  2338570.00  21.147208  105.631332  -10.1009  -14.8939
   169  4254  2663  572390.00  2338510.00  21.146408  105.697204   -7.1612  -13.6016
   170  3363  2666  563480.00  2338480.00  21.146468  105.611393   -8.7188  -14.0752
   171  3576  2666  565610.00  2338480.00  21.146393  105.631906   -9.3564  -18.1369
   172  3576  2669  565610.00  2338450.00  21.146122  105.631905  -11.1921  -15.4667
   173  3966  2672  569510.00  2338420.00  21.145706  105.669464   -1.5760  -11.6449
   174  4212  2672  571970.00  2338420.00  21.145611  105.693155  -14.4827  -26.1143
   175  3162  2675  561470.00  2338390.00  21.145724  105.592031   -7.8608  -13.9622
   176  4458  2675  574430.00  2338390.00  21.145241  105.716845  -10.0295  -14.2569
   177  3123  2678  561080.00  2338360.00  21.145466  105.588274  -10.0730  -14.6077
   178  3516  2678  565010.00  2338360.00  21.145330  105.626123   -9.3325  -17.0804
   179  1722  2681  547070.00  2338330.00  21.145610  105.453344  -14.3866  -21.5593
   180  5604  2681  585890.00  2338330.00  21.144196  105.827207   -4.2990  -16.9043
   181  3717  2684  567020.00  2338300.00  21.144715  105.645479  -14.4545  -21.4218
   182  1833  2687  548180.00  2338270.00  21.145039  105.464033  -20.5340  -21.9180
   183   171  2702  531560.00  2338120.00  21.144047  105.303961   -8.9150  -15.5442
   184  5064  2705  580490.00  2338090.00  21.142274  105.775192  -11.9049  -18.7838
   185  4515  2711  575000.00  2338030.00  21.141965  105.722319   -9.2934  -20.5806
   186   243  2720  532280.00  2337940.00  21.142408  105.310892   -5.8805  -13.6867
   187  3153  2726  561380.00  2337880.00  21.141119  105.591146  -13.0337  -21.6757
   188  3618  2738  566030.00  2337760.00  21.139873  105.635923  -10.9172  -15.4506
   189  4812  2744  577970.00  2337700.00  21.138860  105.750906   -8.2162  -14.1512
   190  3501  2747  564860.00  2337670.00  21.139101  105.624652   -4.4020  -14.4095
   191  5715  2768  587000.00  2337460.00  21.136283  105.837852   -9.0148  -17.7004
   192  3147  2774  561320.00  2337400.00  21.136784  105.590551  -12.9808   -9.9610
   193  1800  2780  547850.00  2337340.00  21.136645  105.460828  -10.2494  -14.2374
   194  1947  2780  549320.00  2337340.00  21.136606  105.474985   -1.2063  -12.7791
   195  4230  2783  572150.00  2337310.00  21.135575  105.694842   -8.7459  -12.6445
   196  4506  2789  574910.00  2337250.00  21.134922  105.721418  -11.1400  -17.7220
   197  6204  2789  591890.00  2337250.00  21.134147  105.884930  -10.7897  -15.8344
   198  5607  2792  585920.00  2337220.00  21.134166  105.827440   -9.7931  -16.2214
   199  6003  2807  589880.00  2337070.00  21.132620  105.865565   -9.6770  -14.7573
   200  4278  2810  572630.00  2337040.00  21.133117  105.699453   -9.0251  -17.5370
   201  5544  2822  585290.00  2336920.00  21.131485  105.821358   -9.7043  -12.5219
   202  2742  2831  557270.00  2336830.00  21.131766  105.551529   -7.6042  -16.3643
   203  1866  2840  548510.00  2336740.00  21.131206  105.467167   -5.0363  -10.6086
   204  4671  2852  576560.00  2336620.00  21.129162  105.737279   -6.2591  -15.9408
   205  2715  2855  557000.00  2336590.00  21.129606  105.548921  -10.5381  -15.4910
   206  3762  2861  567470.00  2336530.00  21.128707  105.649743  -10.9839  -19.1547
   207  3042  2864  560270.00  2336500.00  21.128688  105.580408   -4.7443  -15.1487
   208  2190  2870  551750.00  2336440.00  21.128407  105.498360  -12.4820  -15.5846
   209  3984  2897  569690.00  2336170.00  21.125371  105.671106   -4.7179  -15.2049
   210  5985  2900  589700.00  2336140.00  21.124227  105.863783   -9.0599  -10.8895
   211  2250  2900  552350.00  2336140.00  21.125679  105.504129   -8.2857  -15.5521
   212  3531  2918  565160.00  2335960.00  21.123641  105.627476  -10.8461  -18.6825
   213  4404  2921  573890.00  2335930.00  21.123038  105.711539   -9.5997  -14.7321
   214  4011  2939  569960.00  2335750.00  21.121566  105.673689   -4.2134  -14.3475
   215  3549  2957  565340.00  2335570.00  21.120111  105.629195  -10.4188  -14.9347
   216  4698  2963  576830.00  2335510.00  21.119122  105.739829  -12.5660  -21.9245
   217  2031  2966  550160.00  2335480.00  21.119777  105.483020  -12.5043  -15.0347
   218   780  2969  537650.00  2335450.00  21.119807  105.362555  -12.3380  -14.2312
   219  1899  2969  548840.00  2335450.00  21.119542  105.470309  -12.3596  -15.2653
   220  3510  2978  564950.00  2335360.00  21.118227  105.625432  -10.3173  -14.4139
   221  4746  2978  577310.00  2335360.00  21.117746  105.744444   -6.6378  -17.0056
   222  4776  2987  577610.00  2335270.00  21.116921  105.747329  -12.6162  -20.6127
   223  3837  2996  568220.00  2335180.00  21.116482  105.656911  -12.1642  -19.9944
   224  4065  3002  570500.00  2335120.00  21.115853  105.678862   -9.1965  -17.3187
   225  1527  3008  545120.00  2335060.00  21.116114  105.434477  -11.2885  -16.9164
   226  5928  3011  589130.00  2335030.00  21.114227  105.858237  -14.0166  -17.1986
   227  3594  3011  565790.00  2335030.00  21.115216  105.633507  -10.9996  -12.5547
   228  3516  3014  565010.00  2335000.00  21.114973  105.625996   -9.4175  -19.1597
   229  5937  3023  589220.00  2334910.00  21.113138  105.859097   -7.9757  -20.3555
   230  5937  3026  589220.00  2334880.00  21.112867  105.859096   -8.8679  -18.0624
   231  1410  3026  543950.00  2334880.00  21.114516  105.423206   -9.2207  -15.1389
   232  3555  3038  565400.00  2334760.00  21.112790  105.629742  -10.8860  -12.9912
   233  1359  3041  543440.00  2334730.00  21.113173  105.418292   -7.5701  -15.9331
   234  3918  3047  569030.00  2334670.00  21.111844  105.664690   -7.1589  -15.7063
   235  3510  3047  564950.00  2334670.00  21.111993  105.625405  -12.4657  -14.1499
   236   777  3071  537620.00  2334430.00  21.110591  105.362244   -9.5712  -14.5682
   237  1122  3077  541070.00  2334370.00  21.109975  105.395462  -10.6023  -15.4716
   238  5568  3077  585530.00  2334370.00  21.108436  105.823542   -8.2060  -14.3828
   239  3633  3086  566180.00  2334280.00  21.108425  105.637234   -9.2043  -15.1156
   240  3579  3101  565640.00  2334130.00  21.107090  105.632029  -13.2289  -15.7345
   241  4254  3107  572390.00  2334070.00  21.106293  105.697016   -9.0954  -13.5413
   242  5631  3113  586160.00  2334010.00  21.105154  105.829590   -3.6808  -12.3272
   243  3825  3122  568100.00  2333920.00  21.105102  105.655706   -8.2054  -17.1125
   244  3633  3122  566180.00  2333920.00  21.105173  105.637220   -9.6157  -13.6759
   245  5496  3134  584810.00  2333800.00  21.103320  105.816582   -8.4257  -16.1265
   246  5736  3143  587210.00  2333710.00  21.102394  105.839684   -9.1448  -16.4535
   247  5547  3146  585320.00  2333680.00  21.102212  105.821486   -9.0776  -12.1798
   248  1650  3146  546350.00  2333680.00  21.103614  105.446284   -0.7343   -7.2839
   249  3786  3164  567710.00  2333500.00  21.101322  105.651934   -9.7292  -12.9584
   250  3618  3170  566030.00  2333440.00  21.100842  105.635757  -10.6438  -14.8925
   251  6576  3182  595610.00  2333320.00  21.098451  105.920532   -5.8142  -17.2692
   252  3711  3182  566960.00  2333320.00  21.099724  105.644706   -6.0318  -13.9618
   253  1545  3182  545300.00  2333320.00  21.100388  105.436164  -10.7014  -15.9157
   254  2286  3182  552710.00  2333320.00  21.100190  105.507509   -7.1233  -11.9121
   255  1299  3185  542840.00  2333290.00  21.100176  105.412478  -10.2450  -13.9681
   256  1680  3185  546650.00  2333290.00  21.100083  105.449162  -11.3376  -15.3855
   257   363  3185  533480.00  2333290.00  21.100372  105.322358   -6.3652  -14.3526
   258  3729  3188  567140.00  2333260.00  21.099175  105.646437   -9.5276  -13.8888
   259  1452  3191  544370.00  2333230.00  21.099598  105.427208   -6.7047  -15.9559
   260  1665  3194  546500.00  2333200.00  21.099274  105.447715  -10.5880  -12.8509
   261  3621  3197  566060.00  2333170.00  21.098401  105.636035  -11.0025  -17.0071
   262  6288  3197  592730.00  2333170.00  21.097244  105.892798  -14.8410  -14.2147
   263  6315  3203  593000.00  2333110.00  21.096688  105.895394   -5.2912  -15.5793
   264  3711  3212  566960.00  2333020.00  21.097013  105.644695   -9.8632  -17.3497
   265  3921  3221  569060.00  2332930.00  21.096122  105.664909  -14.9658  -13.9898
   266  3156  3245  561410.00  2332690.00  21.094226  105.591249   -6.2064  -12.1717
   267  5685  3248  586700.00  2332660.00  21.092932  105.834721  -12.4840  -17.1634
   268  5709  3257  586940.00  2332570.00  21.092107  105.837027   -6.8579  -10.6163
   269  3609  3263  565940.00  2332510.00  21.092442  105.634855   -7.5212  -15.3107
   270  1896  3278  548810.00  2332360.00  21.091624  105.469932   -7.6490  -12.5963
   271  1821  3299  548060.00  2332150.00  21.089746  105.462705   -9.0535  -21.2481
   272  4617  3320  576020.00  2331940.00  21.086901  105.731872   -6.0794  -12.0684
   273   297  3353  532820.00  2331610.00  21.085204  105.315972  -11.8723  -12.8652
   274  5130  3356  581150.00  2331580.00  21.083429  105.781240  -10.8963  -11.5126
   275  2283  3359  552680.00  2331550.00  21.084198  105.507165   -7.7388   -9.8322
   276  4758  3365  577430.00  2331490.00  21.082777  105.745425   -9.6341  -14.1389
   277  6474  3365  594590.00  2331490.00  21.081971  105.910612   -8.1230  -16.2394
   278  5610  3374  585950.00  2331400.00  21.081584  105.827437   -6.2579  -12.5193
   279  2316  3383  553010.00  2331310.00  21.082020  105.510335  -11.2036  -14.7394
   280  4479  3395  574640.00  2331190.00  21.080182  105.718554   -6.1941  -10.6655
   281  4797  3401  577820.00  2331130.00  21.079508  105.749163   -9.6263  -11.7121
   282  1632  3404  546170.00  2331100.00  21.080308  105.444481   -8.8947  -19.0339
   283  4827  3413  578120.00  2331010.00  21.078411  105.752046  -12.4623  -17.1648
   284  3228  3416  562130.00  2330980.00  21.078752  105.598119   -8.3276  -13.8520
   285  4695  3416  576800.00  2330980.00  21.078195  105.739338   -9.7062  -15.8699
   286  4968  3425  579530.00  2330890.00  21.077266  105.765613   -7.2165   -8.8449
   287  4809  3428  577940.00  2330860.00  21.077063  105.750306   -9.9086  -14.1292
   288  4740  3428  577250.00  2330860.00  21.077092  105.743664   -9.7068  -14.9733
   289  5100  3434  580850.00  2330800.00  21.076395  105.778315   -8.7016  -12.2009
   290  4503  3434  574880.00  2330800.00  21.076649  105.720848   -9.3603  -12.9618
   291  4806  3437  577910.00  2330770.00  21.076251  105.750013   -8.7086  -15.5122
   292  4827  3437  578120.00  2330770.00  21.076242  105.752035   -8.4589  -14.2820
   293  4824  3437  578090.00  2330770.00  21.076244  105.751746  -12.6447  -17.4690
   294  4776  3440  577610.00  2330740.00  21.075993  105.747124  -10.7987  -15.3691
   295  4974  3443  579590.00  2330710.00  21.075637  105.766182   -9.4677  -13.4987
   296  5667  3443  586520.00  2330710.00  21.075323  105.832890  -10.3932  -15.7883
   297  3768  3449  567530.00  2330650.00  21.075579  105.650089   -6.3556  -14.5253
   298  4815  3452  578000.00  2330620.00  21.074892  105.750873   -9.0898  -16.9686
   299  6285  3455  592700.00  2330590.00  21.073936  105.892370   -8.6774  -15.3086
   300  4860  3458  578450.00  2330560.00  21.074331  105.755202  -10.2666  -14.6759
   301  4713  3461  576980.00  2330530.00  21.074122  105.741050   -9.9851  -16.9356
   302  3996  3476  569810.00  2330380.00  21.073054  105.672026   -8.3224  -12.8779
   303  5730  3482  587150.00  2330320.00  21.071769  105.838934   -2.7754   -9.8918
   304  2055  3485  550400.00  2330290.00  21.072878  105.485179   -9.9971  -15.5624
   305  1671  3485  546560.00  2330290.00  21.072980  105.448214  -16.5921  -24.3562
   306  6297  3488  592820.00  2330260.00  21.070949  105.893507  -17.1069  -14.2451
   307  4728  3491  577130.00  2330230.00  21.071406  105.742481   -9.7662  -16.7533
   308  1494  3494  544790.00  2330200.00  21.072210  105.431173   -7.4519  -14.2808
   309  4818  3509  578030.00  2330050.00  21.069741  105.751136   -8.4368  -19.7342
   310  6996  3509  599810.00  2330050.00  21.068684  105.960776  -10.8339  -19.8702
   311  3801  3518  567860.00  2329960.00  21.069333  105.653239   -7.6431  -16.2673
   312  3630  3518  566150.00  2329960.00  21.069395  105.636778   -6.1433  -13.8558
   313  4905  3521  578900.00  2329930.00  21.068620  105.759505   -6.6840  -14.4710
   314  3921  3521  569060.00  2329930.00  21.069017  105.664788   -9.8731  -22.0235
   315  2253  3527  552380.00  2329870.00  21.069028  105.504226   -6.2934  -18.9002
   316  4863  3545  578480.00  2329690.00  21.066469  105.755451   -8.7731  -14.0721
   317  2148  3554  551330.00  2329600.00  21.066618  105.494111   -9.0108  -17.0040
   318  6942  3554  599270.00  2329600.00  21.064648  105.955552   -8.3753  -15.3569
   319  4767  3557  577520.00  2329570.00  21.065426  105.746205   -8.5764  -14.8602
   320  7389  3572  603740.00  2329420.00  21.062774  105.998564  -10.6197  -11.2918
   321  4593  3575  575780.00  2329390.00  21.063873  105.729449   -7.9179  -15.5376
   322  1770  3575  547550.00  2329390.00  21.064822  105.457719  -10.5977  -14.7711
   323  7329  3578  603140.00  2329360.00  21.062266  105.992785   -5.6222   -9.5084
   324  7440  3581  604250.00  2329330.00  21.061932  106.003467  -10.1513  -15.6574
   325  4644  3587  576290.00  2329270.00  21.062767  105.734353   -9.9017  -13.8065
   326  5817  3605  588020.00  2329090.00  21.060615  105.847245   -4.8854  -10.1002
   327  3762  3608  567470.00  2329060.00  21.061216  105.649449   -8.6266  -17.0069
   328  7383  3611  603680.00  2329030.00  21.059255  105.997963   -9.6325  -17.6431
   329  6999  3614  599840.00  2329000.00  21.059197  105.961003  -11.9778  -13.6055
   330  7419  3623  604040.00  2328910.00  21.058150  106.001420   -8.2004  -14.9524
   331  6879  3641  598640.00  2328730.00  21.056822  105.949439   -9.8269  -13.6058
   332  7437  3644  604220.00  2328700.00  21.056243  106.003140   -7.1664  -16.5178
   333  4683  3659  576680.00  2328550.00  21.056246  105.738074   -9.6313  -12.9057
   334  4668  3659  576530.00  2328550.00  21.056252  105.736631   -5.1373  -16.3546
   335  7452  3662  604370.00  2328520.00  21.054608  106.004572   -5.7684  -13.6773
   336  7380  3662  603650.00  2328520.00  21.054649  105.997643   -9.0178  -17.9568
   337  7068  3665  600530.00  2328490.00  21.054551  105.967614  -10.8392  -19.1482
   338  2652  3671  556370.00  2328430.00  21.055899  105.542587  -13.7285  -17.0738
   339  2874  3677  558590.00  2328370.00  21.055287  105.563952   -6.3428  -11.7581
   340  2649  3677  556340.00  2328370.00  21.055357  105.542296   -8.3489  -14.5498
   341  6777  3692  597620.00  2328220.00  21.052269  105.939593   -9.5924  -15.9695
   342  7257  3692  602420.00  2328220.00  21.052008  105.985788   -9.3414  -13.2158
   343  2214  3707  551990.00  2328070.00  21.052775  105.500418  -14.6177  -13.1062
   344  2553  3707  555380.00  2328070.00  21.052676  105.533046  -11.0912  -12.8287
   345  6999  3710  599840.00  2328040.00  21.050524  105.960948  -10.3712  -13.0300
   346  4986  3710  579710.00  2328040.00  21.051509  105.767214   -9.9465  -13.4675
   347  2709  3713  556940.00  2328010.00  21.052086  105.548059   -6.9744  -16.7440
   348  1218  3719  542030.00  2327950.00  21.051946  105.404549   -7.1092  -12.6937
   349  7509  3725  604940.00  2327890.00  21.048884  106.010020   -7.4443  -15.2746
   350  6699  3725  596840.00  2327890.00  21.049329  105.932068   -8.9843  -11.9948
   351  1191  3728  541760.00  2327860.00  21.051139  105.401948  -10.4974  -15.4621
   352  7524  3728  605090.00  2327860.00  21.048604  106.011461  -10.8782  -15.6345
   353  4866  3734  578510.00  2327800.00  21.049392  105.755653  -10.5946  -12.1279
   354  6801  3743  597860.00  2327710.00  21.047649  105.941874   -2.5272  -10.2733
   355  4638  3746  576230.00  2327680.00  21.048404  105.733705   -5.1105  -10.5023
   356  4638  3749  576230.00  2327650.00  21.048133  105.733703   -4.8034   -7.2623
   357  3027  3752  560120.00  2327620.00  21.048461  105.578653  -12.3394  -13.5478
   358  2211  3752  551960.00  2327620.00  21.048710  105.500115   -7.9471  -16.8639
   359  3972  3752  569570.00  2327620.00  21.048127  105.669604  -10.5692  -17.6325
   360  3954  3755  569390.00  2327590.00  21.047863  105.667870   -8.8541  -14.1179
   361  1626  3755  546110.00  2327590.00  21.048596  105.443810  -10.1177  -13.7853
   362  4623  3758  576080.00  2327560.00  21.047326  105.732256  -11.5698  -16.1673
   363   345  3776  533300.00  2327380.00  21.046975  105.320511   -9.9517  -14.7145
   364  3912  3785  568970.00  2327290.00  21.045168  105.663816  -11.6121  -19.3166
   365  2388  3791  553730.00  2327230.00  21.045136  105.517139   -8.5837  -13.0294
   366  2655  3791  556400.00  2327230.00  21.045055  105.542836   -6.6587  -13.1243
   367  7179  3794  601640.00  2327200.00  21.042836  105.978221  -10.7827  -18.0175
   368  5931  3815  589160.00  2326990.00  21.041588  105.858109   -4.6850  -13.0898
   369  7128  3818  601130.00  2326960.00  21.040696  105.973299  -11.5569  -16.6895
   370  1599  3821  545840.00  2326930.00  21.042639  105.441193   -8.2909  -17.0368
   371  7113  3848  600980.00  2326660.00  21.037994  105.971838  -12.5103  -15.1813
   372   459  3872  534440.00  2326420.00  21.038280  105.331464   -9.7358  -16.6943
   373  1308  3893  542930.00  2326210.00  21.036204  105.413168   -8.2308  -15.1588
   374  7392  3899  603770.00  2326150.00  21.033231  105.998655   -8.3255  -16.4588
   375  3765  3899  567500.00  2326150.00  21.034923  105.649624  -10.6466  -16.5306
   376  7392  3902  603770.00  2326120.00  21.032960  105.998654   -8.1035  -16.7749
   377  1362  3902  543470.00  2326120.00  21.035378  105.418363  -10.2114  -16.8508
   378  3747  3920  567320.00  2325940.00  21.033032  105.647883   -8.9288  -14.6385
   379  7119  3932  601040.00  2325820.00  21.030402  105.972366   -8.6276  -16.9035
   380  4047  3932  570320.00  2325820.00  21.031835  105.676749   -6.0205  -17.2091
   381  4266  3947  572510.00  2325670.00  21.030395  105.697818   -8.6673  -11.1326
   382  3807  3947  567920.00  2325670.00  21.030570  105.653647   -8.3908  -13.5697
   383  4617  3950  576020.00  2325640.00  21.029982  105.731594   -9.2703  -11.8975
   384  2145  3953  551300.00  2325610.00  21.030568  105.493703   -5.3877  -18.3888
   385  7131  3953  601160.00  2325610.00  21.028498  105.973508  -10.2924  -16.3611
   386  1308  3968  542930.00  2325460.00  21.029427  105.413150   -6.9784  -16.6840
   387  3741  3974  567260.00  2325400.00  21.028155  105.647285  -12.0361  -18.2035
   388   189  3977  531740.00  2325370.00  21.028842  105.305459  -11.5619  -13.1879
   389  4665  3980  576500.00  2325340.00  21.027252  105.736199  -10.3472  -14.4180
   390  5157  3986  581420.00  2325280.00  21.026498  105.783541   -6.9116  -12.5652
   391  4218  3995  572030.00  2325190.00  21.026077  105.693178   -5.0817  -13.8188
   392  5148  3995  581330.00  2325190.00  21.025689  105.782671   -8.2414  -11.0744
   393  1743  4001  547280.00  2325130.00  21.026339  105.455003  -11.4912  -14.1569
   394  3792  4004  567770.00  2325100.00  21.025426  105.652181   -5.9842  -13.9887
   395  6417  4007  594020.00  2325070.00  21.023999  105.904774   -6.0802  -10.9463
   396  3975  4019  569600.00  2324950.00  21.024002  105.669785   -9.8821  -12.7482
   397  7275  4049  602600.00  2324650.00  21.019745  105.987308  -10.7603  -15.5511
   398  7260  4055  602450.00  2324590.00  21.019212  105.985861   -8.5978  -14.7401
   399  7230  4058  602150.00  2324560.00  21.018957  105.982972   -4.4749   -8.3996
   400  4083  4064  570680.00  2324500.00  21.019895  105.680159  -12.5676  -16.6386
   401  2766  4064  557510.00  2324500.00  21.020355  105.553428   -5.3088  -15.1735
   402  7170  4076  601550.00  2324380.00  21.017364  105.977189   -5.1038  -13.3334
   403  3972  4079  569570.00  2324350.00  21.018582  105.669472   -9.9529  -15.2549
   404  7329  4085  603140.00  2324290.00  21.016463  105.992482   -7.5900  -14.1817
   405  1764  4091  547490.00  2324230.00  21.018202  105.456999   -9.0193  -14.8758
   406  5235  4121  582200.00  2323930.00  21.014266  105.790982   -4.0917  -13.9171
   407  6663  4124  596480.00  2323900.00  21.013301  105.928380   -9.3724  -20.5335
   408  3975  4136  569600.00  2323780.00  21.013431  105.669738  -10.4091  -18.6127
   409  6624  4136  596090.00  2323780.00  21.012237  105.924621   -6.9390  -12.5547
   410  3987  4139  569720.00  2323750.00  21.013156  105.670891   -7.1539  -12.1125
   411  3966  4142  569510.00  2323720.00  21.012893  105.668869  -12.9997  -14.7618
   412  4140  4145  571250.00  2323690.00  21.012555  105.685611   -8.4010  -18.7731
   413  2316  4172  553010.00  2323420.00  21.010732  105.510092   -6.8950  -17.0286
   414  4140  4175  571250.00  2323390.00  21.009845  105.685598  -11.2662  -19.0244
   415  4143  4181  571280.00  2323330.00  21.009301  105.685884  -10.8153  -16.4184
   416  4098  4196  570830.00  2323180.00  21.007963  105.681548   -9.2382  -11.9244
   417  4257  4199  572420.00  2323150.00  21.007630  105.696846  -10.7496  -17.8556
   418  4113  4202  570980.00  2323120.00  21.007416  105.682989   -9.0267  -18.4500
   419  7038  4205  600230.00  2323090.00  21.005782  105.964413   -7.1759  -12.6139
   420  2487  4208  554720.00  2323060.00  21.007429  105.526535   -9.0646  -18.9954
   421  4248  4217  572330.00  2322970.00  21.006008  105.695972   -8.6813  -15.6990
   422  4278  4223  572630.00  2322910.00  21.005454  105.698856   -6.4235  -14.9890
   423  4986  4259  579710.00  2322550.00  21.001908  105.766960  -10.0562  -14.4527
   424  6774  4274  597590.00  2322400.00  20.999691  105.938975   -8.1965  -13.6212
   425  4170  4277  571550.00  2322370.00  21.000617  105.688442   -7.8467  -17.7535
   426  3981  4298  569660.00  2322160.00  20.998792  105.670250  -10.7127  -12.2188
   427  3936  4301  569210.00  2322130.00  20.998538  105.665919  -11.7520  -21.9177
   428  6729  4304  597140.00  2322100.00  20.997004  105.934629  -11.0762  -20.1398
   429  6675  4316  596600.00  2321980.00  20.995949  105.929427   -9.8181  -11.2656
   430  2220  4328  552050.00  2321860.00  20.996665  105.500808   -7.7705  -17.3042
   431  5163  4334  581480.00  2321800.00  20.995054  105.783954   -5.1207  -10.4099
   432  4668  4343  576530.00  2321710.00  20.994454  105.736327   -6.8783  -13.1276
   433  4200  4346  571850.00  2321680.00  20.994371  105.691300   -3.1508  -16.4391
   434  4035  4346  570200.00  2321680.00  20.994435  105.675426   -8.3694  -13.0511
   435  4533  4349  575180.00  2321650.00  20.993967  105.723336   -8.5442  -11.8403
   436  4044  4358  570290.00  2321560.00  20.993347  105.676287  -10.8440  -15.0568
   437  6237  4364  592220.00  2321500.00  20.991837  105.887263   -9.1652  -13.3997
   438  4902  4385  578870.00  2321290.00  20.990560  105.758821   -6.3956  -11.8921
   439  4899  4388  578840.00  2321260.00  20.990290  105.758531   -9.6429  -14.2869
   440  4014  4397  569990.00  2321170.00  20.989835  105.673385   -9.8317  -15.8536
   441  3975  4409  569600.00  2321050.00  20.988766  105.669628  -11.0301  -16.7441
   442  3705  4421  566900.00  2320930.00  20.987782  105.643647   -8.7128  -19.7201
   443  4062  4439  570470.00  2320750.00  20.986022  105.677985   -8.0476  -14.8672
   444  4773  4448  577580.00  2320660.00  20.984923  105.746382   -9.0762  -19.8139
   445  4323  4478  573080.00  2320360.00  20.982397  105.703078  -10.9551  -13.0640
   446  4116  4487  571010.00  2320270.00  20.981665  105.683161   -9.5615  -12.7118
   447  4944  4490  579290.00  2320240.00  20.981056  105.762813   -8.5465  -16.0981
   448  3729  4490  567140.00  2320240.00  20.981539  105.645929   -8.8645  -15.1614
   449  4038  4493  570230.00  2320210.00  20.981152  105.675654   -7.5523  -11.2377
   450  4140  4517  571250.00  2319970.00  20.978945  105.685457   -8.8446  -14.3098
   451  3999  4517  569840.00  2319970.00  20.978999  105.671893   -7.2989  -12.4886
   452  4425  4550  574100.00  2319640.00  20.975851  105.712860   -5.9385  -18.0785
   453  4407  4577  573920.00  2319370.00  20.973419  105.711117   -8.9790  -12.5160
   454  4176  4598  571610.00  2319160.00  20.971612  105.688887   -8.0456  -14.7060
   455  4335  4625  573200.00  2318890.00  20.969111  105.704170   -8.9774  -18.1484
   456  4362  4640  573470.00  2318740.00  20.967745  105.706761  -10.5930  -14.7182
   457  5382  4670  583670.00  2318440.00  20.964599  105.804861   -7.7318  -15.6406
   458  4686  4703  576710.00  2318110.00  20.961920  105.737899  -14.0279  -12.5597
   459  4680  4709  576650.00  2318050.00  20.961381  105.737319   -6.6241  -11.6190
   460  2526  4715  555110.00  2317990.00  20.961609  105.530126  -10.3174  -14.5939
   461  4344  4718  573290.00  2317960.00  20.960704  105.704997   -7.7548  -12.9596
   462  3345  4718  563300.00  2317960.00  20.961075  105.608904   -8.7673  -13.1705
   463  2511  4721  554960.00  2317930.00  20.961071  105.528681  -11.5654  -17.7503
   464  4524  4730  575090.00  2317840.00  20.959548  105.722305   -7.3886  -12.4758
   465  5664  4766  586490.00  2317480.00  20.955795  105.831938   -7.1622  -13.0935
   466  4590  4772  575750.00  2317420.00  20.955726  105.728635   -7.5442  -13.3895
   467  2898  4775  558830.00  2317390.00  20.956073  105.565888  -13.1679  -15.3509
   468  2865  4778  558500.00  2317360.00  20.955812  105.562713   -9.2630  -16.7984
   469  5235  4802  582200.00  2317120.00  20.952739  105.790659  -10.6799  -18.7770
   470  2595  4826  555800.00  2316880.00  20.951559  105.536727   -8.6854  -12.8598
   471  4599  4826  575840.00  2316880.00  20.950843  105.729477  -10.4986  -17.6432
   472  5727  4829  587120.00  2316850.00  20.950074  105.837965   -9.3545  -16.1663
   473  4614  4847  575990.00  2316670.00  20.948940  105.730910   -9.9092  -17.3571
   474  6123  4877  591080.00  2316370.00  20.945546  105.876026  -12.7452  -16.8869
   475  6147  4877  591320.00  2316370.00  20.945534  105.878334  -10.6135  -17.5945
   476  6294  4886  592790.00  2316280.00  20.944648  105.892467   -8.6691  -15.6353
   477  6306  4895  592910.00  2316190.00  20.943828  105.893616  -11.6290  -17.1275
   478  6237  4934  592220.00  2315800.00  20.940340  105.886960   -6.0471  -17.8155
   479  6273  4946  592580.00  2315680.00  20.939237  105.890415   -9.5784  -15.4041
   480  4461  4949  574460.00  2315650.00  20.939787  105.716151   -7.5503  -14.4043
   481  4506  4958  574910.00  2315560.00  20.938955  105.720475   -8.3843  -14.6091
   482  6084  4961  590690.00  2315530.00  20.937976  105.872231   -8.2874  -12.7254
   483  6057  4964  590420.00  2315500.00  20.937718  105.869633  -11.2535  -17.1003
   484  6393  4991  593780.00  2315230.00  20.935111  105.901931   -8.6097  -11.7266
   485  2706  4994  556910.00  2315200.00  20.936346  105.547348   -7.1551  -12.7250
   486  4380  5018  573650.00  2314960.00  20.933585  105.708332  -10.2443  -12.8154
   487  6234  5024  592190.00  2314900.00  20.932210  105.886623   -6.5610  -16.9674
   488  6258  5027  592430.00  2314870.00  20.931927  105.888930   -7.2711  -16.2390
   489  4398  5048  573830.00  2314660.00  20.930867  105.710050  -10.6142  -13.9080
   490  3510  5078  564950.00  2314360.00  20.928491  105.624641  -13.1179  -14.5872
   491  3489  5099  564740.00  2314150.00  20.926601  105.622613  -12.4058  -17.8853
   492  4740  5126  577250.00  2313880.00  20.923680  105.742905   -7.7554  -12.8942
   493  4116  5132  571010.00  2313820.00  20.923388  105.682896  -15.0086  -21.2797
   494  4200  5138  571850.00  2313760.00  20.922814  105.690971   -7.1524  -15.5579
   495  4383  5138  573680.00  2313760.00  20.922742  105.708569  -10.2504  -17.2423
   496  5799  5147  587840.00  2313670.00  20.921309  105.844729   -6.5026  -13.3867
   497  3177  5195  561620.00  2313190.00  20.918034  105.592575   -7.8040  -12.5653
   498  5655  5210  586400.00  2313040.00  20.915685  105.830851   -7.9613  -13.1493
   499  6354  5249  593390.00  2312650.00  20.911822  105.898042   -8.0822  -15.2180
   500  4638  5252  576230.00  2312620.00  20.912338  105.733041  -11.4961  -19.7126
   501  4581  5288  575660.00  2312260.00  20.909109  105.727544  -12.9208  -16.5580
   502  4533  5303  575180.00  2312110.00  20.907774  105.722922   -8.6835  -15.0783
   503  3603  5312  565880.00  2312020.00  20.907315  105.633495   -8.0657  -16.8219
   504  4287  5381  572720.00  2311330.00  20.900825  105.699236   -3.9284  -14.8672
   505  2880  5462  558650.00  2310520.00  20.894006  105.563925  -13.6279  -17.9478
   506  4599  5546  575840.00  2309680.00  20.885791  105.729162  -13.9148  -20.2661
   507  4599  5567  575840.00  2309470.00  20.883894  105.729153  -14.1556  -17.1282
   508  4623  5573  576080.00  2309410.00  20.883342  105.731458  -12.1918  -20.8049
   509  6156  5588  591410.00  2309260.00  20.881293  105.878825  -12.0739  -23.1823
   510  4659  5597  576440.00  2309170.00  20.881159  105.734908   -9.3065  -15.9531
   511  4617  5606  576020.00  2309080.00  20.880363  105.730867  -10.2588  -15.3569
   512  6255  5612  592400.00  2309020.00  20.879076  105.888330   -8.6717  -11.3596
   513  6222  5615  592070.00  2308990.00  20.878821  105.885156   -7.5947  -19.1289
   514  3312  5651  562970.00  2308630.00  20.876787  105.605392   -8.8755  -18.2250
   515  6525  5657  595100.00  2308570.00  20.874873  105.914260   -9.2066  -18.4398
   516  6243  5699  592280.00  2308150.00  20.871221  105.887130   -3.2653   -8.2035
   517  6645  5705  596300.00  2308090.00  20.870475  105.925769   -7.8683  -18.7653
   518  6327  5717  593120.00  2307970.00  20.869553  105.895195  -10.0459  -16.7920
   519  6198  5735  591830.00  2307790.00  20.867991  105.882785   -5.7901  -15.9612
   520  6438  5789  594230.00  2307250.00  20.862992  105.905826   -7.9006  -13.5455
   521  3726  5792  567110.00  2307220.00  20.863902  105.645137  -12.1900  -12.8089
   522  6150  5792  591350.00  2307220.00  20.862865  105.878142   -4.8783  -16.9603
   523  3705  5795  566900.00  2307190.00  20.863639  105.643117   -9.5638  -16.9850
   524  6363  5798  593480.00  2307160.00  20.862217  105.898612   -5.0309  -17.6803
   525  3414  5831  563990.00  2306830.00  20.860489  105.615131   -5.4790  -11.5015
   526  6336  5846  593210.00  2306680.00  20.857894  105.895991   -9.7840  -15.2407
   527  3837  5861  568220.00  2306530.00  20.857627  105.655780   -6.7165  -14.7854
   528  3834  5864  568190.00  2306500.00  20.857357  105.655491   -6.9452  -11.3539
   529  6666  5873  596510.00  2306410.00  20.855286  105.927695  -11.5539  -14.8960
   530  4500  5876  574850.00  2306380.00  20.856016  105.719503  -10.5413  -14.4721
   531  3492  5885  564770.00  2306290.00  20.855583  105.622609   -8.5808  -13.0379
   532  4890  5903  578750.00  2306110.00  20.853415  105.756977   -8.7366  -15.2776
   533  5742  5906  587270.00  2306080.00  20.852762  105.838867   -9.3539  -15.4164
   534  3888  5909  568730.00  2306050.00  20.853272  105.660664   -8.8255  -14.9350
   535  4896  5915  578810.00  2305990.00  20.852328  105.757548   -8.0828  -13.5967
   536  4926  5954  579110.00  2305600.00  20.848792  105.760414  -10.9095  -18.1383
   537  5751  5993  587360.00  2305210.00  20.844898  105.839688   -9.5839  -13.8952
   538  3675  5999  566600.00  2305150.00  20.845218  105.640156   -8.7243  -11.6513
   539  3798  6005  567830.00  2305090.00  20.844631  105.651975   -5.4237  -11.7812
   540  4176  6059  571610.00  2304550.00  20.839610  105.688284   -9.6689  -16.1102
   541  4887  6068  578720.00  2304460.00  20.838508  105.756614  -12.0028  -20.2873
   542  5817  6068  588020.00  2304460.00  20.838090  105.845994   -6.0856  -15.3548
   543  4026  6086  570110.00  2304280.00  20.837228  105.673857  -10.8575  -12.6060
   544  6108  6101  590930.00  2304130.00  20.834969  105.873943    0.8962   -7.3143
   546  4131  6203  571160.00  2303110.00  20.826616  105.683901  -10.0019  -12.6765
   547  4032  6293  570170.00  2302210.00  20.818522  105.674350  -11.0922  -13.2229
   548  5907  6302  588920.00  2302120.00  20.816906  105.854524   -2.3507  -14.6319
   549  3978  6365  569630.00  2301490.00  20.812037  105.669132  -11.0834  -16.0668
   550  4635  6407  576200.00  2301070.00  20.807985  105.732247   -6.9096  -15.6168
   551  4881  6515  578660.00  2299990.00  20.798124  105.755836   -9.8843  -18.2507
   552  3972  6524  569570.00  2299900.00  20.797674  105.668492  -10.6970  -10.9864
   553  3975  6575  569600.00  2299390.00  20.793065  105.668760   -8.0142  -12.6973
   554  3882  6587  568670.00  2299270.00  20.792015  105.659820   -5.3013  -14.8916
   555  6723  6677  597080.00  2298370.00  20.782617  105.932726   -4.3624  -17.8738
   556  3975  6704  569600.00  2298100.00  20.781409  105.668709   -8.5840  -20.8002
   557  6936  6743  599210.00  2297710.00  20.776542  105.953151   -9.5256  -15.3883
   558  6687  6758  596720.00  2297560.00  20.775318  105.929223  -11.2717  -13.2372
   559  6987  6761  599720.00  2297530.00  20.774889  105.958040   -5.8292  -13.8642
   560  6942  6764  599270.00  2297500.00  20.774642  105.953716   -2.9770  -15.8690
   561  7032  6773  600170.00  2297410.00  20.773780  105.962356   -7.1001  -12.2420
   562  7035  6791  600200.00  2297230.00  20.772152  105.962634   -8.0849  -13.0746
   563  6882  6794  598670.00  2297200.00  20.771963  105.947935   -5.3185  -16.7353
   564  7056  6794  600410.00  2297200.00  20.771870  105.964650  -10.1790  -12.4657
   565  5856  6812  588410.00  2297020.00  20.770852  105.849365   -9.1987  -17.0009
   566  6426  6821  594110.00  2296930.00  20.769760  105.904116  -10.5472  -15.2166
   567  7035  6857  600200.00  2296570.00  20.766190  105.962596   -8.9949  -13.5562
   568  7044  6872  600290.00  2296420.00  20.764830  105.963452   -6.9928  -16.2260
   569  4044  6935  570290.00  2295790.00  20.760512  105.675245   -7.9822  -16.8218
   570  6639  6953  596240.00  2295610.00  20.757725  105.924505   -6.0333  -13.8252
   571  5850  7004  588350.00  2295100.00  20.753508  105.848692   -8.1467  -12.3178
   572  6237  7022  592220.00  2294920.00  20.751695  105.885855   -6.1158  -13.3590
   573  7047  7070  600320.00  2294440.00  20.746939  105.963627   -6.9310  -11.2676
   574  4284  7130  572690.00  2293840.00  20.742801  105.698219   -9.1171  -16.3964
   575  6345  7160  593300.00  2293540.00  20.739173  105.896155   -8.8578  -14.2212
   576  4548  7247  575330.00  2292670.00  20.732125  105.723525  -10.7166  -19.6998
   577  4473  7268  574580.00  2292460.00  20.730258  105.716313    6.1111    0.9142
   578  4239  7436  572240.00  2290780.00  20.715170  105.693771  -11.8673  -16.5393
   579  7149  7628  601340.00  2288860.00  20.696471  105.973101   -6.9116  -13.4315
   580  5019  7637  580040.00  2288770.00  20.696692  105.768583   -6.7706  -13.5869
   581  7221  7757  602060.00  2287570.00  20.684777  105.979940   -9.4283  -15.9091
   582  7269  7769  602540.00  2287450.00  20.683667  105.984541   -9.4465  -20.9334
   583  5073  7775  580580.00  2287390.00  20.684200  105.773705   -9.8819  -12.6251
   584  7191  7787  601760.00  2287270.00  20.682083  105.977042  -11.5502  -21.2995
   585  7209  7832  601940.00  2286820.00  20.678008  105.978744  -10.1343  -16.5047
   586  7095  7835  600800.00  2286790.00  20.677798  105.967798   -8.2631  -15.6039
   587  7092  7850  600770.00  2286640.00  20.676445  105.967502   -9.0129  -15.5317
   588  7179  7856  601640.00  2286580.00  20.675856  105.975850   -6.7469  -11.5242
   589  5064  7940  580490.00  2285740.00  20.669296  105.772765   -7.0267  -11.5878
   590  6012  8003  589970.00  2285110.00  20.663172  105.863741   -9.8355  -13.6871
   591  5160  8018  581450.00  2284960.00  20.662207  105.781945   -9.2789  -18.3348
   592  4416  8045  574010.00  2284690.00  20.660076  105.710512   -8.6964  -10.1461
   593  5202  8123  581870.00  2283910.00  20.652702  105.785928   -6.0683  -11.4568
   594  5310  8204  582950.00  2283100.00  20.645336  105.796257  -10.0004   -9.7528
   595  5142  8432  581270.00  2280820.00  20.624809  105.780027   -9.1038  -20.8408
   596  5145  8441  581300.00  2280730.00  20.623994  105.780310   -7.6357  -16.4299
