; ENVI Output of ROIs (5.2) [Tue Nov 26 22:27:04 2019]
; Number of ROIs: 1
; File Dimension: 7647 x 9116
;
; ROI name: EVF: Layer: crop.shp
; ROI rgb value: {255, 255, 0}
; ROI npts: 596
;   ID     X     Y      Map X       Map Y        Lat         Lon        B1        B2
     1  5361    86  583460.00  2364280.00  21.378753  105.805079   -8.6236  -15.0075
     2  5688   158  586730.00  2363560.00  21.372094  105.836583  -11.9991  -16.2378
     3  5196   167  581810.00  2363470.00  21.371511  105.789124  -10.4140  -15.2762
     4  5217   224  582020.00  2362900.00  21.366352  105.791122  -11.4889  -12.9796
     5  5253   245  582380.00  2362690.00  21.364438  105.794584  -10.1026  -18.5661
     6  5580   305  585650.00  2362090.00  21.358866  105.826091   -7.4147  -14.0420
     7  5508   362  584930.00  2361520.00  21.353750  105.819119   -9.5353  -16.6272
     8  5244   365  582290.00  2361490.00  21.353601  105.793658   -7.1553  -11.6884
     9  5373   368  583580.00  2361460.00  21.353271  105.806097   -9.0895  -17.7187
    10  5286   404  582710.00  2361100.00  21.350059  105.797689   -9.5675  -15.8919
    11  5538   533  585230.00  2359810.00  21.338287  105.821926  -10.2458  -17.2398
    12  5916   590  589010.00  2359240.00  21.332955  105.858346   -9.3617  -14.1290
    13  5910   602  588950.00  2359120.00  21.331874  105.857761   -9.7696  -18.1164
    14  5214   626  581990.00  2358880.00  21.330035  105.790638  -13.5727  -15.4975
    15  6006   743  589910.00  2357710.00  21.319088  105.866943   -7.9041  -16.9903
    16  5964   746  589490.00  2357680.00  21.318838  105.862892   -6.6285  -16.2914
    17  5529   800  585140.00  2357140.00  21.314170  105.820924   -8.2457  -16.1479
    18  5598   857  585830.00  2356570.00  21.308987  105.827548   -9.5937  -15.0360
    19  6051   860  590360.00  2356540.00  21.308496  105.871219   -7.5536  -16.0888
    20  5598   872  585830.00  2356420.00  21.307632  105.827540   -9.6059  -15.0093
    21  5952   905  589370.00  2356090.00  21.304480  105.861651  -11.0947  -10.2638
    25  6072   926  590570.00  2355880.00  21.302523  105.873209   -8.4161  -15.7744
    26  5505   953  584900.00  2355610.00  21.300358  105.818533  -10.5683  -13.2146
    27  5346   959  583310.00  2355550.00  21.299890  105.803202   -8.8539  -14.3988
    29  5904  1073  588890.00  2354410.00  21.289326  105.856936  -15.6964  -16.6829
    30  6267  1079  592520.00  2354350.00  21.288602  105.891924  -12.6072  -14.0427
    31  5844  1085  588290.00  2354290.00  21.288271  105.851146   -9.1066  -17.4976
    32  4719  1091  577040.00  2354230.00  21.288242  105.742696   -7.6098  -16.8449
    33  4857  1142  578420.00  2353720.00  21.283575  105.755976   -8.2876  -17.4824
    34  4701  1142  576860.00  2353720.00  21.283642  105.740938  -11.7955  -14.1274
    35  5514  1220  584990.00  2352940.00  21.276232  105.819267  -10.4333  -17.4972
    36  4695  1448  576800.00  2350660.00  21.255999  105.740222  -14.9630  -16.2521
    37  4956  1454  579410.00  2350600.00  21.255344  105.765373  -11.0866  -15.0191
    38  1479  1457  544640.00  2350570.00  21.256262  105.430260   -7.6736  -17.4053
    39  1515  1460  545000.00  2350540.00  21.255982  105.433729  -11.2118  -13.8952
    40  1497  1484  544820.00  2350300.00  21.253818  105.431988   -6.9030  -15.8244
    41  5646  1493  586310.00  2350210.00  21.251506  105.831852  -10.6166  -16.5165
    42  1518  1505  545030.00  2350090.00  21.251915  105.434007   -7.8175  -11.8456
    43  6135  1529  591200.00  2349850.00  21.248014  105.878958   -9.9522  -16.0791
    44   753  1553  537380.00  2349610.00  21.247752  105.360265  -14.0073  -15.6284
    45  6033  1634  590180.00  2348800.00  21.238579  105.869073  -11.2265  -15.6066
    46  1524  1655  545090.00  2348590.00  21.238361  105.434545  -11.5262  -16.0600
    47  5010  1661  579950.00  2348530.00  21.236619  105.770480   -8.9405  -16.9555
    48  3711  1697  566960.00  2348170.00  21.233892  105.645288  -10.4722  -18.2787
    49  3705  1700  566900.00  2348140.00  21.233623  105.644708   -8.4108  -11.4665
    50  1287  1703  542720.00  2348110.00  21.234081  105.411693   -8.2948  -15.0218
    51  1716  1724  547010.00  2347900.00  21.232078  105.453029   -7.4745  -13.3671
    52  1683  1739  546680.00  2347750.00  21.230731  105.449845   -9.4743  -13.6924
    53  3735  1754  567200.00  2347600.00  21.228733  105.647578   -7.1650  -16.6862
    54  6267  1772  592520.00  2347420.00  21.225994  105.891547  -11.7262  -13.6552
    55   822  1778  538070.00  2347360.00  21.227408  105.366865   -3.0390  -13.6471
    56   768  1787  537530.00  2347270.00  21.226606  105.361659   -8.4464  -18.9499
    57  1668  1790  546530.00  2347240.00  21.226127  105.448386   -7.0330  -14.7352
    58  1212  1826  541970.00  2346880.00  21.222985  105.404435   -9.1978  -17.1986
    59  1749  1862  547340.00  2346520.00  21.219601  105.456171   -7.4703  -16.3679
    60   996  1874  539810.00  2346400.00  21.218697  105.383610   -8.2344  -14.7418
    61  5595  1874  585800.00  2346400.00  21.217109  105.826745  -10.8816  -14.6503
    62  1695  1883  546800.00  2346310.00  21.217718  105.450962   -9.4686  -14.6072
    63  4962  1940  579470.00  2345740.00  21.211434  105.765725   -8.3925  -15.7655
    64  1344  1946  543290.00  2345680.00  21.212112  105.417125   -5.1710  -14.5587
    65  1779  1955  547640.00  2345590.00  21.211190  105.459036   -9.3569  -17.3850
    66  1743  1976  547280.00  2345380.00  21.209302  105.455561   -8.9384  -16.1717
    67  4590  1988  575750.00  2345260.00  21.207256  105.729862  -11.1547  -15.8973
    68  4716  1994  577010.00  2345200.00  21.206661  105.741999  -10.1281  -14.2240
    69  5760  2006  587450.00  2345080.00  21.205105  105.842575  -12.3163  -12.6973
    70   684  2021  536690.00  2344930.00  21.205481  105.353515  -10.4719  -16.3585
    71  5565  2021  585500.00  2344930.00  21.203842  105.823781  -13.3636  -18.6275
    72  1554  2042  545390.00  2344720.00  21.203387  105.437333   -9.7043  -15.8677
    73  3723  2045  567080.00  2344690.00  21.202446  105.646307  -12.2640  -16.2213
    74  1716  2075  547010.00  2344390.00  21.200365  105.452933  -10.0974  -15.6944
    75  1578  2075  545630.00  2344390.00  21.200400  105.439637   -9.5901  -15.9295
    76   771  2078  537560.00  2344360.00  21.200313  105.361884   -6.7998  -12.9161
    77  4626  2087  576110.00  2344270.00  21.198296  105.733286   -5.3652  -17.5453
    79   798  2096  537830.00  2344180.00  21.198681  105.364482   -6.3199  -13.9728
    80  1725  2096  547100.00  2344180.00  21.198465  105.453794   -7.0574  -15.1240
    81   783  2099  537680.00  2344150.00  21.198413  105.363036   -8.8745  -11.0570
    82   825  2111  538100.00  2344030.00  21.197320  105.367080   -9.3738  -14.5792
    83  1818  2114  548030.00  2344000.00  21.196814  105.462749   -6.3493  -14.6780
    84  4380  2123  573650.00  2343910.00  21.195145  105.709571   -7.4635  -13.9700
    85  1323  2141  543080.00  2343730.00  21.194499  105.415052   -8.2532  -13.2435
    86  4668  2150  576530.00  2343640.00  21.192587  105.737304   -7.7062  -12.1918
    87  1443  2153  544280.00  2343610.00  21.193386  105.426610   -8.5463  -12.5898
    88   921  2177  539060.00  2343370.00  21.191337  105.376314   -6.5304  -19.4880
    89  1401  2183  543860.00  2343310.00  21.190685  105.422556   -6.3441  -11.3957
    90  4695  2183  576800.00  2343310.00  21.189594  105.739890  -12.4751  -14.1925
    91  4680  2186  576650.00  2343280.00  21.189329  105.738444   -9.2558  -18.2710
    92  1713  2198  546980.00  2343160.00  21.189252  105.452610   -5.8121  -13.4296
    93  1839  2207  548240.00  2343070.00  21.188406  105.464746   -6.5891  -15.7169
    94  4302  2216  572870.00  2342980.00  21.186774  105.702017  -12.1887  -21.6771
    95  5787  2237  587720.00  2342770.00  21.184222  105.845058   -8.5799  -15.9716
    96  5649  2255  586340.00  2342590.00  21.182662  105.831755  -10.6842  -16.9913
    97  5577  2264  585620.00  2342500.00  21.181883  105.824815   -7.6399  -15.1804
    98   807  2264  537920.00  2342500.00  21.183500  105.365312   -9.5050  -19.8468
    99  4611  2267  575960.00  2342470.00  21.182040  105.731761   -7.6743  -13.0525
   100  1233  2267  542180.00  2342470.00  21.183135  105.406350  -11.0218  -16.2652
   101  4788  2270  577730.00  2342440.00  21.181694  105.748810   -8.5965  -15.8024
   102  3561  2291  565460.00  2342230.00  21.180279  105.630605   -7.2090  -16.0965
   103  1224  2300  542090.00  2342140.00  21.180156  105.405475   -6.0971  -12.2846
   104  4827  2300  578120.00  2342140.00  21.178967  105.752553  -10.0279  -17.4804
   105  4713  2303  576980.00  2342110.00  21.178745  105.741570   -9.6281  -18.2089
   106  4845  2303  578300.00  2342110.00  21.178688  105.754285   -7.6786  -15.6922
   107  4707  2309  576920.00  2342050.00  21.178205  105.740990   -8.3466  -16.4953
   108  4788  2315  577730.00  2341990.00  21.177629  105.748789   -8.4499  -15.0928
   109  1197  2318  541820.00  2341960.00  21.178536  105.402869   -9.2530  -13.3214
   110  4842  2333  578270.00  2341810.00  21.175979  105.753983   -8.6913  -17.9019
   111   810  2336  537950.00  2341780.00  21.176994  105.365585   -9.9067  -16.2743
   112  1176  2342  541610.00  2341720.00  21.176372  105.400841   -4.3914   -9.2864
   113  1155  2342  541400.00  2341720.00  21.176377  105.398818   -2.3531  -14.1592
   114  4533  2378  575180.00  2341360.00  21.172044  105.724199   -8.8014  -14.7011
   115  4536  2384  575210.00  2341300.00  21.171501  105.724485   -6.7432  -15.5484
   116  3609  2399  565940.00  2341150.00  21.170504  105.635187  -13.7710  -21.1518
   117  4758  2402  577430.00  2341120.00  21.169781  105.745860   -5.9500  -15.6754
   118  4674  2408  576590.00  2341060.00  21.169275  105.737767  -11.6846  -17.3614
   119  5190  2417  581750.00  2340970.00  21.168238  105.787463  -13.4176  -14.8038
   120  5061  2420  580460.00  2340940.00  21.168024  105.775037   -6.9507  -19.0556
   121  1047  2429  540320.00  2340850.00  21.168540  105.388393   -5.3578  -15.6590
   122  4809  2453  577940.00  2340610.00  21.165152  105.750749   -9.0384  -15.8893
   123  1239  2456  542240.00  2340580.00  21.166057  105.406881   -9.6314  -14.4404
   124  5034  2468  580190.00  2340460.00  21.163699  105.772414   -3.3378  -16.0445
   125  3054  2474  560390.00  2340400.00  21.163920  105.581701   -9.2545  -12.5242
   126  4176  2477  571610.00  2340370.00  21.163243  105.689770   -6.2797  -15.1628
   127  4476  2483  574610.00  2340310.00  21.162581  105.718662   -9.1379  -16.3703
   128  5589  2489  585740.00  2340250.00  21.161549  105.825858   -6.0056  -15.0566
   129  4788  2510  577730.00  2340040.00  21.160011  105.748701   -6.6689  -16.8427
   130  1089  2513  540740.00  2340010.00  21.160941  105.392419   -8.1921  -13.3427
   131  4764  2519  577490.00  2339950.00  21.159208  105.746385  -10.5729  -15.0468
   132  4866  2525  578510.00  2339890.00  21.158622  105.756206   -7.6618  -18.2853
   133  5664  2525  586490.00  2339890.00  21.158262  105.833064   -5.8737  -12.0207
   134  4575  2528  575600.00  2339860.00  21.158474  105.728178   -9.1020  -19.1628
   135  3807  2531  567920.00  2339830.00  21.158505  105.654207   -9.4146  -13.8846
   136  4491  2534  574760.00  2339800.00  21.157967  105.720085   -6.7687  -17.4271
   137  3900  2540  568850.00  2339740.00  21.157657  105.663161  -11.1753  -13.5240
   138  4734  2543  577190.00  2339710.00  21.157053  105.743485   -8.4107  -16.0644
   139  4740  2543  577250.00  2339710.00  21.157050  105.744063   -7.5895  -15.1564
   140  5475  2552  584600.00  2339620.00  21.155911  105.814847   -7.5560  -13.2773
   141  4728  2555  577130.00  2339590.00  21.155971  105.742902   -5.4875  -16.3349
   142  5694  2564  586790.00  2339500.00  21.154724  105.835933   -4.3281  -15.6268
   143  4899  2570  578840.00  2339440.00  21.154543  105.759364   -9.5476  -18.1641
   144  3924  2576  569090.00  2339380.00  21.154396  105.665458   -2.6295  -10.6481
   145  3897  2576  568820.00  2339380.00  21.154406  105.662857   -9.9895  -13.9451
   146  4860  2579  578450.00  2339350.00  21.153746  105.755604  -10.8068  -16.0819
   147  3237  2582  562220.00  2339320.00  21.154101  105.599288   -9.3127  -11.7332
   148  4761  2582  577460.00  2339320.00  21.153518  105.746068   -9.9045  -15.4018
   149  4422  2585  574070.00  2339290.00  21.153387  105.713417  -10.0625  -17.2984
   150  3873  2588  568580.00  2339260.00  21.153331  105.660541   -8.7170  -17.0265
   151  3627  2588  566120.00  2339260.00  21.153422  105.636848   -8.2267  -16.7801
   152  4761  2588  577460.00  2339260.00  21.152975  105.746065  -10.2371  -15.2356
   153  3615  2594  566000.00  2339200.00  21.152884  105.635690   -8.9098  -15.3106
   154  3984  2594  569690.00  2339200.00  21.152747  105.671229   -6.6794  -16.3617
   155  1701  2597  546860.00  2339170.00  21.153205  105.451344  -11.2708  -18.1106
   156  4731  2603  577160.00  2339110.00  21.151633  105.743169   -7.2915  -15.4127
   157  3342  2606  563270.00  2339080.00  21.151896  105.609392   -6.6564  -18.1010
   158  5532  2609  585170.00  2339050.00  21.150735  105.820309   -5.7827  -14.7702
   159  4143  2609  571280.00  2339050.00  21.151330  105.686536   -9.2600  -15.8176
   160  4212  2618  571970.00  2338960.00  21.150490  105.693178   -9.0838  -16.5377
   161  4224  2624  572090.00  2338900.00  21.149943  105.694331   -8.3594  -15.9074
   162   171  2624  531560.00  2338900.00  21.151094  105.303975  -11.4385  -14.5032
   163  3981  2636  569660.00  2338780.00  21.148953  105.670923   -7.9779  -18.3893
   164  4815  2642  578000.00  2338720.00  21.148074  105.751241   -6.2342  -15.7445
   165  2565  2642  555500.00  2338720.00  21.148897  105.534546   -8.8796  -21.0446
   166  5568  2645  585530.00  2338690.00  21.147465  105.823758   -5.5283  -13.3950
   167  3639  2654  566240.00  2338600.00  21.147454  105.637978  -10.6335  -15.3187
   168  3570  2657  565550.00  2338570.00  21.147208  105.631332  -12.6723  -16.4740
   169  4254  2663  572390.00  2338510.00  21.146408  105.697204  -10.2142  -16.7575
   170  3363  2666  563480.00  2338480.00  21.146468  105.611393   -8.9085  -16.5148
   171  3576  2666  565610.00  2338480.00  21.146393  105.631906  -10.4531  -18.2187
   172  3576  2669  565610.00  2338450.00  21.146122  105.631905  -11.2782  -15.2891
   173  3966  2672  569510.00  2338420.00  21.145706  105.669464  -11.0656  -24.4031
   174  4212  2672  571970.00  2338420.00  21.145611  105.693155   -8.3409  -15.8176
   175  3162  2675  561470.00  2338390.00  21.145724  105.592031   -6.3274  -17.4254
   176  4458  2675  574430.00  2338390.00  21.145241  105.716845   -6.5171  -16.5582
   177  3123  2678  561080.00  2338360.00  21.145466  105.588274   -5.5668  -18.0728
   178  3516  2678  565010.00  2338360.00  21.145330  105.626123  -11.8641  -15.4775
   179  1722  2681  547070.00  2338330.00  21.145610  105.453344  -11.2583  -18.4856
   180  5604  2681  585890.00  2338330.00  21.144196  105.827207   -8.2636  -14.9580
   181  3717  2684  567020.00  2338300.00  21.144715  105.645479   -9.4767  -19.9962
   182  1833  2687  548180.00  2338270.00  21.145039  105.464033  -10.8096  -19.8227
   183   171  2702  531560.00  2338120.00  21.144047  105.303961   -8.0961  -14.0521
   184  5064  2705  580490.00  2338090.00  21.142274  105.775192  -12.7779  -19.0326
   185  4515  2711  575000.00  2338030.00  21.141965  105.722319   -7.1195  -19.6376
   186   243  2720  532280.00  2337940.00  21.142408  105.310892   -9.7341  -13.9591
   187  3153  2726  561380.00  2337880.00  21.141119  105.591146   -9.9677  -21.2473
   188  3618  2738  566030.00  2337760.00  21.139873  105.635923   -7.2020  -15.1881
   189  4812  2744  577970.00  2337700.00  21.138860  105.750906   -8.1782  -15.6890
   190  3501  2747  564860.00  2337670.00  21.139101  105.624652   -8.1508  -13.7520
   191  5715  2768  587000.00  2337460.00  21.136283  105.837852  -10.4684  -12.8088
   192  3147  2774  561320.00  2337400.00  21.136784  105.590551   -9.0577  -15.0040
   193  1800  2780  547850.00  2337340.00  21.136645  105.460828  -14.0692  -19.1164
   194  1947  2780  549320.00  2337340.00  21.136606  105.474985   -7.8784  -16.6693
   195  4230  2783  572150.00  2337310.00  21.135575  105.694842   -8.2845  -14.1193
   196  4506  2789  574910.00  2337250.00  21.134922  105.721418  -14.0617  -14.9699
   197  6204  2789  591890.00  2337250.00  21.134147  105.884930  -11.4108  -16.9782
   198  5607  2792  585920.00  2337220.00  21.134166  105.827440   -8.6024  -12.9323
   199  6003  2807  589880.00  2337070.00  21.132620  105.865565   -7.3037  -15.5907
   200  4278  2810  572630.00  2337040.00  21.133117  105.699453  -10.4329  -15.0725
   201  5544  2822  585290.00  2336920.00  21.131485  105.821358   -5.4585  -12.3392
   202  2742  2831  557270.00  2336830.00  21.131766  105.551529   -9.0953  -15.9444
   203  1866  2840  548510.00  2336740.00  21.131206  105.467167   -7.9108  -11.3470
   204  4671  2852  576560.00  2336620.00  21.129162  105.737279   -5.5666  -12.4052
   205  2715  2855  557000.00  2336590.00  21.129606  105.548921   -6.8626  -23.4194
   206  3762  2861  567470.00  2336530.00  21.128707  105.649743  -10.4289  -20.5374
   207  3042  2864  560270.00  2336500.00  21.128688  105.580408   -7.6653  -14.3580
   208  2190  2870  551750.00  2336440.00  21.128407  105.498360   -8.2248  -13.0052
   209  3984  2897  569690.00  2336170.00  21.125371  105.671106   -4.9717  -15.7990
   210  5985  2900  589700.00  2336140.00  21.124227  105.863783  -10.0662  -14.7742
   211  2250  2900  552350.00  2336140.00  21.125679  105.504129  -11.0181  -14.7489
   212  3531  2918  565160.00  2335960.00  21.123641  105.627476  -10.3807  -15.7937
   213  4404  2921  573890.00  2335930.00  21.123038  105.711539  -11.1147  -17.1750
   214  4011  2939  569960.00  2335750.00  21.121566  105.673689   -6.5551  -14.7530
   215  3549  2957  565340.00  2335570.00  21.120111  105.629195   -7.0720  -12.1490
   216  4698  2963  576830.00  2335510.00  21.119122  105.739829  -11.2655  -17.6954
   217  2031  2966  550160.00  2335480.00  21.119777  105.483020   -8.8472  -14.6616
   218   780  2969  537650.00  2335450.00  21.119807  105.362555   -9.0487  -18.5469
   219  1899  2969  548840.00  2335450.00  21.119542  105.470309  -11.2574  -19.2694
   220  3510  2978  564950.00  2335360.00  21.118227  105.625432  -11.1392  -19.6393
   221  4746  2978  577310.00  2335360.00  21.117746  105.744444  -10.2355  -16.1845
   222  4776  2987  577610.00  2335270.00  21.116921  105.747329   -8.6115  -17.2959
   223  3837  2996  568220.00  2335180.00  21.116482  105.656911  -12.1740  -18.4679
   224  4065  3002  570500.00  2335120.00  21.115853  105.678862  -10.4024  -10.9737
   225  1527  3008  545120.00  2335060.00  21.116114  105.434477   -8.1516  -17.9852
   226  5928  3011  589130.00  2335030.00  21.114227  105.858237   -9.0547  -18.5133
   227  3594  3011  565790.00  2335030.00  21.115216  105.633507   -9.0401  -18.0517
   228  3516  3014  565010.00  2335000.00  21.114973  105.625996  -10.0359  -19.7164
   229  5937  3023  589220.00  2334910.00  21.113138  105.859097   -6.4753  -12.8916
   230  5937  3026  589220.00  2334880.00  21.112867  105.859096  -10.6639  -13.5057
   231  1410  3026  543950.00  2334880.00  21.114516  105.423206  -12.5276  -15.4463
   232  3555  3038  565400.00  2334760.00  21.112790  105.629742  -11.2450  -20.8515
   233  1359  3041  543440.00  2334730.00  21.113173  105.418292  -10.1072  -17.0874
   234  3918  3047  569030.00  2334670.00  21.111844  105.664690   -8.9594  -20.7950
   235  3510  3047  564950.00  2334670.00  21.111993  105.625405  -13.1560  -12.9282
   236   777  3071  537620.00  2334430.00  21.110591  105.362244   -9.1498  -16.5401
   237  1122  3077  541070.00  2334370.00  21.109975  105.395462   -8.9337  -19.5315
   238  5568  3077  585530.00  2334370.00  21.108436  105.823542   -8.6829  -17.0383
   239  3633  3086  566180.00  2334280.00  21.108425  105.637234  -10.4115  -15.7014
   240  3579  3101  565640.00  2334130.00  21.107090  105.632029   -9.1646  -14.8429
   241  4254  3107  572390.00  2334070.00  21.106293  105.697016   -8.0438  -14.6331
   242  5631  3113  586160.00  2334010.00  21.105154  105.829590   -7.8944  -17.6661
   243  3825  3122  568100.00  2333920.00  21.105102  105.655706   -9.4166  -13.9674
   244  3633  3122  566180.00  2333920.00  21.105173  105.637220   -7.2463  -14.6233
   245  5496  3134  584810.00  2333800.00  21.103320  105.816582   -9.7846  -15.9231
   246  5736  3143  587210.00  2333710.00  21.102394  105.839684  -10.0120  -15.3759
   247  5547  3146  585320.00  2333680.00  21.102212  105.821486   -9.5371  -19.5925
   248  1650  3146  546350.00  2333680.00  21.103614  105.446284    3.0690   -4.5976
   249  3786  3164  567710.00  2333500.00  21.101322  105.651934   -7.4368  -12.3355
   250  3618  3170  566030.00  2333440.00  21.100842  105.635757  -11.0915  -18.7161
   251  6576  3182  595610.00  2333320.00  21.098451  105.920532   -6.3205  -19.0910
   252  3711  3182  566960.00  2333320.00  21.099724  105.644706   -6.3522  -12.3359
   253  1545  3182  545300.00  2333320.00  21.100388  105.436164   -7.5733  -14.5040
   254  2286  3182  552710.00  2333320.00  21.100190  105.507509   -8.1838  -13.4130
   255  1299  3185  542840.00  2333290.00  21.100176  105.412478   -8.3313  -12.8182
   256  1680  3185  546650.00  2333290.00  21.100083  105.449162   -7.0245  -13.3809
   257   363  3185  533480.00  2333290.00  21.100372  105.322358   -7.7746  -15.3557
   258  3729  3188  567140.00  2333260.00  21.099175  105.646437   -9.0727  -14.8134
   259  1452  3191  544370.00  2333230.00  21.099598  105.427208   -8.6035  -15.0061
   260  1665  3194  546500.00  2333200.00  21.099274  105.447715  -10.1218  -13.8164
   261  3621  3197  566060.00  2333170.00  21.098401  105.636035  -12.5916  -24.4262
   262  6288  3197  592730.00  2333170.00  21.097244  105.892798   -8.8913  -14.4445
   263  6315  3203  593000.00  2333110.00  21.096688  105.895394   -6.9667  -15.5966
   264  3711  3212  566960.00  2333020.00  21.097013  105.644695  -10.3970  -15.1762
   265  3921  3221  569060.00  2332930.00  21.096122  105.664909  -11.6293  -18.2773
   266  3156  3245  561410.00  2332690.00  21.094226  105.591249   -8.0758  -12.5849
   267  5685  3248  586700.00  2332660.00  21.092932  105.834721   -8.9217  -15.4518
   268  5709  3257  586940.00  2332570.00  21.092107  105.837027   -7.5304  -14.9005
   269  3609  3263  565940.00  2332510.00  21.092442  105.634855   -9.6955  -13.8084
   270  1896  3278  548810.00  2332360.00  21.091624  105.469932  -10.0054  -10.1034
   271  1821  3299  548060.00  2332150.00  21.089746  105.462705  -11.5939  -16.9216
   272  4617  3320  576020.00  2331940.00  21.086901  105.731872   -6.9063  -12.1177
   273   297  3353  532820.00  2331610.00  21.085204  105.315972   -9.2438  -14.6522
   274  5130  3356  581150.00  2331580.00  21.083429  105.781240  -10.0140  -13.4339
   275  2283  3359  552680.00  2331550.00  21.084198  105.507165   -4.0183  -12.4732
   276  4758  3365  577430.00  2331490.00  21.082777  105.745425  -10.2374  -19.6207
   277  6474  3365  594590.00  2331490.00  21.081971  105.910612   -6.5089  -12.7082
   278  5610  3374  585950.00  2331400.00  21.081584  105.827437  -11.7791  -12.0040
   279  2316  3383  553010.00  2331310.00  21.082020  105.510335  -10.5300  -18.3513
   280  4479  3395  574640.00  2331190.00  21.080182  105.718554   -6.1717  -12.7888
   281  4797  3401  577820.00  2331130.00  21.079508  105.749163   -9.6897  -15.9386
   282  1632  3404  546170.00  2331100.00  21.080308  105.444481   -9.7648  -14.1856
   283  4827  3413  578120.00  2331010.00  21.078411  105.752046  -11.8667  -16.3385
   284  3228  3416  562130.00  2330980.00  21.078752  105.598119   -8.3385  -13.9091
   285  4695  3416  576800.00  2330980.00  21.078195  105.739338  -10.3152  -20.1567
   286  4968  3425  579530.00  2330890.00  21.077266  105.765613   -7.6704  -14.0033
   287  4809  3428  577940.00  2330860.00  21.077063  105.750306  -13.8699  -13.5867
   288  4740  3428  577250.00  2330860.00  21.077092  105.743664   -9.3171  -15.5821
   289  5100  3434  580850.00  2330800.00  21.076395  105.778315   -9.8696  -14.2555
   290  4503  3434  574880.00  2330800.00  21.076649  105.720848   -8.2747  -15.1687
   291  4806  3437  577910.00  2330770.00  21.076251  105.750013   -9.1003  -17.1659
   292  4827  3437  578120.00  2330770.00  21.076242  105.752035   -7.5709  -16.2196
   293  4824  3437  578090.00  2330770.00  21.076244  105.751746   -7.6134  -15.1090
   294  4776  3440  577610.00  2330740.00  21.075993  105.747124   -9.8542  -20.5697
   295  4974  3443  579590.00  2330710.00  21.075637  105.766182   -6.2684  -15.5786
   296  5667  3443  586520.00  2330710.00  21.075323  105.832890   -5.9917  -13.6480
   297  3768  3449  567530.00  2330650.00  21.075579  105.650089   -7.5019  -13.3562
   298  4815  3452  578000.00  2330620.00  21.074892  105.750873   -8.2916  -19.5085
   299  6285  3455  592700.00  2330590.00  21.073936  105.892370  -12.2832  -17.2322
   300  4860  3458  578450.00  2330560.00  21.074331  105.755202  -11.8128  -16.0333
   301  4713  3461  576980.00  2330530.00  21.074122  105.741050   -7.9873  -12.6714
   302  3996  3476  569810.00  2330380.00  21.073054  105.672026   -8.4522  -15.4261
   303  5730  3482  587150.00  2330320.00  21.071769  105.838934   -5.4226  -14.2436
   304  2055  3485  550400.00  2330290.00  21.072878  105.485179  -12.5947  -16.1320
   305  1671  3485  546560.00  2330290.00  21.072980  105.448214  -15.6635  -22.3133
   306  6297  3488  592820.00  2330260.00  21.070949  105.893507   -9.4929  -10.8718
   307  4728  3491  577130.00  2330230.00  21.071406  105.742481   -9.7724  -16.6416
   308  1494  3494  544790.00  2330200.00  21.072210  105.431173   -9.7856  -14.5272
   309  4818  3509  578030.00  2330050.00  21.069741  105.751136  -10.2554  -14.6658
   310  6996  3509  599810.00  2330050.00  21.068684  105.960776  -11.7211  -17.1190
   311  3801  3518  567860.00  2329960.00  21.069333  105.653239   -5.3780  -12.9213
   312  3630  3518  566150.00  2329960.00  21.069395  105.636778   -7.2843  -11.7801
   313  4905  3521  578900.00  2329930.00  21.068620  105.759505  -11.7958  -17.0994
   314  3921  3521  569060.00  2329930.00  21.069017  105.664788   -7.7754  -14.3457
   315  2253  3527  552380.00  2329870.00  21.069028  105.504226  -10.7908  -18.0559
   316  4863  3545  578480.00  2329690.00  21.066469  105.755451   -8.4740  -12.0808
   317  2148  3554  551330.00  2329600.00  21.066618  105.494111   -7.3262  -17.4219
   318  6942  3554  599270.00  2329600.00  21.064648  105.955552   -4.3202  -16.5792
   319  4767  3557  577520.00  2329570.00  21.065426  105.746205   -8.6274  -16.9565
   320  7389  3572  603740.00  2329420.00  21.062774  105.998564   -7.9428  -15.8028
   321  4593  3575  575780.00  2329390.00  21.063873  105.729449   -2.9215  -13.4122
   322  1770  3575  547550.00  2329390.00  21.064822  105.457719  -12.7344  -17.7469
   323  7329  3578  603140.00  2329360.00  21.062266  105.992785   -9.5705  -17.6288
   324  7440  3581  604250.00  2329330.00  21.061932  106.003467  -13.3684  -19.5626
   325  4644  3587  576290.00  2329270.00  21.062767  105.734353   -8.2873  -17.1358
   326  5817  3605  588020.00  2329090.00  21.060615  105.847245   -5.2175  -11.6984
   327  3762  3608  567470.00  2329060.00  21.061216  105.649449  -11.2790  -20.1451
   328  7383  3611  603680.00  2329030.00  21.059255  105.997963  -11.6372  -17.2945
   329  6999  3614  599840.00  2329000.00  21.059197  105.961003  -13.8199  -17.5870
   330  7419  3623  604040.00  2328910.00  21.058150  106.001420  -10.5225  -13.8663
   331  6879  3641  598640.00  2328730.00  21.056822  105.949439   -8.6125  -14.5053
   332  7437  3644  604220.00  2328700.00  21.056243  106.003140  -11.6171  -14.1919
   333  4683  3659  576680.00  2328550.00  21.056246  105.738074  -11.3643  -13.0281
   334  4668  3659  576530.00  2328550.00  21.056252  105.736631  -11.1327  -15.7219
   335  7452  3662  604370.00  2328520.00  21.054608  106.004572   -7.2211  -11.6995
   336  7380  3662  603650.00  2328520.00  21.054649  105.997643   -8.7071  -16.5394
   337  7068  3665  600530.00  2328490.00  21.054551  105.967614  -11.9609  -15.2739
   338  2652  3671  556370.00  2328430.00  21.055899  105.542587  -13.0058  -17.8111
   339  2874  3677  558590.00  2328370.00  21.055287  105.563952   -9.7909  -15.5442
   340  2649  3677  556340.00  2328370.00  21.055357  105.542296  -13.8560  -20.7673
   341  6777  3692  597620.00  2328220.00  21.052269  105.939593   -8.9424  -15.6165
   342  7257  3692  602420.00  2328220.00  21.052008  105.985788   -8.0976  -13.0186
   343  2214  3707  551990.00  2328070.00  21.052775  105.500418   -7.2833  -15.7217
   344  2553  3707  555380.00  2328070.00  21.052676  105.533046   -9.6698  -19.7240
   345  6999  3710  599840.00  2328040.00  21.050524  105.960948  -11.6769  -17.5595
   346  4986  3710  579710.00  2328040.00  21.051509  105.767214   -8.7715  -13.0105
   347  2709  3713  556940.00  2328010.00  21.052086  105.548059  -12.0095  -17.5838
   348  1218  3719  542030.00  2327950.00  21.051946  105.404549  -11.8067  -16.8594
   349  7509  3725  604940.00  2327890.00  21.048884  106.010020   -5.3704  -12.4162
   350  6699  3725  596840.00  2327890.00  21.049329  105.932068   -6.4184  -13.9553
   351  1191  3728  541760.00  2327860.00  21.051139  105.401948  -11.5143  -16.9291
   352  7524  3728  605090.00  2327860.00  21.048604  106.011461   -7.7640  -13.8931
   353  4866  3734  578510.00  2327800.00  21.049392  105.755653  -10.1591  -14.8186
   354  6801  3743  597860.00  2327710.00  21.047649  105.941874   -7.3724  -17.5468
   355  4638  3746  576230.00  2327680.00  21.048404  105.733705   -6.4918  -12.9980
   356  4638  3749  576230.00  2327650.00  21.048133  105.733703   -0.8984   -4.0120
   357  3027  3752  560120.00  2327620.00  21.048461  105.578653  -10.2627  -16.0808
   358  2211  3752  551960.00  2327620.00  21.048710  105.500115   -6.2076  -16.5880
   359  3972  3752  569570.00  2327620.00  21.048127  105.669604   -9.9287  -14.4972
   360  3954  3755  569390.00  2327590.00  21.047863  105.667870   -7.4064  -12.1707
   361  1626  3755  546110.00  2327590.00  21.048596  105.443810   -8.7960  -18.3633
   362  4623  3758  576080.00  2327560.00  21.047326  105.732256  -10.5175  -16.3133
   363   345  3776  533300.00  2327380.00  21.046975  105.320511   -8.5765  -17.4129
   364  3912  3785  568970.00  2327290.00  21.045168  105.663816   -8.1430  -16.8680
   365  2388  3791  553730.00  2327230.00  21.045136  105.517139  -10.0689  -20.1073
   366  2655  3791  556400.00  2327230.00  21.045055  105.542836  -10.1093  -16.5137
   367  7179  3794  601640.00  2327200.00  21.042836  105.978221   -4.7562  -14.3710
   368  5931  3815  589160.00  2326990.00  21.041588  105.858109   -8.6886  -13.7310
   369  7128  3818  601130.00  2326960.00  21.040696  105.973299   -7.5041  -16.1953
   370  1599  3821  545840.00  2326930.00  21.042639  105.441193   -8.6150  -12.8093
   371  7113  3848  600980.00  2326660.00  21.037994  105.971838   -4.2815  -12.2310
   372   459  3872  534440.00  2326420.00  21.038280  105.331464   -7.9582  -14.2928
   373  1308  3893  542930.00  2326210.00  21.036204  105.413168  -11.0011  -15.7247
   374  7392  3899  603770.00  2326150.00  21.033231  105.998655  -14.2779  -18.2656
   375  3765  3899  567500.00  2326150.00  21.034923  105.649624   -5.2978  -16.3062
   376  7392  3902  603770.00  2326120.00  21.032960  105.998654   -9.7247  -15.9133
   377  1362  3902  543470.00  2326120.00  21.035378  105.418363  -11.1450  -15.7373
   378  3747  3920  567320.00  2325940.00  21.033032  105.647883  -10.4218  -12.3107
   379  7119  3932  601040.00  2325820.00  21.030402  105.972366   -8.5264  -11.8497
   380  4047  3932  570320.00  2325820.00  21.031835  105.676749   -5.5587  -14.7673
   381  4266  3947  572510.00  2325670.00  21.030395  105.697818   -7.3224  -15.2493
   382  3807  3947  567920.00  2325670.00  21.030570  105.653647  -11.9947  -19.5150
   383  4617  3950  576020.00  2325640.00  21.029982  105.731594   -7.8496  -11.8063
   384  2145  3953  551300.00  2325610.00  21.030568  105.493703   -8.5234  -16.7615
   385  7131  3953  601160.00  2325610.00  21.028498  105.973508   -8.6669  -14.4436
   386  1308  3968  542930.00  2325460.00  21.029427  105.413150   -7.6339  -16.3148
   387  3741  3974  567260.00  2325400.00  21.028155  105.647285  -10.1441  -12.1400
   388   189  3977  531740.00  2325370.00  21.028842  105.305459   -8.2002  -15.6658
   389  4665  3980  576500.00  2325340.00  21.027252  105.736199   -7.9618  -13.3158
   390  5157  3986  581420.00  2325280.00  21.026498  105.783541  -10.1591  -11.5157
   391  4218  3995  572030.00  2325190.00  21.026077  105.693178   -9.5365  -16.4315
   392  5148  3995  581330.00  2325190.00  21.025689  105.782671   -9.5618  -14.4590
   393  1743  4001  547280.00  2325130.00  21.026339  105.455003  -10.0590  -15.8017
   394  3792  4004  567770.00  2325100.00  21.025426  105.652181  -11.9872  -16.8677
   395  6417  4007  594020.00  2325070.00  21.023999  105.904774  -10.0222  -11.6898
   396  3975  4019  569600.00  2324950.00  21.024002  105.669785  -11.6950  -13.2983
   397  7275  4049  602600.00  2324650.00  21.019745  105.987308   -6.5759  -17.6477
   398  7260  4055  602450.00  2324590.00  21.019212  105.985861   -7.4215  -14.6402
   399  7230  4058  602150.00  2324560.00  21.018957  105.982972   -5.4071  -12.5015
   400  4083  4064  570680.00  2324500.00  21.019895  105.680159  -10.1294  -13.8708
   401  2766  4064  557510.00  2324500.00  21.020355  105.553428   -7.4606  -15.1497
   402  7170  4076  601550.00  2324380.00  21.017364  105.977189   -7.7330  -15.2926
   403  3972  4079  569570.00  2324350.00  21.018582  105.669472   -9.7497  -14.9312
   404  7329  4085  603140.00  2324290.00  21.016463  105.992482   -7.8471  -15.3446
   405  1764  4091  547490.00  2324230.00  21.018202  105.456999  -10.0996  -15.2138
   406  5235  4121  582200.00  2323930.00  21.014266  105.790982   -8.8327  -16.0714
   407  6663  4124  596480.00  2323900.00  21.013301  105.928380   -8.3539  -13.2911
   408  3975  4136  569600.00  2323780.00  21.013431  105.669738  -11.3551  -14.4109
   409  6624  4136  596090.00  2323780.00  21.012237  105.924621   -7.1500  -15.9234
   410  3987  4139  569720.00  2323750.00  21.013156  105.670891   -5.2888  -13.1806
   411  3966  4142  569510.00  2323720.00  21.012893  105.668869  -14.6789  -18.6295
   412  4140  4145  571250.00  2323690.00  21.012555  105.685611   -7.3800  -15.8790
   413  2316  4172  553010.00  2323420.00  21.010732  105.510092   -9.9648  -11.6817
   414  4140  4175  571250.00  2323390.00  21.009845  105.685598   -8.6221  -12.7492
   415  4143  4181  571280.00  2323330.00  21.009301  105.685884   -7.7984  -17.8031
   416  4098  4196  570830.00  2323180.00  21.007963  105.681548   -7.8905  -16.4019
   417  4257  4199  572420.00  2323150.00  21.007630  105.696846   -7.4919  -16.9391
   418  4113  4202  570980.00  2323120.00  21.007416  105.682989   -8.2522  -14.6365
   419  7038  4205  600230.00  2323090.00  21.005782  105.964413   -6.0655  -15.9269
   420  2487  4208  554720.00  2323060.00  21.007429  105.526535   -7.3643  -15.1417
   421  4248  4217  572330.00  2322970.00  21.006008  105.695972  -11.9862  -15.5265
   422  4278  4223  572630.00  2322910.00  21.005454  105.698856   -8.9401  -15.8601
   423  4986  4259  579710.00  2322550.00  21.001908  105.766960   -9.5067  -14.1258
   424  6774  4274  597590.00  2322400.00  20.999691  105.938975   -6.4062  -11.7666
   425  4170  4277  571550.00  2322370.00  21.000617  105.688442   -8.1062  -16.0117
   426  3981  4298  569660.00  2322160.00  20.998792  105.670250   -9.9450  -15.3317
   427  3936  4301  569210.00  2322130.00  20.998538  105.665919  -13.1287  -20.1588
   428  6729  4304  597140.00  2322100.00  20.997004  105.934629   -9.7093  -12.7210
   429  6675  4316  596600.00  2321980.00  20.995949  105.929427  -11.1765  -14.5263
   430  2220  4328  552050.00  2321860.00  20.996665  105.500808  -15.2544  -15.6555
   431  5163  4334  581480.00  2321800.00  20.995054  105.783954   -4.8616   -8.1030
   432  4668  4343  576530.00  2321710.00  20.994454  105.736327  -10.1239  -19.0482
   433  4200  4346  571850.00  2321680.00  20.994371  105.691300  -10.9688  -15.9143
   434  4035  4346  570200.00  2321680.00  20.994435  105.675426   -9.6106  -20.2542
   435  4533  4349  575180.00  2321650.00  20.993967  105.723336   -9.5551  -18.7018
   436  4044  4358  570290.00  2321560.00  20.993347  105.676287  -11.6870  -15.1361
   437  6237  4364  592220.00  2321500.00  20.991837  105.887263   -7.1064  -17.7109
   438  4902  4385  578870.00  2321290.00  20.990560  105.758821   -7.9329  -16.0243
   439  4899  4388  578840.00  2321260.00  20.990290  105.758531  -13.1523  -13.8279
   440  4014  4397  569990.00  2321170.00  20.989835  105.673385  -10.5972  -13.2062
   441  3975  4409  569600.00  2321050.00  20.988766  105.669628   -5.9222  -12.9183
   442  3705  4421  566900.00  2320930.00  20.987782  105.643647   -7.6210  -12.8910
   443  4062  4439  570470.00  2320750.00  20.986022  105.677985   -9.4213  -13.9103
   444  4773  4448  577580.00  2320660.00  20.984923  105.746382   -8.9495  -23.5363
   445  4323  4478  573080.00  2320360.00  20.982397  105.703078  -11.4786  -16.2977
   446  4116  4487  571010.00  2320270.00  20.981665  105.683161   -6.5174  -15.1252
   447  4944  4490  579290.00  2320240.00  20.981056  105.762813  -10.6084  -13.1684
   448  3729  4490  567140.00  2320240.00  20.981539  105.645929   -9.4239  -18.3554
   449  4038  4493  570230.00  2320210.00  20.981152  105.675654   -7.7240  -17.4906
   450  4140  4517  571250.00  2319970.00  20.978945  105.685457  -10.1356  -14.6160
   451  3999  4517  569840.00  2319970.00  20.978999  105.671893  -12.0639  -16.1106
   452  4425  4550  574100.00  2319640.00  20.975851  105.712860   -6.1470  -16.3176
   453  4407  4577  573920.00  2319370.00  20.973419  105.711117  -12.0799  -14.9829
   454  4176  4598  571610.00  2319160.00  20.971612  105.688887   -7.0459  -17.6315
   455  4335  4625  573200.00  2318890.00  20.969111  105.704170   -7.9843  -17.0702
   456  4362  4640  573470.00  2318740.00  20.967745  105.706761   -8.5039  -15.6104
   457  5382  4670  583670.00  2318440.00  20.964599  105.804861   -8.6192  -14.9498
   458  4686  4703  576710.00  2318110.00  20.961920  105.737899  -11.1976  -14.5170
   459  4680  4709  576650.00  2318050.00  20.961381  105.737319   -6.8840  -16.2552
   460  2526  4715  555110.00  2317990.00  20.961609  105.530126   -8.1168  -18.5093
   461  4344  4718  573290.00  2317960.00  20.960704  105.704997   -8.8123  -13.7391
   462  3345  4718  563300.00  2317960.00  20.961075  105.608904  -11.4209  -14.9825
   463  2511  4721  554960.00  2317930.00  20.961071  105.528681  -10.0756  -17.3667
   464  4524  4730  575090.00  2317840.00  20.959548  105.722305   -9.8396  -16.9171
   465  5664  4766  586490.00  2317480.00  20.955795  105.831938  -10.2678  -13.4944
   466  4590  4772  575750.00  2317420.00  20.955726  105.728635  -10.3201  -17.6283
   467  2898  4775  558830.00  2317390.00  20.956073  105.565888  -10.7925  -15.9130
   468  2865  4778  558500.00  2317360.00  20.955812  105.562713  -11.9827  -15.5885
   469  5235  4802  582200.00  2317120.00  20.952739  105.790659   -7.4967  -17.6528
   470  2595  4826  555800.00  2316880.00  20.951559  105.536727   -8.1086  -15.9780
   471  4599  4826  575840.00  2316880.00  20.950843  105.729477  -11.2986  -15.2449
   472  5727  4829  587120.00  2316850.00  20.950074  105.837965   -5.4301  -12.8376
   473  4614  4847  575990.00  2316670.00  20.948940  105.730910  -12.6582  -16.1076
   474  6123  4877  591080.00  2316370.00  20.945546  105.876026  -10.6017  -15.3725
   475  6147  4877  591320.00  2316370.00  20.945534  105.878334   -5.5650  -15.0271
   476  6294  4886  592790.00  2316280.00  20.944648  105.892467   -5.3230  -15.3816
   477  6306  4895  592910.00  2316190.00  20.943828  105.893616   -8.4275  -14.1004
   478  6237  4934  592220.00  2315800.00  20.940340  105.886960   -4.9845  -13.1901
   479  6273  4946  592580.00  2315680.00  20.939237  105.890415   -8.4200  -16.8885
   480  4461  4949  574460.00  2315650.00  20.939787  105.716151  -10.0000  -15.0979
   481  4506  4958  574910.00  2315560.00  20.938955  105.720475   -8.9091  -14.6149
   482  6084  4961  590690.00  2315530.00  20.937976  105.872231   -9.2327  -13.0052
   483  6057  4964  590420.00  2315500.00  20.937718  105.869633   -8.4355  -17.9657
   484  6393  4991  593780.00  2315230.00  20.935111  105.901931   -7.3380  -14.8918
   485  2706  4994  556910.00  2315200.00  20.936346  105.547348  -10.2123  -14.2347
   486  4380  5018  573650.00  2314960.00  20.933585  105.708332  -13.4054  -19.3969
   487  6234  5024  592190.00  2314900.00  20.932210  105.886623   -5.9277  -17.0055
   488  6258  5027  592430.00  2314870.00  20.931927  105.888930   -8.7549  -18.7270
   489  4398  5048  573830.00  2314660.00  20.930867  105.710050   -7.4762  -11.2616
   490  3510  5078  564950.00  2314360.00  20.928491  105.624641  -11.1677  -13.8345
   491  3489  5099  564740.00  2314150.00  20.926601  105.622613   -8.0386  -14.9601
   492  4740  5126  577250.00  2313880.00  20.923680  105.742905   -6.9461  -12.7462
   493  4116  5132  571010.00  2313820.00  20.923388  105.682896  -15.0237  -20.7505
   494  4200  5138  571850.00  2313760.00  20.922814  105.690971   -9.4443  -15.6971
   495  4383  5138  573680.00  2313760.00  20.922742  105.708569  -12.2927  -18.6959
   496  5799  5147  587840.00  2313670.00  20.921309  105.844729   -5.1814  -10.4197
   497  3177  5195  561620.00  2313190.00  20.918034  105.592575   -8.3392  -14.9977
   498  5655  5210  586400.00  2313040.00  20.915685  105.830851   -9.5953  -16.2483
   499  6354  5249  593390.00  2312650.00  20.911822  105.898042  -13.0440  -14.5215
   500  4638  5252  576230.00  2312620.00  20.912338  105.733041   -9.9455  -20.3083
   501  4581  5288  575660.00  2312260.00  20.909109  105.727544  -15.4273  -19.7247
   502  4533  5303  575180.00  2312110.00  20.907774  105.722922  -10.4823  -15.7953
   503  3603  5312  565880.00  2312020.00  20.907315  105.633495   -6.9452  -17.2640
   504  4287  5381  572720.00  2311330.00  20.900825  105.699236   -0.5680  -14.9130
   505  2880  5462  558650.00  2310520.00  20.894006  105.563925   -8.7727  -15.2180
   506  4599  5546  575840.00  2309680.00  20.885791  105.729162   -8.7653  -17.6232
   507  4599  5567  575840.00  2309470.00  20.883894  105.729153   -9.6386  -17.0596
   508  4623  5573  576080.00  2309410.00  20.883342  105.731458  -11.2065  -14.2865
   509  6156  5588  591410.00  2309260.00  20.881293  105.878825   -9.3130  -16.4898
   510  4659  5597  576440.00  2309170.00  20.881159  105.734908   -9.2658  -17.7497
   511  4617  5606  576020.00  2309080.00  20.880363  105.730867  -10.2866  -15.8473
   512  6255  5612  592400.00  2309020.00  20.879076  105.888330   -6.7998  -13.5431
   513  6222  5615  592070.00  2308990.00  20.878821  105.885156   -7.4079  -16.9076
   514  3312  5651  562970.00  2308630.00  20.876787  105.605392  -10.3016  -14.8779
   515  6525  5657  595100.00  2308570.00  20.874873  105.914260   -4.8062  -16.6021
   516  6243  5699  592280.00  2308150.00  20.871221  105.887130   -7.8005  -10.9228
   517  6645  5705  596300.00  2308090.00  20.870475  105.925769  -13.2284  -16.4623
   518  6327  5717  593120.00  2307970.00  20.869553  105.895195  -13.2021  -16.7657
   519  6198  5735  591830.00  2307790.00  20.867991  105.882785  -10.8222  -15.6209
   520  6438  5789  594230.00  2307250.00  20.862992  105.905826   -9.4791  -15.4340
   521  3726  5792  567110.00  2307220.00  20.863902  105.645137   -6.3740  -16.1124
   522  6150  5792  591350.00  2307220.00  20.862865  105.878142   -5.6961  -13.9176
   523  3705  5795  566900.00  2307190.00  20.863639  105.643117   -7.8464  -15.2672
   524  6363  5798  593480.00  2307160.00  20.862217  105.898612   -8.9694  -14.7122
   525  3414  5831  563990.00  2306830.00  20.860489  105.615131   -8.6691  -18.1144
   526  6336  5846  593210.00  2306680.00  20.857894  105.895991   -5.4598  -19.4024
   527  3837  5861  568220.00  2306530.00  20.857627  105.655780   -9.8463  -15.9850
   528  3834  5864  568190.00  2306500.00  20.857357  105.655491   -6.9930  -15.0551
   529  6666  5873  596510.00  2306410.00  20.855286  105.927695  -12.3693  -20.3537
   530  4500  5876  574850.00  2306380.00  20.856016  105.719503  -10.0256  -19.5716
   531  3492  5885  564770.00  2306290.00  20.855583  105.622609   -6.8534  -13.1099
   532  4890  5903  578750.00  2306110.00  20.853415  105.756977  -10.6145  -19.3979
   533  5742  5906  587270.00  2306080.00  20.852762  105.838867   -9.5429  -15.5989
   534  3888  5909  568730.00  2306050.00  20.853272  105.660664  -13.5870  -19.0027
   535  4896  5915  578810.00  2305990.00  20.852328  105.757548  -11.3800  -20.2426
   536  4926  5954  579110.00  2305600.00  20.848792  105.760414   -7.0067  -16.0036
   537  5751  5993  587360.00  2305210.00  20.844898  105.839688   -9.9957  -17.8897
   538  3675  5999  566600.00  2305150.00  20.845218  105.640156  -10.7158  -15.5147
   539  3798  6005  567830.00  2305090.00  20.844631  105.651975   -8.5225  -20.9710
   540  4176  6059  571610.00  2304550.00  20.839610  105.688284   -6.3689  -11.5961
   541  4887  6068  578720.00  2304460.00  20.838508  105.756614  -10.7542  -17.2718
   542  5817  6068  588020.00  2304460.00  20.838090  105.845994   -8.5577  -16.5911
   543  4026  6086  570110.00  2304280.00  20.837228  105.673857   -9.4360  -12.8820
   544  6108  6101  590930.00  2304130.00  20.834969  105.873943    2.2897  -10.4021
   546  4131  6203  571160.00  2303110.00  20.826616  105.683901   -9.0799  -14.5273
   547  4032  6293  570170.00  2302210.00  20.818522  105.674350  -11.2013  -18.7639
   548  5907  6302  588920.00  2302120.00  20.816906  105.854524   -8.2912  -16.3757
   549  3978  6365  569630.00  2301490.00  20.812037  105.669132   -7.7421  -16.7970
   550  4635  6407  576200.00  2301070.00  20.807985  105.732247   -7.6300  -13.6879
   551  4881  6515  578660.00  2299990.00  20.798124  105.755836  -10.1240  -14.2896
   552  3972  6524  569570.00  2299900.00  20.797674  105.668492   -9.3460  -16.2509
   553  3975  6575  569600.00  2299390.00  20.793065  105.668760   -8.8037  -15.3620
   554  3882  6587  568670.00  2299270.00  20.792015  105.659820   -9.1342  -13.8030
   555  6723  6677  597080.00  2298370.00  20.782617  105.932726  -12.2609  -14.5734
   556  3975  6704  569600.00  2298100.00  20.781409  105.668709  -11.7127  -17.6204
   557  6936  6743  599210.00  2297710.00  20.776542  105.953151   -9.2698  -18.8284
   558  6687  6758  596720.00  2297560.00  20.775318  105.929223  -14.4922  -14.1135
   559  6987  6761  599720.00  2297530.00  20.774889  105.958040  -12.7093  -16.3709
   560  6942  6764  599270.00  2297500.00  20.774642  105.953716   -5.6128  -17.1315
   561  7032  6773  600170.00  2297410.00  20.773780  105.962356  -16.7501  -13.6928
   562  7035  6791  600200.00  2297230.00  20.772152  105.962634   -7.5837  -15.6933
   563  6882  6794  598670.00  2297200.00  20.771963  105.947935   -7.0315  -16.4091
   564  7056  6794  600410.00  2297200.00  20.771870  105.964650   -8.5134  -11.2517
   565  5856  6812  588410.00  2297020.00  20.770852  105.849365   -9.4703  -12.9207
   566  6426  6821  594110.00  2296930.00  20.769760  105.904116   -7.8219   -9.3764
   567  7035  6857  600200.00  2296570.00  20.766190  105.962596   -9.0810  -17.1126
   568  7044  6872  600290.00  2296420.00  20.764830  105.963452  -12.4091  -12.4750
   569  4044  6935  570290.00  2295790.00  20.760512  105.675245   -8.4183  -16.9641
   570  6639  6953  596240.00  2295610.00  20.757725  105.924505   -4.7536  -18.1877
   571  5850  7004  588350.00  2295100.00  20.753508  105.848692   -8.0391  -14.6906
   572  6237  7022  592220.00  2294920.00  20.751695  105.885855   -8.2442  -17.5187
   573  7047  7070  600320.00  2294440.00  20.746939  105.963627  -10.4936  -18.7040
   574  4284  7130  572690.00  2293840.00  20.742801  105.698219  -11.0691  -16.2458
   575  6345  7160  593300.00  2293540.00  20.739173  105.896155   -9.0675  -14.3155
   576  4548  7247  575330.00  2292670.00  20.732125  105.723525   -3.4085  -15.5360
   577  4473  7268  574580.00  2292460.00  20.730258  105.716313   11.4700    5.4709
   578  4239  7436  572240.00  2290780.00  20.715170  105.693771   -7.2912  -19.6313
   579  7149  7628  601340.00  2288860.00  20.696471  105.973101   -6.4143  -16.3935
   580  5019  7637  580040.00  2288770.00  20.696692  105.768583   -8.1375  -14.9018
   581  7221  7757  602060.00  2287570.00  20.684777  105.979940  -13.1908  -18.9217
   582  7269  7769  602540.00  2287450.00  20.683667  105.984541   -6.6592  -15.1391
   583  5073  7775  580580.00  2287390.00  20.684200  105.773705  -11.4795  -12.4988
   584  7191  7787  601760.00  2287270.00  20.682083  105.977042   -7.1506  -18.7080
   585  7209  7832  601940.00  2286820.00  20.678008  105.978744   -6.2309  -13.8184
   586  7095  7835  600800.00  2286790.00  20.677798  105.967798   -8.0218  -14.9774
   587  7092  7850  600770.00  2286640.00  20.676445  105.967502   -9.4345  -17.3323
   588  7179  7856  601640.00  2286580.00  20.675856  105.975850   -8.0028  -10.4839
   589  5064  7940  580490.00  2285740.00  20.669296  105.772765  -11.7186  -21.2844
   590  6012  8003  589970.00  2285110.00  20.663172  105.863741  -10.7994  -14.8071
   591  5160  8018  581450.00  2284960.00  20.662207  105.781945   -5.7188  -14.9356
   592  4416  8045  574010.00  2284690.00  20.660076  105.710512   -8.7285  -17.8154
   593  5202  8123  581870.00  2283910.00  20.652702  105.785928   -6.5692  -11.7362
   594  5310  8204  582950.00  2283100.00  20.645336  105.796257  -13.0071  -13.9263
   595  5142  8432  581270.00  2280820.00  20.624809  105.780027   -9.6679  -11.9544
   596  5145  8441  581300.00  2280730.00  20.623994  105.780310  -11.4259  -13.5208
