; ENVI Output of ROIs (5.2) [Wed Nov 27 01:05:15 2019]
; Number of ROIs: 1
; File Dimension: 7647 x 9116
;
; ROI name: EVF: Layer: crop.shp
; ROI rgb value: {255, 255, 255}
; ROI npts: 594
;   ID     X     Y      Map X       Map Y        Lat         Lon        B1        B2
     1  5361    86  583460.00  2364280.00  21.378753  105.805079  -13.7263  -23.9502
     2  5688   158  586730.00  2363560.00  21.372094  105.836583  -15.7629  -15.0805
     3  5196   167  581810.00  2363470.00  21.371511  105.789124   -9.0861  -15.4529
     4  5217   224  582020.00  2362900.00  21.366352  105.791122   -9.0398  -15.4953
     5  5253   245  582380.00  2362690.00  21.364438  105.794584  -11.2246  -15.9617
     6  5580   305  585650.00  2362090.00  21.358866  105.826091  -13.9438  -23.2942
     7  5508   362  584930.00  2361520.00  21.353750  105.819119  -10.5718  -15.6820
     8  5244   365  582290.00  2361490.00  21.353601  105.793658   -5.7236  -12.0421
     9  5373   368  583580.00  2361460.00  21.353271  105.806097  -10.1050  -18.5886
    10  5286   404  582710.00  2361100.00  21.350059  105.797689  -11.8918  -13.1437
    11  5538   533  585230.00  2359810.00  21.338287  105.821926  -13.2038  -14.1203
    12  5916   590  589010.00  2359240.00  21.332955  105.858346   -6.2185  -16.9986
    13  5910   602  588950.00  2359120.00  21.331874  105.857761  -10.3972  -16.6187
    14  5214   626  581990.00  2358880.00  21.330035  105.790638  -13.3132  -17.2286
    15  6006   743  589910.00  2357710.00  21.319088  105.866943  -12.2891  -14.0815
    16  5964   746  589490.00  2357680.00  21.318838  105.862892  -10.1484  -16.3487
    17  5529   800  585140.00  2357140.00  21.314170  105.820924  -14.6897  -19.6382
    18  5598   857  585830.00  2356570.00  21.308987  105.827548  -11.5891  -18.4132
    19  6051   860  590360.00  2356540.00  21.308496  105.871219   -8.4670  -15.1873
    20  5598   872  585830.00  2356420.00  21.307632  105.827540   -8.1468  -15.7954
    21  5952   905  589370.00  2356090.00  21.304480  105.861651   -9.9783  -12.9444
    25  6072   926  590570.00  2355880.00  21.302523  105.873209  -10.9094  -16.4112
    26  5505   953  584900.00  2355610.00  21.300358  105.818533   -9.1865  -14.5288
    27  5346   959  583310.00  2355550.00  21.299890  105.803202   -8.7833  -16.5722
    29  5904  1073  588890.00  2354410.00  21.289326  105.856936  -13.6879  -22.0983
    30  6267  1079  592520.00  2354350.00  21.288602  105.891924  -13.8896  -17.3143
    31  5844  1085  588290.00  2354290.00  21.288271  105.851146  -11.6705  -19.3840
    32  4719  1091  577040.00  2354230.00  21.288242  105.742696  -11.3720   -9.8040
    33  4857  1142  578420.00  2353720.00  21.283575  105.755976  -14.1617  -23.1233
    34  4701  1142  576860.00  2353720.00  21.283642  105.740938   -9.2706  -16.7309
    35  5514  1220  584990.00  2352940.00  21.276232  105.819267   -9.0023  -15.4512
    36  4695  1448  576800.00  2350660.00  21.255999  105.740222  -11.8830  -16.4275
    37  4956  1454  579410.00  2350600.00  21.255344  105.765373   -6.5965  -13.6470
    38  1479  1457  544640.00  2350570.00  21.256262  105.430260   -7.5373  -12.9411
    39  1515  1460  545000.00  2350540.00  21.255982  105.433729  -10.4902  -20.9466
    40  1497  1484  544820.00  2350300.00  21.253818  105.431988  -14.4554  -23.4687
    41  5646  1493  586310.00  2350210.00  21.251506  105.831852  -10.2515  -14.2766
    42  1518  1505  545030.00  2350090.00  21.251915  105.434007  -11.6366  -18.3406
    43  6135  1529  591200.00  2349850.00  21.248014  105.878958  -11.7332  -19.7456
    44   753  1553  537380.00  2349610.00  21.247752  105.360265  -10.4312  -16.1553
    45  6033  1634  590180.00  2348800.00  21.238579  105.869073   -9.8897  -18.4162
    46  1524  1655  545090.00  2348590.00  21.238361  105.434545  -12.4630  -19.8354
    47  5010  1661  579950.00  2348530.00  21.236619  105.770480  -12.1405  -16.5767
    48  3711  1697  566960.00  2348170.00  21.233892  105.645288   -9.8175  -15.6268
    49  3705  1700  566900.00  2348140.00  21.233623  105.644708   -7.3954  -12.4156
    50  1287  1703  542720.00  2348110.00  21.234081  105.411693   -7.4587  -14.9934
    51  1716  1724  547010.00  2347900.00  21.232078  105.453029  -10.6088  -15.5786
    52  1683  1739  546680.00  2347750.00  21.230731  105.449845   -7.6518  -12.9091
    53  3735  1754  567200.00  2347600.00  21.228733  105.647578   -4.5739  -13.2198
    54  6267  1772  592520.00  2347420.00  21.225994  105.891547   -9.8839  -13.7454
    55   822  1778  538070.00  2347360.00  21.227408  105.366865   -7.9883  -15.9323
    56   768  1787  537530.00  2347270.00  21.226606  105.361659  -11.7599  -14.3461
    57  1668  1790  546530.00  2347240.00  21.226127  105.448386   -7.2811  -12.2901
    58  1212  1826  541970.00  2346880.00  21.222985  105.404435  -14.4920  -21.3908
    59  1749  1862  547340.00  2346520.00  21.219601  105.456171  -10.5303  -14.8083
    60   996  1874  539810.00  2346400.00  21.218697  105.383610  -11.1365  -16.3131
    61  5595  1874  585800.00  2346400.00  21.217109  105.826745  -14.0027  -13.3271
    62  1695  1883  546800.00  2346310.00  21.217718  105.450962   -5.9619  -16.1007
    63  4962  1940  579470.00  2345740.00  21.211434  105.765725  -11.2204  -13.1919
    64  1344  1946  543290.00  2345680.00  21.212112  105.417125  -11.6622  -14.5274
    65  1779  1955  547640.00  2345590.00  21.211190  105.459036  -11.9705  -12.2630
    66  1743  1976  547280.00  2345380.00  21.209302  105.455561   -6.9243  -15.6247
    67  4590  1988  575750.00  2345260.00  21.207256  105.729862   -8.1528  -14.7033
    68  4716  1994  577010.00  2345200.00  21.206661  105.741999  -11.0472  -17.4021
    69  5760  2006  587450.00  2345080.00  21.205105  105.842575  -10.6473  -16.6234
    70  5565  2021  585500.00  2344930.00  21.203842  105.823781   -8.6231  -21.1622
    71   684  2021  536690.00  2344930.00  21.205481  105.353515  -10.2704  -14.6520
    72  1554  2042  545390.00  2344720.00  21.203387  105.437333   -5.2981  -12.4724
    73  3723  2045  567080.00  2344690.00  21.202446  105.646307  -10.7016  -17.5393
    74  1578  2075  545630.00  2344390.00  21.200400  105.439637  -11.4541  -20.7040
    75  1716  2075  547010.00  2344390.00  21.200365  105.452933  -14.1522  -14.5698
    76   771  2078  537560.00  2344360.00  21.200313  105.361884  -11.5265  -16.5456
    77  4626  2087  576110.00  2344270.00  21.198296  105.733286   -8.8275  -17.6145
    79   798  2096  537830.00  2344180.00  21.198681  105.364482   -7.8096  -14.0859
    80  1725  2096  547100.00  2344180.00  21.198465  105.453794   -9.7398  -17.3654
    81   783  2099  537680.00  2344150.00  21.198413  105.363036   -8.1888  -12.4967
    82   825  2111  538100.00  2344030.00  21.197320  105.367080  -12.1959  -18.3839
    83  1818  2114  548030.00  2344000.00  21.196814  105.462749  -10.3250  -15.4182
    84  4380  2123  573650.00  2343910.00  21.195145  105.709571   -8.1277  -13.6265
    85  1323  2141  543080.00  2343730.00  21.194499  105.415052  -13.0549  -14.2400
    86  4668  2150  576530.00  2343640.00  21.192587  105.737304   -8.2669  -14.0950
    87  1443  2153  544280.00  2343610.00  21.193386  105.426610   -9.3053  -17.1121
    88   921  2177  539060.00  2343370.00  21.191337  105.376314   -5.1640  -15.7297
    89  1401  2183  543860.00  2343310.00  21.190685  105.422556   -9.6296  -13.5626
    90  4695  2183  576800.00  2343310.00  21.189594  105.739890  -11.0768  -16.3983
    91  4680  2186  576650.00  2343280.00  21.189329  105.738444   -8.2464  -16.1196
    92  1713  2198  546980.00  2343160.00  21.189252  105.452610   -6.1983  -14.0750
    93  1839  2207  548240.00  2343070.00  21.188406  105.464746   -5.1876  -16.4644
    94  4302  2216  572870.00  2342980.00  21.186774  105.702017  -12.5351  -20.8068
    95  5787  2237  587720.00  2342770.00  21.184222  105.845058   -9.4786  -19.4703
    96  5649  2255  586340.00  2342590.00  21.182662  105.831755  -11.1054  -19.1986
    97  5577  2264  585620.00  2342500.00  21.181883  105.824815   -9.0499  -15.5905
    98   807  2264  537920.00  2342500.00  21.183500  105.365312   -9.8240  -20.4391
    99  1233  2267  542180.00  2342470.00  21.183135  105.406350  -12.0492  -16.5902
   100  4611  2267  575960.00  2342470.00  21.182040  105.731761   -8.8962  -16.5298
   101  4788  2270  577730.00  2342440.00  21.181694  105.748810  -11.0601  -13.1409
   102  3561  2291  565460.00  2342230.00  21.180279  105.630605   -9.1388  -15.1104
   103  1224  2300  542090.00  2342140.00  21.180156  105.405475   -7.1531  -13.4540
   104  4827  2300  578120.00  2342140.00  21.178967  105.752553   -9.7234  -20.8066
   105  4845  2303  578300.00  2342110.00  21.178688  105.754285   -7.6360  -17.3203
   106  4713  2303  576980.00  2342110.00  21.178745  105.741570   -7.0708  -16.5850
   107  4707  2309  576920.00  2342050.00  21.178205  105.740990  -11.5737  -12.9893
   108  4788  2315  577730.00  2341990.00  21.177629  105.748789   -6.3423  -14.4769
   109  1197  2318  541820.00  2341960.00  21.178536  105.402869   -7.4995  -11.1596
   110  4842  2333  578270.00  2341810.00  21.175979  105.753983   -6.0296  -16.6827
   111   810  2336  537950.00  2341780.00  21.176994  105.365585  -11.9367  -20.3745
   112  1155  2342  541400.00  2341720.00  21.176377  105.398818   -7.0198  -14.4927
   113  1176  2342  541610.00  2341720.00  21.176372  105.400841   -8.1341  -14.4544
   114  4533  2378  575180.00  2341360.00  21.172044  105.724199   -7.2601  -22.5204
   115  4536  2384  575210.00  2341300.00  21.171501  105.724485   -8.8534  -14.4276
   116  3609  2399  565940.00  2341150.00  21.170504  105.635187  -13.9736  -24.2832
   117  4758  2402  577430.00  2341120.00  21.169781  105.745860   -5.0472  -13.8097
   118  4674  2408  576590.00  2341060.00  21.169275  105.737767   -8.1337  -16.9819
   119  5190  2417  581750.00  2340970.00  21.168238  105.787463   -8.5719  -15.9127
   120  5061  2420  580460.00  2340940.00  21.168024  105.775037   -7.0634  -14.2274
   121  1047  2429  540320.00  2340850.00  21.168540  105.388393   -6.2108  -10.0591
   122  4809  2453  577940.00  2340610.00  21.165152  105.750749   -8.6451  -18.9454
   123  1239  2456  542240.00  2340580.00  21.166057  105.406881   -5.6295  -11.8760
   124  5034  2468  580190.00  2340460.00  21.163699  105.772414    0.8564  -14.6879
   125  3054  2474  560390.00  2340400.00  21.163920  105.581701  -12.3663  -21.7675
   126  4176  2477  571610.00  2340370.00  21.163243  105.689770   -4.7255  -13.9136
   127  4476  2483  574610.00  2340310.00  21.162581  105.718662   -9.6842  -15.0554
   128  5589  2489  585740.00  2340250.00  21.161549  105.825858   -7.3726  -15.4472
   129  4788  2510  577730.00  2340040.00  21.160011  105.748701   -5.2131  -12.7690
   130  1089  2513  540740.00  2340010.00  21.160941  105.392419   -6.5504  -14.3886
   131  4764  2519  577490.00  2339950.00  21.159208  105.746385   -6.8570  -15.8236
   132  5664  2525  586490.00  2339890.00  21.158262  105.833064  -12.8625  -14.2199
   133  4866  2525  578510.00  2339890.00  21.158622  105.756206   -7.9838  -17.8704
   134  4575  2528  575600.00  2339860.00  21.158474  105.728178   -6.5779  -18.0669
   135  3807  2531  567920.00  2339830.00  21.158505  105.654207   -9.8997  -21.9651
   136  4491  2534  574760.00  2339800.00  21.157967  105.720085   -6.2464  -19.2507
   137  3900  2540  568850.00  2339740.00  21.157657  105.663161   -8.9205  -14.8686
   138  4740  2543  577250.00  2339710.00  21.157050  105.744063  -12.6057  -14.9994
   139  4734  2543  577190.00  2339710.00  21.157053  105.743485   -9.4393  -15.8893
   140  5475  2552  584600.00  2339620.00  21.155911  105.814847   -9.2199  -16.3162
   141  4728  2555  577130.00  2339590.00  21.155971  105.742902   -5.4292  -14.0864
   142  5694  2564  586790.00  2339500.00  21.154724  105.835933   -1.2214  -13.2673
   143  4899  2570  578840.00  2339440.00  21.154543  105.759364   -8.8403  -13.6463
   144  3897  2576  568820.00  2339380.00  21.154406  105.662857   -9.9825  -17.1074
   145  3924  2576  569090.00  2339380.00  21.154396  105.665458   -3.9359  -12.7677
   146  4860  2579  578450.00  2339350.00  21.153746  105.755604   -6.2076  -12.4453
   147  3237  2582  562220.00  2339320.00  21.154101  105.599288   -6.2268  -19.3689
   148  4761  2582  577460.00  2339320.00  21.153518  105.746068   -9.6131  -17.0493
   149  4422  2585  574070.00  2339290.00  21.153387  105.713417   -9.5408  -19.4183
   150  3627  2588  566120.00  2339260.00  21.153422  105.636848   -7.4615  -19.7307
   151  4761  2588  577460.00  2339260.00  21.152975  105.746065   -9.1485  -18.2803
   152  3873  2588  568580.00  2339260.00  21.153331  105.660541  -10.0589  -12.5178
   153  3984  2594  569690.00  2339200.00  21.152747  105.671229   -9.2840  -14.1456
   154  3615  2594  566000.00  2339200.00  21.152884  105.635690  -13.1009  -14.3962
   155  1701  2597  546860.00  2339170.00  21.153205  105.451344  -16.0198  -17.7004
   156  4731  2603  577160.00  2339110.00  21.151633  105.743169   -6.4189  -17.5195
   157  3342  2606  563270.00  2339080.00  21.151896  105.609392   -5.7877  -18.1503
   158  4143  2609  571280.00  2339050.00  21.151330  105.686536  -11.6780  -16.5768
   159  5532  2609  585170.00  2339050.00  21.150735  105.820309   -9.2610  -19.0077
   160  4212  2618  571970.00  2338960.00  21.150490  105.693178   -7.9616  -15.4350
   161   171  2624  531560.00  2338900.00  21.151094  105.303975  -12.2110  -16.9929
   162  4224  2624  572090.00  2338900.00  21.149943  105.694331  -10.3107  -15.2597
   163  3981  2636  569660.00  2338780.00  21.148953  105.670923   -9.7363  -16.5597
   164  2565  2642  555500.00  2338720.00  21.148897  105.534546   -8.2710  -18.5991
   165  4815  2642  578000.00  2338720.00  21.148074  105.751241   -5.5393  -12.2756
   166  5568  2645  585530.00  2338690.00  21.147465  105.823758   -5.3219  -16.2774
   167  3639  2654  566240.00  2338600.00  21.147454  105.637978  -13.8926  -20.8210
   168  3570  2657  565550.00  2338570.00  21.147208  105.631332  -12.1921  -27.7614
   169  4254  2663  572390.00  2338510.00  21.146408  105.697204   -9.9658  -14.2225
   170  3363  2666  563480.00  2338480.00  21.146468  105.611393   -9.9960  -17.3292
   171  3576  2666  565610.00  2338480.00  21.146393  105.631906  -12.7348  -20.7601
   172  3576  2669  565610.00  2338450.00  21.146122  105.631905  -13.9858  -22.6171
   173  3966  2672  569510.00  2338420.00  21.145706  105.669464   -9.3083  -21.0429
   174  4212  2672  571970.00  2338420.00  21.145611  105.693155   -9.6787  -12.9091
   175  3162  2675  561470.00  2338390.00  21.145724  105.592031  -11.5028  -15.0585
   176  4458  2675  574430.00  2338390.00  21.145241  105.716845   -8.7636  -16.0469
   177  3516  2678  565010.00  2338360.00  21.145330  105.626123  -12.9275  -16.7452
   178  3123  2678  561080.00  2338360.00  21.145466  105.588274   -7.5106  -15.5040
   179  5604  2681  585890.00  2338330.00  21.144196  105.827207   -6.2325  -14.8019
   180  1722  2681  547070.00  2338330.00  21.145610  105.453344  -13.8661  -18.1065
   181  3717  2684  567020.00  2338300.00  21.144715  105.645479  -13.3413  -20.8239
   182  1833  2687  548180.00  2338270.00  21.145039  105.464033  -12.9389  -20.6457
   183   171  2702  531560.00  2338120.00  21.144047  105.303961   -8.0317  -16.7127
   184  5064  2705  580490.00  2338090.00  21.142274  105.775192  -10.8443  -18.2394
   185  4515  2711  575000.00  2338030.00  21.141965  105.722319   -6.1606  -18.4326
   186   243  2720  532280.00  2337940.00  21.142408  105.310892   -3.9663  -11.7612
   187  3153  2726  561380.00  2337880.00  21.141119  105.591146  -11.1707  -21.6590
   188  3618  2738  566030.00  2337760.00  21.139873  105.635923   -9.9865  -24.9287
   189  4812  2744  577970.00  2337700.00  21.138860  105.750906   -7.6412  -15.5661
   190  3501  2747  564860.00  2337670.00  21.139101  105.624652   -5.8878  -14.2305
   191  5715  2768  587000.00  2337460.00  21.136283  105.837852   -9.5322  -12.5003
   192  3147  2774  561320.00  2337400.00  21.136784  105.590551  -12.3747  -19.2292
   193  1947  2780  549320.00  2337340.00  21.136606  105.474985   -6.3762  -15.0327
   194  1800  2780  547850.00  2337340.00  21.136645  105.460828  -11.6422  -21.1773
   195  4230  2783  572150.00  2337310.00  21.135575  105.694842  -10.2532  -14.0811
   196  6204  2789  591890.00  2337250.00  21.134147  105.884930   -9.1290  -15.3156
   197  4506  2789  574910.00  2337250.00  21.134922  105.721418  -14.7497  -20.0846
   198  5607  2792  585920.00  2337220.00  21.134166  105.827440   -8.4507  -14.2964
   199  6003  2807  589880.00  2337070.00  21.132620  105.865565  -10.7366  -16.3739
   200  4278  2810  572630.00  2337040.00  21.133117  105.699453   -7.8269  -15.2591
   201  5544  2822  585290.00  2336920.00  21.131485  105.821358   -6.9811  -14.5619
   202  2742  2831  557270.00  2336830.00  21.131766  105.551529   -6.8872  -16.0072
   203  1866  2840  548510.00  2336740.00  21.131206  105.467167   -6.6816  -11.1875
   204  4671  2852  576560.00  2336620.00  21.129162  105.737279   -5.0338  -15.5489
   205  2715  2855  557000.00  2336590.00  21.129606  105.548921   -9.8643  -16.0391
   206  3762  2861  567470.00  2336530.00  21.128707  105.649743  -10.9543  -15.3169
   207  3042  2864  560270.00  2336500.00  21.128688  105.580408   -4.2936  -14.8719
   208  2190  2870  551750.00  2336440.00  21.128407  105.498360   -9.2195  -18.1317
   209  3984  2897  569690.00  2336170.00  21.125371  105.671106   -5.7198  -13.2555
   210  2250  2900  552350.00  2336140.00  21.125679  105.504129   -9.5367  -16.7050
   211  5985  2900  589700.00  2336140.00  21.124227  105.863783   -5.6802  -13.8143
   212  3531  2918  565160.00  2335960.00  21.123641  105.627476   -8.7365  -17.0687
   213  4404  2921  573890.00  2335930.00  21.123038  105.711539  -14.8049  -16.0347
   214  4011  2939  569960.00  2335750.00  21.121566  105.673689   -9.0772  -14.4355
   215  3549  2957  565340.00  2335570.00  21.120111  105.629195  -11.2108  -12.9004
   216  4698  2963  576830.00  2335510.00  21.119122  105.739829  -17.3424  -15.4445
   217  2031  2966  550160.00  2335480.00  21.119777  105.483020  -10.1537  -21.7908
   218   780  2969  537650.00  2335450.00  21.119807  105.362555  -10.3259  -16.1535
   219  1899  2969  548840.00  2335450.00  21.119542  105.470309  -10.5709  -14.5427
   220  3510  2978  564950.00  2335360.00  21.118227  105.625432  -12.0024  -18.9078
   221  4746  2978  577310.00  2335360.00  21.117746  105.744444   -8.4969  -16.4804
   222  4776  2987  577610.00  2335270.00  21.116921  105.747329   -7.4098  -11.7633
   223  3837  2996  568220.00  2335180.00  21.116482  105.656911  -12.7475  -18.4507
   224  4065  3002  570500.00  2335120.00  21.115853  105.678862   -7.0170  -12.8268
   225  1527  3008  545120.00  2335060.00  21.116114  105.434477  -14.0507  -17.6339
   226  5928  3011  589130.00  2335030.00  21.114227  105.858237   -8.2387  -12.7357
   227  3594  3011  565790.00  2335030.00  21.115216  105.633507   -7.1760  -14.4177
   228  3516  3014  565010.00  2335000.00  21.114973  105.625996  -15.2928  -16.6270
   229  5937  3023  589220.00  2334910.00  21.113138  105.859097  -11.8610  -14.8743
   230  1410  3026  543950.00  2334880.00  21.114516  105.423206   -9.9793  -15.2418
   231  5937  3026  589220.00  2334880.00  21.112867  105.859096  -11.3970  -13.8465
   232  3555  3038  565400.00  2334760.00  21.112790  105.629742  -14.0456  -26.5188
   233  1359  3041  543440.00  2334730.00  21.113173  105.418292   -9.5991  -18.9424
   234  3510  3047  564950.00  2334670.00  21.111993  105.625405  -14.1863  -16.8975
   235  3918  3047  569030.00  2334670.00  21.111844  105.664690   -7.3605  -19.7688
   236   777  3071  537620.00  2334430.00  21.110591  105.362244  -14.1416  -17.5683
   237  1122  3077  541070.00  2334370.00  21.109975  105.395462  -11.4775  -14.4086
   238  5568  3077  585530.00  2334370.00  21.108436  105.823542   -9.1489  -12.1838
   239  3633  3086  566180.00  2334280.00  21.108425  105.637234   -5.8823  -13.2868
   240  3579  3101  565640.00  2334130.00  21.107090  105.632029   -9.9969  -15.3081
   241  4254  3107  572390.00  2334070.00  21.106293  105.697016   -7.6367  -16.6346
   242  5631  3113  586160.00  2334010.00  21.105154  105.829590  -15.0037  -18.4654
   243  3825  3122  568100.00  2333920.00  21.105102  105.655706   -8.6543  -17.1336
   244  3633  3122  566180.00  2333920.00  21.105173  105.637220   -9.0111  -16.0091
   245  5496  3134  584810.00  2333800.00  21.103320  105.816582   -8.2739  -16.0377
   246  5736  3143  587210.00  2333710.00  21.102394  105.839684  -12.1803  -19.4546
   247  5547  3146  585320.00  2333680.00  21.102212  105.821486  -10.4934  -17.1673
   248  1650  3146  546350.00  2333680.00  21.103614  105.446284   -0.0054   -6.9068
   249  3786  3164  567710.00  2333500.00  21.101322  105.651934   -8.1017  -11.8405
   250  3618  3170  566030.00  2333440.00  21.100842  105.635757  -11.2577  -20.1727
   251  6576  3182  595610.00  2333320.00  21.098451  105.920532   -8.0651  -15.7363
   252  1545  3182  545300.00  2333320.00  21.100388  105.436164   -9.1044  -15.1450
   253  2286  3182  552710.00  2333320.00  21.100190  105.507509   -9.2925  -16.3388
   254  3711  3182  566960.00  2333320.00  21.099724  105.644706   -3.6089  -13.5737
   255   363  3185  533480.00  2333290.00  21.100372  105.322358   -7.1959  -17.8878
   256  1680  3185  546650.00  2333290.00  21.100083  105.449162  -10.2562  -20.4631
   257  1299  3185  542840.00  2333290.00  21.100176  105.412478   -7.5218  -12.8368
   258  3729  3188  567140.00  2333260.00  21.099175  105.646437   -8.6433  -16.1414
   259  1452  3191  544370.00  2333230.00  21.099598  105.427208   -7.4813  -14.4170
   260  1665  3194  546500.00  2333200.00  21.099274  105.447715  -10.0958  -15.9954
   261  3621  3197  566060.00  2333170.00  21.098401  105.636035  -12.1126  -20.6131
   262  6288  3197  592730.00  2333170.00  21.097244  105.892798  -10.2941  -16.3124
   263  6315  3203  593000.00  2333110.00  21.096688  105.895394   -9.6475  -16.4134
   264  3711  3212  566960.00  2333020.00  21.097013  105.644695   -8.7928  -15.9877
   265  3921  3221  569060.00  2332930.00  21.096122  105.664909  -11.4209  -18.8338
   266  3156  3245  561410.00  2332690.00  21.094226  105.591249   -9.0749   -8.9130
   267  5685  3248  586700.00  2332660.00  21.092932  105.834721  -10.6475  -17.1233
   268  5709  3257  586940.00  2332570.00  21.092107  105.837027   -5.6022  -10.2795
   269  3609  3263  565940.00  2332510.00  21.092442  105.634855   -6.0183  -14.6146
   270  1896  3278  548810.00  2332360.00  21.091624  105.469932   -8.7897  -13.5805
   271  1821  3299  548060.00  2332150.00  21.089746  105.462705   -8.4294  -16.3642
   272  4617  3320  576020.00  2331940.00  21.086901  105.731872  -10.0509  -14.2691
   273   297  3353  532820.00  2331610.00  21.085204  105.315972   -9.2785  -17.2289
   274  5130  3356  581150.00  2331580.00  21.083429  105.781240   -9.1005  -13.5088
   275  2283  3359  552680.00  2331550.00  21.084198  105.507165   -9.2513  -12.1840
   276  4758  3365  577430.00  2331490.00  21.082777  105.745425   -9.5991  -14.2997
   277  6474  3365  594590.00  2331490.00  21.081971  105.910612   -7.9419  -14.6294
   278  5610  3374  585950.00  2331400.00  21.081584  105.827437  -10.2612  -17.0917
   279  2316  3383  553010.00  2331310.00  21.082020  105.510335   -5.0099  -15.7440
   280  4479  3395  574640.00  2331190.00  21.080182  105.718554   -9.1667  -12.9228
   281  4797  3401  577820.00  2331130.00  21.079508  105.749163  -10.0366  -12.7353
   282  1632  3404  546170.00  2331100.00  21.080308  105.444481   -8.5665  -12.5652
   283  4827  3413  578120.00  2331010.00  21.078411  105.752046  -10.6133  -16.8686
   284  4695  3416  576800.00  2330980.00  21.078195  105.739338   -7.6871  -13.7976
   285  3228  3416  562130.00  2330980.00  21.078752  105.598119   -9.5292  -14.5633
   286  4968  3425  579530.00  2330890.00  21.077266  105.765613  -13.5509  -16.6531
   287  4740  3428  577250.00  2330860.00  21.077092  105.743664   -8.9994  -17.6277
   288  4809  3428  577940.00  2330860.00  21.077063  105.750306   -4.9191  -16.5251
   289  4503  3434  574880.00  2330800.00  21.076649  105.720848   -8.2095  -15.4518
   290  5100  3434  580850.00  2330800.00  21.076395  105.778315   -8.4335  -16.8833
   291  4824  3437  578090.00  2330770.00  21.076244  105.751746   -8.2675  -16.0886
   292  4806  3437  577910.00  2330770.00  21.076251  105.750013   -9.9338  -14.1007
   293  4827  3437  578120.00  2330770.00  21.076242  105.752035   -7.1470  -15.9876
   294  4776  3440  577610.00  2330740.00  21.075993  105.747124  -11.4846  -17.2816
   295  4974  3443  579590.00  2330710.00  21.075637  105.766182   -6.2140  -14.3908
   296  5667  3443  586520.00  2330710.00  21.075323  105.832890  -15.5629  -15.4045
   297  3768  3449  567530.00  2330650.00  21.075579  105.650089   -9.2446  -17.1093
   298  4815  3452  578000.00  2330620.00  21.074892  105.750873   -5.0333  -20.4707
   299  6285  3455  592700.00  2330590.00  21.073936  105.892370  -11.8559  -12.3512
   300  4860  3458  578450.00  2330560.00  21.074331  105.755202  -14.0793  -21.1950
   301  4713  3461  576980.00  2330530.00  21.074122  105.741050   -8.2411  -16.5467
   302  3996  3476  569810.00  2330380.00  21.073054  105.672026  -11.0314  -14.5230
   303  5730  3482  587150.00  2330320.00  21.071769  105.838934   -5.6472  -10.4254
   304  1671  3485  546560.00  2330290.00  21.072980  105.448214  -10.5856  -23.5466
   305  2055  3485  550400.00  2330290.00  21.072878  105.485179   -8.9914  -18.8548
   306  6297  3488  592820.00  2330260.00  21.070949  105.893507   -8.9818  -15.0882
   307  4728  3491  577130.00  2330230.00  21.071406  105.742481  -10.4822  -13.0950
   308  1494  3494  544790.00  2330200.00  21.072210  105.431173  -10.2893  -15.5076
   309  6996  3509  599810.00  2330050.00  21.068684  105.960776  -10.3671  -16.4513
   310  4818  3509  578030.00  2330050.00  21.069741  105.751136   -8.3824  -17.3861
   311  3801  3518  567860.00  2329960.00  21.069333  105.653239  -11.3816  -11.5527
   312  3630  3518  566150.00  2329960.00  21.069395  105.636778   -7.0075  -15.8708
   313  4905  3521  578900.00  2329930.00  21.068620  105.759505   -6.7603  -19.0677
   314  3921  3521  569060.00  2329930.00  21.069017  105.664788   -5.9740  -11.1437
   315  2253  3527  552380.00  2329870.00  21.069028  105.504226   -8.3967  -16.0728
   316  4863  3545  578480.00  2329690.00  21.066469  105.755451   -8.7155  -16.3589
   317  2148  3554  551330.00  2329600.00  21.066618  105.494111  -12.5763  -17.3287
   318  6942  3554  599270.00  2329600.00  21.064648  105.955552  -12.6564  -13.6464
   319  4767  3557  577520.00  2329570.00  21.065426  105.746205   -8.6048  -14.8375
   320  7389  3572  603740.00  2329420.00  21.062774  105.998564   -8.4387  -11.7092
   321  4593  3575  575780.00  2329390.00  21.063873  105.729449   -5.7566  -15.9050
   322  1770  3575  547550.00  2329390.00  21.064822  105.457719  -11.2959  -15.0114
   323  7329  3578  603140.00  2329360.00  21.062266  105.992785  -13.1730  -21.5298
   324  7440  3581  604250.00  2329330.00  21.061932  106.003467  -17.6757  -27.6065
   325  4644  3587  576290.00  2329270.00  21.062767  105.734353   -9.0265  -16.8868
   326  5817  3605  588020.00  2329090.00  21.060615  105.847245   -6.6582  -13.6013
   327  3762  3608  567470.00  2329060.00  21.061216  105.649449  -10.2980  -16.5187
   328  7383  3611  603680.00  2329030.00  21.059255  105.997963  -11.1584  -18.7123
   329  6999  3614  599840.00  2329000.00  21.059197  105.961003  -10.6359  -18.1447
   330  7419  3623  604040.00  2328910.00  21.058150  106.001420  -10.0950  -17.3008
   331  6879  3641  598640.00  2328730.00  21.056822  105.949439   -7.2258  -11.1107
   332  7437  3644  604220.00  2328700.00  21.056243  106.003140   -8.8346  -17.8270
   333  4683  3659  576680.00  2328550.00  21.056246  105.738074   -9.2120  -12.3316
   334  4668  3659  576530.00  2328550.00  21.056252  105.736631  -13.4804  -16.8956
   335  7380  3662  603650.00  2328520.00  21.054649  105.997643   -8.7288  -18.0673
   336  7452  3662  604370.00  2328520.00  21.054608  106.004572  -11.0191  -17.8414
   337  7068  3665  600530.00  2328490.00  21.054551  105.967614  -10.4623  -18.3418
   338  2652  3671  556370.00  2328430.00  21.055899  105.542587  -11.6701  -18.1278
   339  2874  3677  558590.00  2328370.00  21.055287  105.563952  -13.1053  -14.4929
   340  2649  3677  556340.00  2328370.00  21.055357  105.542296  -11.9257  -18.7566
   341  6777  3692  597620.00  2328220.00  21.052269  105.939593   -7.7310  -16.4794
   342  7257  3692  602420.00  2328220.00  21.052008  105.985788  -12.6884  -17.2192
   343  2214  3707  551990.00  2328070.00  21.052775  105.500418   -6.9246  -12.7400
   344  2553  3707  555380.00  2328070.00  21.052676  105.533046  -10.0924  -17.4305
   345  4986  3710  579710.00  2328040.00  21.051509  105.767214  -12.4076  -13.9949
   346  6999  3710  599840.00  2328040.00  21.050524  105.960948   -7.9516  -19.1681
   347  2709  3713  556940.00  2328010.00  21.052086  105.548059  -12.0335  -18.0464
   348  1218  3719  542030.00  2327950.00  21.051946  105.404549  -12.3414  -18.4770
   349  6699  3725  596840.00  2327890.00  21.049329  105.932068  -10.1130  -14.4220
   350  7509  3725  604940.00  2327890.00  21.048884  106.010020   -9.5999  -14.2194
   351  7524  3728  605090.00  2327860.00  21.048604  106.011461  -11.3266  -22.5094
   352  1191  3728  541760.00  2327860.00  21.051139  105.401948   -8.3006  -14.9893
   353  4866  3734  578510.00  2327800.00  21.049392  105.755653   -8.5563  -11.6273
   354  6801  3743  597860.00  2327710.00  21.047649  105.941874   -5.7688  -14.0847
   355  4638  3746  576230.00  2327680.00  21.048404  105.733705   -4.3368  -13.6492
   356  4638  3749  576230.00  2327650.00  21.048133  105.733703   -2.6089   -7.4240
   357  2211  3752  551960.00  2327620.00  21.048710  105.500115  -10.8836  -21.2908
   358  3027  3752  560120.00  2327620.00  21.048461  105.578653  -11.8265  -16.6679
   359  3972  3752  569570.00  2327620.00  21.048127  105.669604  -14.2829  -16.6215
   360  1626  3755  546110.00  2327590.00  21.048596  105.443810  -10.6225  -15.4568
   361  3954  3755  569390.00  2327590.00  21.047863  105.667870  -10.2788  -21.3287
   362  4623  3758  576080.00  2327560.00  21.047326  105.732256  -14.9082  -16.5266
   363   345  3776  533300.00  2327380.00  21.046975  105.320511  -11.3180  -16.0103
   364  3912  3785  568970.00  2327290.00  21.045168  105.663816  -10.8935  -16.9646
   365  2655  3791  556400.00  2327230.00  21.045055  105.542836  -10.3062  -15.6029
   366  2388  3791  553730.00  2327230.00  21.045136  105.517139  -11.9734  -18.5154
   367  7179  3794  601640.00  2327200.00  21.042836  105.978221   -4.3418  -15.9619
   368  5931  3815  589160.00  2326990.00  21.041588  105.858109   -6.3633  -14.4935
   369  7128  3818  601130.00  2326960.00  21.040696  105.973299   -5.1577  -17.5106
   370  1599  3821  545840.00  2326930.00  21.042639  105.441193   -8.6229  -14.0287
   371  7113  3848  600980.00  2326660.00  21.037994  105.971838   -7.7834  -14.5638
   372   459  3872  534440.00  2326420.00  21.038280  105.331464   -6.9520  -15.6608
   373  1308  3893  542930.00  2326210.00  21.036204  105.413168   -8.1846  -12.0925
   374  7392  3899  603770.00  2326150.00  21.033231  105.998655  -12.5998  -24.0682
   375  3765  3899  567500.00  2326150.00  21.034923  105.649624   -6.8953  -18.7587
   376  7392  3902  603770.00  2326120.00  21.032960  105.998654   -9.5567  -21.9802
   377  1362  3902  543470.00  2326120.00  21.035378  105.418363   -9.5057  -15.3302
   378  3747  3920  567320.00  2325940.00  21.033032  105.647883   -8.6396  -17.1853
   379  4047  3932  570320.00  2325820.00  21.031835  105.676749   -6.3660  -17.6170
   380  7119  3932  601040.00  2325820.00  21.030402  105.972366   -8.3387  -13.1315
   381  4266  3947  572510.00  2325670.00  21.030395  105.697818   -9.4236  -14.4554
   382  3807  3947  567920.00  2325670.00  21.030570  105.653647  -11.8802  -19.3408
   383  4617  3950  576020.00  2325640.00  21.029982  105.731594   -9.2096  -14.4466
   384  2145  3953  551300.00  2325610.00  21.030568  105.493703   -9.7562  -16.0491
   385  7131  3953  601160.00  2325610.00  21.028498  105.973508  -10.3072  -15.6727
   386  1308  3968  542930.00  2325460.00  21.029427  105.413150   -8.8651  -14.7435
   387  3741  3974  567260.00  2325400.00  21.028155  105.647285   -7.5665  -16.3622
   388   189  3977  531740.00  2325370.00  21.028842  105.305459  -10.1827  -13.5586
   389  4665  3980  576500.00  2325340.00  21.027252  105.736199   -9.0499  -17.8380
   390  5157  3986  581420.00  2325280.00  21.026498  105.783541   -7.4505  -11.9534
   391  4218  3995  572030.00  2325190.00  21.026077  105.693178   -8.0172  -16.9122
   392  5148  3995  581330.00  2325190.00  21.025689  105.782671   -7.7365  -13.2982
   393  1743  4001  547280.00  2325130.00  21.026339  105.455003  -10.8264  -16.2626
   394  3792  4004  567770.00  2325100.00  21.025426  105.652181  -12.5187  -17.3906
   395  6417  4007  594020.00  2325070.00  21.023999  105.904774  -12.2474  -17.5288
   396  3975  4019  569600.00  2324950.00  21.024002  105.669785   -5.4718  -13.3921
   397  7275  4049  602600.00  2324650.00  21.019745  105.987308   -7.9221  -14.6253
   398  7260  4055  602450.00  2324590.00  21.019212  105.985861   -8.5974  -15.3033
   399  7230  4058  602150.00  2324560.00  21.018957  105.982972   -6.2676  -17.1110
   400  4083  4064  570680.00  2324500.00  21.019895  105.680159   -7.3933  -16.3720
   401  2766  4064  557510.00  2324500.00  21.020355  105.553428  -10.4026  -12.8732
   402  7170  4076  601550.00  2324380.00  21.017364  105.977189   -5.6353  -16.0597
   403  3972  4079  569570.00  2324350.00  21.018582  105.669472  -10.9561  -12.7931
   404  7329  4085  603140.00  2324290.00  21.016463  105.992482  -12.2418  -13.5502
   405  1764  4091  547490.00  2324230.00  21.018202  105.456999   -7.4482  -14.5611
   406  5235  4121  582200.00  2323930.00  21.014266  105.790982   -7.6339  -14.2964
   407  6663  4124  596480.00  2323900.00  21.013301  105.928380   -9.1857  -13.2471
   408  6624  4136  596090.00  2323780.00  21.012237  105.924621   -9.6087  -12.9176
   409  3975  4136  569600.00  2323780.00  21.013431  105.669738   -6.6942  -16.5876
   410  3987  4139  569720.00  2323750.00  21.013156  105.670891  -11.8527  -15.1889
   411  3966  4142  569510.00  2323720.00  21.012893  105.668869  -15.2086  -18.8768
   412  4140  4145  571250.00  2323690.00  21.012555  105.685611   -8.0682  -19.0589
   413  2316  4172  553010.00  2323420.00  21.010732  105.510092   -7.9746  -13.5202
   414  4140  4175  571250.00  2323390.00  21.009845  105.685598   -7.1767  -16.7830
   415  4143  4181  571280.00  2323330.00  21.009301  105.685884   -9.2072  -20.2943
   416  4098  4196  570830.00  2323180.00  21.007963  105.681548   -7.3676  -17.1842
   417  4257  4199  572420.00  2323150.00  21.007630  105.696846   -9.5090  -15.0950
   418  4113  4202  570980.00  2323120.00  21.007416  105.682989   -4.7549  -15.4649
   419  7038  4205  600230.00  2323090.00  21.005782  105.964413   -8.8510  -16.0177
   420  2487  4208  554720.00  2323060.00  21.007429  105.526535   -8.5952  -14.1462
   421  4248  4217  572330.00  2322970.00  21.006008  105.695972   -8.7402  -14.4095
   422  4278  4223  572630.00  2322910.00  21.005454  105.698856   -7.5086  -16.8907
   423  4986  4259  579710.00  2322550.00  21.001908  105.766960   -9.0840  -14.4141
   424  6774  4274  597590.00  2322400.00  20.999691  105.938975   -7.4500  -15.6713
   425  4170  4277  571550.00  2322370.00  21.000617  105.688442   -6.2165  -15.3833
   426  3981  4298  569660.00  2322160.00  20.998792  105.670250   -9.9712  -18.2614
   427  3936  4301  569210.00  2322130.00  20.998538  105.665919  -16.2623  -21.5420
   428  6729  4304  597140.00  2322100.00  20.997004  105.934629  -13.6250  -11.6671
   429  6675  4316  596600.00  2321980.00  20.995949  105.929427  -10.3313  -17.3939
   430  2220  4328  552050.00  2321860.00  20.996665  105.500808   -8.9224  -15.3178
   431  5163  4334  581480.00  2321800.00  20.995054  105.783954   -5.2150  -11.0198
   432  4668  4343  576530.00  2321710.00  20.994454  105.736327   -6.7552  -13.7505
   433  4035  4346  570200.00  2321680.00  20.994435  105.675426   -9.2701  -16.3738
   434  4200  4346  571850.00  2321680.00  20.994371  105.691300  -11.5577  -15.3028
   435  4533  4349  575180.00  2321650.00  20.993967  105.723336   -5.9865  -17.3610
   436  4044  4358  570290.00  2321560.00  20.993347  105.676287   -7.2759  -17.1120
   437  6237  4364  592220.00  2321500.00  20.991837  105.887263   -8.7249  -15.9323
   438  4902  4385  578870.00  2321290.00  20.990560  105.758821  -10.6944  -19.7269
   439  4899  4388  578840.00  2321260.00  20.990290  105.758531   -7.9701  -18.1614
   440  4014  4397  569990.00  2321170.00  20.989835  105.673385  -10.7993  -18.8613
   441  3975  4409  569600.00  2321050.00  20.988766  105.669628   -9.3736  -17.3655
   442  3705  4421  566900.00  2320930.00  20.987782  105.643647   -7.8862  -17.3511
   443  4062  4439  570470.00  2320750.00  20.986022  105.677985  -13.6430  -13.4381
   444  4773  4448  577580.00  2320660.00  20.984923  105.746382   -8.4874  -22.0316
   445  4323  4478  573080.00  2320360.00  20.982397  105.703078  -12.2441  -15.9232
   446  4116  4487  571010.00  2320270.00  20.981665  105.683161  -10.6097  -17.0435
   447  3729  4490  567140.00  2320240.00  20.981539  105.645929   -7.5840  -12.9016
   448  4944  4490  579290.00  2320240.00  20.981056  105.762813  -12.3991  -14.8262
   449  4038  4493  570230.00  2320210.00  20.981152  105.675654   -7.1087  -13.1691
   450  3999  4517  569840.00  2319970.00  20.978999  105.671893   -7.0143  -18.0455
   451  4140  4517  571250.00  2319970.00  20.978945  105.685457  -13.4761  -18.9511
   452  4425  4550  574100.00  2319640.00  20.975851  105.712860   -3.0586  -11.7192
   453  4407  4577  573920.00  2319370.00  20.973419  105.711117   -9.0290  -15.4458
   454  4176  4598  571610.00  2319160.00  20.971612  105.688887   -9.0460  -14.6847
   455  4335  4625  573200.00  2318890.00  20.969111  105.704170  -10.4524  -16.0679
   456  4362  4640  573470.00  2318740.00  20.967745  105.706761   -9.7111  -14.0014
   457  5382  4670  583670.00  2318440.00  20.964599  105.804861   -8.5341  -16.0649
   458  4686  4703  576710.00  2318110.00  20.961920  105.737899   -9.6528  -14.2773
   459  4680  4709  576650.00  2318050.00  20.961381  105.737319   -9.1855  -15.7506
   460  2526  4715  555110.00  2317990.00  20.961609  105.530126  -11.8139  -21.7669
   461  4344  4718  573290.00  2317960.00  20.960704  105.704997  -11.3325  -16.6972
   462  3345  4718  563300.00  2317960.00  20.961075  105.608904   -6.9830  -16.6094
   463  2511  4721  554960.00  2317930.00  20.961071  105.528681   -9.4229  -20.3687
   464  4524  4730  575090.00  2317840.00  20.959548  105.722305  -13.0145  -17.5760
   465  5664  4766  586490.00  2317480.00  20.955795  105.831938   -5.2492  -13.0395
   466  4590  4772  575750.00  2317420.00  20.955726  105.728635   -5.7540  -15.8750
   467  2898  4775  558830.00  2317390.00  20.956073  105.565888  -13.7133  -18.1390
   468  2865  4778  558500.00  2317360.00  20.955812  105.562713  -10.1238  -17.2101
   469  5235  4802  582200.00  2317120.00  20.952739  105.790659  -10.9288  -16.9803
   470  4599  4826  575840.00  2316880.00  20.950843  105.729477   -8.3977  -14.6157
   471  2595  4826  555800.00  2316880.00  20.951559  105.536727  -10.8054  -16.5799
   472  5727  4829  587120.00  2316850.00  20.950074  105.837965   -9.3501  -20.1281
   473  4614  4847  575990.00  2316670.00  20.948940  105.730910   -8.8552  -14.3662
   474  6147  4877  591320.00  2316370.00  20.945534  105.878334   -9.4372  -18.5050
   475  6123  4877  591080.00  2316370.00  20.945546  105.876026   -6.2404  -12.7899
   476  6294  4886  592790.00  2316280.00  20.944648  105.892467   -8.8523  -16.5091
   477  6306  4895  592910.00  2316190.00  20.943828  105.893616   -9.5753  -17.4689
   478  6237  4934  592220.00  2315800.00  20.940340  105.886960   -7.5110  -13.2435
   479  6273  4946  592580.00  2315680.00  20.939237  105.890415   -9.4672  -14.8399
   480  4461  4949  574460.00  2315650.00  20.939787  105.716151   -7.6959  -19.3152
   481  4506  4958  574910.00  2315560.00  20.938955  105.720475  -11.9795  -14.3743
   482  6084  4961  590690.00  2315530.00  20.937976  105.872231   -6.0982  -13.4449
   483  6057  4964  590420.00  2315500.00  20.937718  105.869633   -7.8761  -13.3003
   484  6393  4991  593780.00  2315230.00  20.935111  105.901931   -6.1431  -16.2026
   485  2706  4994  556910.00  2315200.00  20.936346  105.547348  -10.8522  -19.1686
   486  4380  5018  573650.00  2314960.00  20.933585  105.708332  -12.3586  -18.0817
   487  6234  5024  592190.00  2314900.00  20.932210  105.886623  -10.7554  -16.8217
   488  6258  5027  592430.00  2314870.00  20.931927  105.888930  -11.0918  -18.1155
   489  4398  5048  573830.00  2314660.00  20.930867  105.710050  -10.9853  -18.6557
   490  3510  5078  564950.00  2314360.00  20.928491  105.624641  -16.5501  -19.1218
   491  3489  5099  564740.00  2314150.00  20.926601  105.622613   -6.8566  -15.9858
   492  4740  5126  577250.00  2313880.00  20.923680  105.742905   -9.3573  -17.5871
   493  4116  5132  571010.00  2313820.00  20.923388  105.682896  -13.3141  -19.6515
   494  4200  5138  571850.00  2313760.00  20.922814  105.690971  -10.3500  -16.0125
   495  4383  5138  573680.00  2313760.00  20.922742  105.708569  -14.5536  -16.8493
   496  5799  5147  587840.00  2313670.00  20.921309  105.844729   -3.8032  -13.1405
   497  5655  5210  586400.00  2313040.00  20.915685  105.830851   -9.0660  -16.1569
   498  6354  5249  593390.00  2312650.00  20.911822  105.898042   -9.9931  -14.0050
   499  4638  5252  576230.00  2312620.00  20.912338  105.733041  -10.4283  -17.3780
   500  4581  5288  575660.00  2312260.00  20.909109  105.727544  -12.2492  -17.2906
   501  4533  5303  575180.00  2312110.00  20.907774  105.722922  -11.9005  -18.3229
   502  3603  5312  565880.00  2312020.00  20.907315  105.633495   -6.6811  -15.7893
   503  4287  5381  572720.00  2311330.00  20.900825  105.699236    1.3317  -17.1644
   504  2880  5462  558650.00  2310520.00  20.894006  105.563925   -9.4978  -15.8266
   505  4599  5546  575840.00  2309680.00  20.885791  105.729162   -5.2310  -17.9771
   506  4599  5567  575840.00  2309470.00  20.883894  105.729153   -7.2504  -16.1033
   507  4623  5573  576080.00  2309410.00  20.883342  105.731458   -7.0665  -16.5492
   508  6156  5588  591410.00  2309260.00  20.881293  105.878825  -11.0123  -16.7039
   509  4659  5597  576440.00  2309170.00  20.881159  105.734908  -10.4663  -16.3020
   510  4617  5606  576020.00  2309080.00  20.880363  105.730867   -9.8835  -16.3967
   511  6255  5612  592400.00  2309020.00  20.879076  105.888330   -8.2971  -16.3999
   512  6222  5615  592070.00  2308990.00  20.878821  105.885156  -11.4212  -15.0008
   513  3312  5651  562970.00  2308630.00  20.876787  105.605392  -10.8006  -20.3231
   514  6525  5657  595100.00  2308570.00  20.874873  105.914260  -11.0181  -12.9541
   515  6243  5699  592280.00  2308150.00  20.871221  105.887130   -3.5252  -11.4683
   516  6645  5705  596300.00  2308090.00  20.870475  105.925769   -9.6806  -14.3648
   517  6327  5717  593120.00  2307970.00  20.869553  105.895195  -11.6625  -15.9928
   518  6198  5735  591830.00  2307790.00  20.867991  105.882785   -9.0832  -13.2255
   519  6438  5789  594230.00  2307250.00  20.862992  105.905826   -8.6664  -15.2976
   520  3726  5792  567110.00  2307220.00  20.863902  105.645137   -9.9474  -13.7581
   521  6150  5792  591350.00  2307220.00  20.862865  105.878142   -3.2117  -15.9913
   522  3705  5795  566900.00  2307190.00  20.863639  105.643117   -8.5191  -13.8853
   523  6363  5798  593480.00  2307160.00  20.862217  105.898612  -10.3451  -10.6936
   524  3414  5831  563990.00  2306830.00  20.860489  105.615131  -12.9049  -15.8332
   525  6336  5846  593210.00  2306680.00  20.857894  105.895991   -3.1074  -16.8959
   526  3837  5861  568220.00  2306530.00  20.857627  105.655780  -12.4601  -16.8994
   527  3834  5864  568190.00  2306500.00  20.857357  105.655491   -5.7212   -9.4451
   528  6666  5873  596510.00  2306410.00  20.855286  105.927695  -11.9617  -17.2517
   529  4500  5876  574850.00  2306380.00  20.856016  105.719503   -8.8544  -13.5003
   530  4890  5903  578750.00  2306110.00  20.853415  105.756977  -10.4632  -17.8411
   531  5742  5906  587270.00  2306080.00  20.852762  105.838867   -9.5881  -13.8260
   532  3888  5909  568730.00  2306050.00  20.853272  105.660664  -12.7307  -22.3954
   533  4896  5915  578810.00  2305990.00  20.852328  105.757548  -13.8966  -15.7534
   534  4926  5954  579110.00  2305600.00  20.848792  105.760414   -7.9271  -14.6844
   535  5751  5993  587360.00  2305210.00  20.844898  105.839688  -11.7804  -14.9472
   536  3675  5999  566600.00  2305150.00  20.845218  105.640156  -13.3360  -20.3794
   537  3798  6005  567830.00  2305090.00  20.844631  105.651975  -11.3118  -18.2533
   538  4176  6059  571610.00  2304550.00  20.839610  105.688284   -5.2110  -12.5568
   539  4887  6068  578720.00  2304460.00  20.838508  105.756614   -7.1719  -13.1924
   540  5817  6068  588020.00  2304460.00  20.838090  105.845994  -10.4422  -18.9760
   541  4026  6086  570110.00  2304280.00  20.837228  105.673857   -4.6621  -13.9699
   542  6108  6101  590930.00  2304130.00  20.834969  105.873943    1.2985   -7.3011
   544  4131  6203  571160.00  2303110.00  20.826616  105.683901  -10.4410  -14.2889
   545  4032  6293  570170.00  2302210.00  20.818522  105.674350   -9.9468  -16.1028
   546  5907  6302  588920.00  2302120.00  20.816906  105.854524   -2.7569  -14.8526
   547  3978  6365  569630.00  2301490.00  20.812037  105.669132  -10.8330  -14.4600
   548  4635  6407  576200.00  2301070.00  20.807985  105.732247   -6.3267  -12.4908
   549  4881  6515  578660.00  2299990.00  20.798124  105.755836  -16.3487  -18.3302
   550  3972  6524  569570.00  2299900.00  20.797674  105.668492  -10.5561  -18.6179
   551  3975  6575  569600.00  2299390.00  20.793065  105.668760  -11.3031  -15.4213
   552  3882  6587  568670.00  2299270.00  20.792015  105.659820  -12.0192  -20.4566
   553  6723  6677  597080.00  2298370.00  20.782617  105.932726   -8.7344  -15.2321
   554  3975  6704  569600.00  2298100.00  20.781409  105.668709  -14.1960  -24.5583
   555  6936  6743  599210.00  2297710.00  20.776542  105.953151  -11.9675  -15.1480
   556  6687  6758  596720.00  2297560.00  20.775318  105.929223   -8.6584  -13.8836
   557  6987  6761  599720.00  2297530.00  20.774889  105.958040   -9.8002  -13.9774
   558  6942  6764  599270.00  2297500.00  20.774642  105.953716   -1.1016  -13.7940
   559  7032  6773  600170.00  2297410.00  20.773780  105.962356  -10.4153  -21.9607
   560  7035  6791  600200.00  2297230.00  20.772152  105.962634   -5.8066  -14.2916
   561  6882  6794  598670.00  2297200.00  20.771963  105.947935   -7.5137  -15.7754
   562  7056  6794  600410.00  2297200.00  20.771870  105.964650   -7.6706  -12.8265
   563  5856  6812  588410.00  2297020.00  20.770852  105.849365  -12.0602  -15.4282
   564  6426  6821  594110.00  2296930.00  20.769760  105.904116   -6.3802  -12.5344
   565  7035  6857  600200.00  2296570.00  20.766190  105.962596   -8.6923  -17.5232
   566  7044  6872  600290.00  2296420.00  20.764830  105.963452   -8.5043  -19.4125
   567  4044  6935  570290.00  2295790.00  20.760512  105.675245   -6.0355  -19.4617
   568  6639  6953  596240.00  2295610.00  20.757725  105.924505   -7.2114  -18.4521
   569  5850  7004  588350.00  2295100.00  20.753508  105.848692   -6.0251  -15.9369
   570  6237  7022  592220.00  2294920.00  20.751695  105.885855   -8.7959  -18.3707
   571  7047  7070  600320.00  2294440.00  20.746939  105.963627  -11.3760  -23.4311
   572  4284  7130  572690.00  2293840.00  20.742801  105.698219   -7.9003  -15.0117
   573  6345  7160  593300.00  2293540.00  20.739173  105.896155   -9.7375  -16.9350
   574  4548  7247  575330.00  2292670.00  20.732125  105.723525   -9.1120  -15.6302
   575  4473  7268  574580.00  2292460.00  20.730258  105.716313    9.0970    3.4805
   576  4239  7436  572240.00  2290780.00  20.715170  105.693771   -8.8777  -11.5023
   577  7149  7628  601340.00  2288860.00  20.696471  105.973101   -8.3716  -17.7655
   578  5019  7637  580040.00  2288770.00  20.696692  105.768583   -9.7154  -15.2329
   579  7221  7757  602060.00  2287570.00  20.684777  105.979940  -10.1395  -20.3722
   580  7269  7769  602540.00  2287450.00  20.683667  105.984541   -8.2699  -17.9443
   581  5073  7775  580580.00  2287390.00  20.684200  105.773705   -7.6171  -15.9460
   582  7191  7787  601760.00  2287270.00  20.682083  105.977042   -3.5905  -16.1486
   583  7209  7832  601940.00  2286820.00  20.678008  105.978744  -10.3821  -16.7750
   584  7095  7835  600800.00  2286790.00  20.677798  105.967798   -6.8906  -16.2206
   585  7092  7850  600770.00  2286640.00  20.676445  105.967502   -5.3271  -16.4065
   586  7179  7856  601640.00  2286580.00  20.675856  105.975850   -5.2793  -11.8962
   587  5064  7940  580490.00  2285740.00  20.669296  105.772765   -9.7891  -25.5066
   588  6012  8003  589970.00  2285110.00  20.663172  105.863741   -9.0900  -14.6771
   589  5160  8018  581450.00  2284960.00  20.662207  105.781945   -7.3660  -13.5848
   590  4416  8045  574010.00  2284690.00  20.660076  105.710512  -11.7462  -11.9303
   591  5202  8123  581870.00  2283910.00  20.652702  105.785928   -9.6830  -15.0013
   592  5310  8204  582950.00  2283100.00  20.645336  105.796257  -14.5161  -15.9062
   593  5142  8432  581270.00  2280820.00  20.624809  105.780027   -5.5512  -12.9646
   594  5145  8441  581300.00  2280730.00  20.623994  105.780310   -9.2378  -12.5384
