; ENVI Output of ROIs (5.2) [Wed Nov 27 01:54:54 2019]
; Number of ROIs: 1
; File Dimension: 7647 x 9116
;
; ROI name: EVF: Layer: crop.shp
; ROI rgb value: {255, 255, 255}
; ROI npts: 596
;   ID     X     Y      Map X       Map Y        Lat         Lon        B1        B2
     1  5361    86  583460.00  2364280.00  21.378753  105.805079   -9.1584  -17.4436
     2  5688   158  586730.00  2363560.00  21.372094  105.836583  -11.9252  -18.3488
     3  5196   167  581810.00  2363470.00  21.371511  105.789124   -7.2343  -14.2334
     4  5217   224  582020.00  2362900.00  21.366352  105.791122   -8.1220  -11.8436
     5  5253   245  582380.00  2362690.00  21.364438  105.794584   -9.3281  -14.3939
     6  5580   305  585650.00  2362090.00  21.358866  105.826091   -9.4450  -18.7510
     7  5508   362  584930.00  2361520.00  21.353750  105.819119  -12.9841  -19.2728
     8  5244   365  582290.00  2361490.00  21.353601  105.793658   -5.7471  -16.9403
     9  5373   368  583580.00  2361460.00  21.353271  105.806097  -12.9531  -19.8648
    10  5286   404  582710.00  2361100.00  21.350059  105.797689  -11.3605  -15.9149
    11  5538   533  585230.00  2359810.00  21.338287  105.821926   -4.9671  -14.7426
    12  5916   590  589010.00  2359240.00  21.332955  105.858346  -12.8219  -16.6235
    13  5910   602  588950.00  2359120.00  21.331874  105.857761  -11.0452  -20.4236
    14  5214   626  581990.00  2358880.00  21.330035  105.790638  -10.1928  -18.9828
    15  6006   743  589910.00  2357710.00  21.319088  105.866943  -12.3228  -17.8823
    16  5964   746  589490.00  2357680.00  21.318838  105.862892  -10.0630  -20.0812
    17  5529   800  585140.00  2357140.00  21.314170  105.820924   -9.8506  -20.6472
    18  5598   857  585830.00  2356570.00  21.308987  105.827548  -11.4149  -16.9724
    19  6051   860  590360.00  2356540.00  21.308496  105.871219  -10.9617  -22.5930
    20  5598   872  585830.00  2356420.00  21.307632  105.827540  -11.2272  -14.8150
    21  5952   905  589370.00  2356090.00  21.304480  105.861651  -11.5604  -12.6402
    25  6072   926  590570.00  2355880.00  21.302523  105.873209  -13.3905  -17.3065
    26  5505   953  584900.00  2355610.00  21.300358  105.818533   -6.8710  -17.0042
    27  5346   959  583310.00  2355550.00  21.299890  105.803202   -8.0436  -17.8061
    29  5904  1073  588890.00  2354410.00  21.289326  105.856936   -8.8939  -19.7756
    30  6267  1079  592520.00  2354350.00  21.288602  105.891924   -8.8266  -18.0814
    31  5844  1085  588290.00  2354290.00  21.288271  105.851146  -17.9920  -23.7585
    32  4719  1091  577040.00  2354230.00  21.288242  105.742696  -10.4303  -13.2322
    33  4857  1142  578420.00  2353720.00  21.283575  105.755976  -14.0981  -21.1668
    34  4701  1142  576860.00  2353720.00  21.283642  105.740938  -11.3978  -18.8801
    35  5514  1220  584990.00  2352940.00  21.276232  105.819267   -8.8808  -18.4019
    36  4695  1448  576800.00  2350660.00  21.255999  105.740222  -11.6066  -19.1810
    37  4956  1454  579410.00  2350600.00  21.255344  105.765373  -10.2141  -17.9548
    38  1479  1457  544640.00  2350570.00  21.256262  105.430260   -8.1550  -16.6047
    39  1515  1460  545000.00  2350540.00  21.255982  105.433729  -12.8578  -18.0959
    40  1497  1484  544820.00  2350300.00  21.253818  105.431988  -12.4568  -20.6252
    41  5646  1493  586310.00  2350210.00  21.251506  105.831852   -8.9680  -20.4318
    42  1518  1505  545030.00  2350090.00  21.251915  105.434007   -9.8686  -16.6191
    43  6135  1529  591200.00  2349850.00  21.248014  105.878958  -10.0949  -20.8439
    44   753  1553  537380.00  2349610.00  21.247752  105.360265  -11.7821  -19.2154
    45  6033  1634  590180.00  2348800.00  21.238579  105.869073  -13.8536  -16.5373
    46  1524  1655  545090.00  2348590.00  21.238361  105.434545   -9.4132  -19.6523
    47  5010  1661  579950.00  2348530.00  21.236619  105.770480   -8.9614  -16.2523
    48  3711  1697  566960.00  2348170.00  21.233892  105.645288   -8.1685  -19.1293
    49  3705  1700  566900.00  2348140.00  21.233623  105.644708   -7.0262  -15.2850
    50  1287  1703  542720.00  2348110.00  21.234081  105.411693   -7.1775  -18.9678
    51  1716  1724  547010.00  2347900.00  21.232078  105.453029  -14.1768  -17.6893
    52  1683  1739  546680.00  2347750.00  21.230731  105.449845  -13.3152  -11.6400
    53  3735  1754  567200.00  2347600.00  21.228733  105.647578  -10.5926  -16.2516
    54  6267  1772  592520.00  2347420.00  21.225994  105.891547  -10.6993  -17.6676
    55   822  1778  538070.00  2347360.00  21.227408  105.366865  -11.2465  -21.5630
    56   768  1787  537530.00  2347270.00  21.226606  105.361659  -11.0316  -20.1593
    57  1668  1790  546530.00  2347240.00  21.226127  105.448386   -6.6029  -16.9091
    58  1212  1826  541970.00  2346880.00  21.222985  105.404435  -16.4724  -17.7771
    59  1749  1862  547340.00  2346520.00  21.219601  105.456171  -10.3846  -16.7999
    60   996  1874  539810.00  2346400.00  21.218697  105.383610  -10.9131  -18.8573
    61  5595  1874  585800.00  2346400.00  21.217109  105.826745   -9.5365  -16.6210
    62  1695  1883  546800.00  2346310.00  21.217718  105.450962   -6.3924  -14.7445
    63  4962  1940  579470.00  2345740.00  21.211434  105.765725   -8.0794  -15.0865
    64  1344  1946  543290.00  2345680.00  21.212112  105.417125   -9.5890  -13.4278
    65  1779  1955  547640.00  2345590.00  21.211190  105.459036   -9.1869  -17.9882
    66  1743  1976  547280.00  2345380.00  21.209302  105.455561  -10.4596  -17.9030
    67  4590  1988  575750.00  2345260.00  21.207256  105.729862  -10.4020  -11.8606
    68  4716  1994  577010.00  2345200.00  21.206661  105.741999   -8.4177  -13.9316
    69  5760  2006  587450.00  2345080.00  21.205105  105.842575  -11.3123  -14.1191
    70   684  2021  536690.00  2344930.00  21.205481  105.353515   -9.0395  -16.8704
    71  5565  2021  585500.00  2344930.00  21.203842  105.823781  -10.3150  -16.0319
    72  1554  2042  545390.00  2344720.00  21.203387  105.437333   -5.1709  -16.9316
    73  3723  2045  567080.00  2344690.00  21.202446  105.646307  -11.9171  -15.0934
    74  1716  2075  547010.00  2344390.00  21.200365  105.452933  -11.0205  -18.7302
    75  1578  2075  545630.00  2344390.00  21.200400  105.439637  -13.7047  -13.7059
    76   771  2078  537560.00  2344360.00  21.200313  105.361884   -7.1549  -14.2713
    77  4626  2087  576110.00  2344270.00  21.198296  105.733286   -8.2968  -25.9670
    79   798  2096  537830.00  2344180.00  21.198681  105.364482   -8.4772  -11.9810
    80  1725  2096  547100.00  2344180.00  21.198465  105.453794  -14.0273  -13.3592
    81   783  2099  537680.00  2344150.00  21.198413  105.363036   -7.7510  -12.8794
    82   825  2111  538100.00  2344030.00  21.197320  105.367080   -9.7955  -17.0425
    83  1818  2114  548030.00  2344000.00  21.196814  105.462749   -8.3314  -20.2461
    84  4380  2123  573650.00  2343910.00  21.195145  105.709571   -7.4595  -17.7387
    85  1323  2141  543080.00  2343730.00  21.194499  105.415052   -9.8586  -16.0770
    86  4668  2150  576530.00  2343640.00  21.192587  105.737304   -8.9153  -15.1719
    87  1443  2153  544280.00  2343610.00  21.193386  105.426610  -11.0328  -16.3005
    88   921  2177  539060.00  2343370.00  21.191337  105.376314   -8.2714  -19.7498
    89  1401  2183  543860.00  2343310.00  21.190685  105.422556   -6.9777  -14.5479
    90  4695  2183  576800.00  2343310.00  21.189594  105.739890   -9.8837  -17.6059
    91  4680  2186  576650.00  2343280.00  21.189329  105.738444  -11.8896  -17.1239
    92  1713  2198  546980.00  2343160.00  21.189252  105.452610   -5.8770  -15.3164
    93  1839  2207  548240.00  2343070.00  21.188406  105.464746   -7.6952  -15.6757
    94  4302  2216  572870.00  2342980.00  21.186774  105.702017   -7.4530  -16.2326
    95  5787  2237  587720.00  2342770.00  21.184222  105.845058  -12.2196  -20.2062
    96  5649  2255  586340.00  2342590.00  21.182662  105.831755  -11.1015  -23.3464
    97  5577  2264  585620.00  2342500.00  21.181883  105.824815  -11.0898  -22.4791
    98   807  2264  537920.00  2342500.00  21.183500  105.365312   -9.5938  -19.2367
    99  4611  2267  575960.00  2342470.00  21.182040  105.731761   -9.2600  -15.2862
   100  1233  2267  542180.00  2342470.00  21.183135  105.406350   -8.5628  -14.5014
   101  4788  2270  577730.00  2342440.00  21.181694  105.748810  -10.4419  -14.8881
   102  3561  2291  565460.00  2342230.00  21.180279  105.630605   -6.7029  -12.7219
   103  1224  2300  542090.00  2342140.00  21.180156  105.405475  -10.1857  -11.9474
   104  4827  2300  578120.00  2342140.00  21.178967  105.752553  -11.5172  -15.3622
   105  4713  2303  576980.00  2342110.00  21.178745  105.741570   -9.8338  -15.7148
   106  4845  2303  578300.00  2342110.00  21.178688  105.754285   -8.4462  -14.4764
   107  4707  2309  576920.00  2342050.00  21.178205  105.740990   -6.8685  -14.7683
   108  4788  2315  577730.00  2341990.00  21.177629  105.748789   -6.2267  -15.1812
   109  1197  2318  541820.00  2341960.00  21.178536  105.402869   -9.9202  -16.4337
   110  4842  2333  578270.00  2341810.00  21.175979  105.753983   -5.8609  -14.4820
   111   810  2336  537950.00  2341780.00  21.176994  105.365585   -8.5039  -22.9622
   112  1176  2342  541610.00  2341720.00  21.176372  105.400841  -10.9416  -17.5383
   113  1155  2342  541400.00  2341720.00  21.176377  105.398818   -4.3442  -15.4382
   114  4533  2378  575180.00  2341360.00  21.172044  105.724199   -8.3228  -18.5344
   115  4536  2384  575210.00  2341300.00  21.171501  105.724485   -6.6885  -15.5890
   116  3609  2399  565940.00  2341150.00  21.170504  105.635187  -14.5313  -21.5985
   117  4758  2402  577430.00  2341120.00  21.169781  105.745860   -6.9870  -14.7080
   118  4674  2408  576590.00  2341060.00  21.169275  105.737767   -8.7127  -15.1298
   119  5190  2417  581750.00  2340970.00  21.168238  105.787463  -10.9783  -12.1934
   120  5061  2420  580460.00  2340940.00  21.168024  105.775037   -8.9337  -14.7569
   121  1047  2429  540320.00  2340850.00  21.168540  105.388393   -6.8517   -9.9964
   122  4809  2453  577940.00  2340610.00  21.165152  105.750749   -9.9632  -15.0787
   123  1239  2456  542240.00  2340580.00  21.166057  105.406881   -5.9795  -18.6874
   124  5034  2468  580190.00  2340460.00  21.163699  105.772414   -4.3248  -11.8037
   125  3054  2474  560390.00  2340400.00  21.163920  105.581701  -12.5182  -22.9044
   126  4176  2477  571610.00  2340370.00  21.163243  105.689770   -8.3507  -15.2358
   127  4476  2483  574610.00  2340310.00  21.162581  105.718662  -11.1290  -15.2421
   128  5589  2489  585740.00  2340250.00  21.161549  105.825858   -6.2384  -14.6995
   129  4788  2510  577730.00  2340040.00  21.160011  105.748701  -10.7845  -15.5543
   130  1089  2513  540740.00  2340010.00  21.160941  105.392419  -11.8459  -20.7969
   131  4764  2519  577490.00  2339950.00  21.159208  105.746385  -13.1670  -16.5151
   132  4866  2525  578510.00  2339890.00  21.158622  105.756206   -4.5799  -16.1688
   133  5664  2525  586490.00  2339890.00  21.158262  105.833064   -7.3411  -17.4934
   134  4575  2528  575600.00  2339860.00  21.158474  105.728178   -5.8674  -15.4852
   135  3807  2531  567920.00  2339830.00  21.158505  105.654207  -11.3225  -29.4257
   136  4491  2534  574760.00  2339800.00  21.157967  105.720085  -11.6487  -16.3447
   137  3900  2540  568850.00  2339740.00  21.157657  105.663161  -10.7050  -15.5184
   138  4734  2543  577190.00  2339710.00  21.157053  105.743485   -9.7625  -15.7526
   139  4740  2543  577250.00  2339710.00  21.157050  105.744063  -13.4976  -16.9350
   140  5475  2552  584600.00  2339620.00  21.155911  105.814847   -7.3655  -13.9173
   141  4728  2555  577130.00  2339590.00  21.155971  105.742902   -8.4083  -21.1884
   142  5694  2564  586790.00  2339500.00  21.154724  105.835933   -6.6773  -15.3541
   143  4899  2570  578840.00  2339440.00  21.154543  105.759364  -11.3792  -14.8523
   144  3924  2576  569090.00  2339380.00  21.154396  105.665458   -4.0297  -12.9161
   145  3897  2576  568820.00  2339380.00  21.154406  105.662857   -8.7387  -16.0810
   146  4860  2579  578450.00  2339350.00  21.153746  105.755604   -6.1594  -12.0468
   147  3237  2582  562220.00  2339320.00  21.154101  105.599288   -8.8735  -17.1208
   148  4761  2582  577460.00  2339320.00  21.153518  105.746068   -7.1205  -13.1933
   149  4422  2585  574070.00  2339290.00  21.153387  105.713417  -11.3855  -17.1725
   150  3873  2588  568580.00  2339260.00  21.153331  105.660541  -10.2637  -15.2778
   151  3627  2588  566120.00  2339260.00  21.153422  105.636848  -10.9834  -18.2887
   152  4761  2588  577460.00  2339260.00  21.152975  105.746065   -9.8521  -15.1041
   153  3615  2594  566000.00  2339200.00  21.152884  105.635690  -13.9856  -20.6400
   154  3984  2594  569690.00  2339200.00  21.152747  105.671229   -6.8038  -15.7427
   155  1701  2597  546860.00  2339170.00  21.153205  105.451344  -11.0479  -18.5569
   156  4731  2603  577160.00  2339110.00  21.151633  105.743169   -7.5476  -16.8915
   157  3342  2606  563270.00  2339080.00  21.151896  105.609392   -7.9695  -18.2806
   158  5532  2609  585170.00  2339050.00  21.150735  105.820309   -7.3609  -14.9731
   159  4143  2609  571280.00  2339050.00  21.151330  105.686536  -12.0277  -21.2685
   160  4212  2618  571970.00  2338960.00  21.150490  105.693178  -13.8226  -30.4149
   161  4224  2624  572090.00  2338900.00  21.149943  105.694331  -10.6097  -15.3400
   162   171  2624  531560.00  2338900.00  21.151094  105.303975  -15.3165  -18.1301
   163  3981  2636  569660.00  2338780.00  21.148953  105.670923  -10.3264  -17.8840
   164  4815  2642  578000.00  2338720.00  21.148074  105.751241   -8.0798  -19.3498
   165  2565  2642  555500.00  2338720.00  21.148897  105.534546   -4.5892  -15.1738
   166  5568  2645  585530.00  2338690.00  21.147465  105.823758   -5.3857  -16.4108
   167  3639  2654  566240.00  2338600.00  21.147454  105.637978  -13.1379  -18.2958
   168  3570  2657  565550.00  2338570.00  21.147208  105.631332  -13.2264  -19.4150
   169  4254  2663  572390.00  2338510.00  21.146408  105.697204  -12.5386  -16.0901
   170  3363  2666  563480.00  2338480.00  21.146468  105.611393   -8.9919  -20.1317
   171  3576  2666  565610.00  2338480.00  21.146393  105.631906  -11.3814  -31.2547
   172  3576  2669  565610.00  2338450.00  21.146122  105.631905  -14.0857  -21.2499
   173  3966  2672  569510.00  2338420.00  21.145706  105.669464   -3.3459  -15.7824
   174  4212  2672  571970.00  2338420.00  21.145611  105.693155   -7.6009  -18.2492
   175  3162  2675  561470.00  2338390.00  21.145724  105.592031  -11.5144  -13.7775
   176  4458  2675  574430.00  2338390.00  21.145241  105.716845  -10.2891  -17.6395
   177  3123  2678  561080.00  2338360.00  21.145466  105.588274   -6.6019  -16.4643
   178  3516  2678  565010.00  2338360.00  21.145330  105.626123   -9.9163  -18.4917
   179  1722  2681  547070.00  2338330.00  21.145610  105.453344  -15.9027  -18.7323
   180  5604  2681  585890.00  2338330.00  21.144196  105.827207   -9.1570  -14.6766
   181  3717  2684  567020.00  2338300.00  21.144715  105.645479  -14.8555  -23.6501
   182  1833  2687  548180.00  2338270.00  21.145039  105.464033  -10.4210  -19.1164
   183   171  2702  531560.00  2338120.00  21.144047  105.303961   -7.9439  -14.2472
   184  5064  2705  580490.00  2338090.00  21.142274  105.775192  -14.6198  -20.7942
   185  4515  2711  575000.00  2338030.00  21.141965  105.722319  -12.3328  -18.1222
   186   243  2720  532280.00  2337940.00  21.142408  105.310892   -5.7990  -13.2278
   187  3153  2726  561380.00  2337880.00  21.141119  105.591146   -7.1654  -15.1076
   188  3618  2738  566030.00  2337760.00  21.139873  105.635923   -9.4069  -15.8149
   189  4812  2744  577970.00  2337700.00  21.138860  105.750906  -11.3786  -12.9910
   190  3501  2747  564860.00  2337670.00  21.139101  105.624652   -7.2570  -14.7414
   191  5715  2768  587000.00  2337460.00  21.136283  105.837852   -3.2989  -14.8795
   192  3147  2774  561320.00  2337400.00  21.136784  105.590551   -6.6462  -14.6176
   193  1800  2780  547850.00  2337340.00  21.136645  105.460828  -14.1860  -22.8110
   194  1947  2780  549320.00  2337340.00  21.136606  105.474985   -8.6550  -15.5124
   195  4230  2783  572150.00  2337310.00  21.135575  105.694842  -13.3897  -15.4543
   196  4506  2789  574910.00  2337250.00  21.134922  105.721418   -8.6248  -15.0453
   197  6204  2789  591890.00  2337250.00  21.134147  105.884930   -8.9667  -14.1054
   198  5607  2792  585920.00  2337220.00  21.134166  105.827440  -12.0429  -15.7185
   199  6003  2807  589880.00  2337070.00  21.132620  105.865565   -9.6981  -14.5695
   200  4278  2810  572630.00  2337040.00  21.133117  105.699453  -12.7332  -16.1146
   201  5544  2822  585290.00  2336920.00  21.131485  105.821358  -10.3566  -16.1991
   202  2742  2831  557270.00  2336830.00  21.131766  105.551529   -9.2172  -15.0434
   203  1866  2840  548510.00  2336740.00  21.131206  105.467167   -5.8515  -11.7105
   204  4671  2852  576560.00  2336620.00  21.129162  105.737279   -7.4630  -14.4799
   205  2715  2855  557000.00  2336590.00  21.129606  105.548921   -9.0197  -15.8449
   206  3762  2861  567470.00  2336530.00  21.128707  105.649743   -9.8945  -21.3795
   207  3042  2864  560270.00  2336500.00  21.128688  105.580408   -5.7704  -13.9614
   208  2190  2870  551750.00  2336440.00  21.128407  105.498360   -9.9659  -12.8170
   209  3984  2897  569690.00  2336170.00  21.125371  105.671106   -5.6519  -17.1036
   210  5985  2900  589700.00  2336140.00  21.124227  105.863783   -7.2254  -13.7781
   211  2250  2900  552350.00  2336140.00  21.125679  105.504129  -10.6152  -16.5103
   212  3531  2918  565160.00  2335960.00  21.123641  105.627476  -12.2857  -13.6973
   213  4404  2921  573890.00  2335930.00  21.123038  105.711539  -13.3784  -21.6762
   214  4011  2939  569960.00  2335750.00  21.121566  105.673689   -8.5345  -15.1297
   215  3549  2957  565340.00  2335570.00  21.120111  105.629195   -7.6356  -15.4022
   216  4698  2963  576830.00  2335510.00  21.119122  105.739829  -12.7500  -17.1945
   217  2031  2966  550160.00  2335480.00  21.119777  105.483020   -7.8583  -13.2525
   218   780  2969  537650.00  2335450.00  21.119807  105.362555   -7.5784  -12.3343
   219  1899  2969  548840.00  2335450.00  21.119542  105.470309  -15.1771  -20.2345
   220  3510  2978  564950.00  2335360.00  21.118227  105.625432  -14.0439  -21.2864
   221  4746  2978  577310.00  2335360.00  21.117746  105.744444   -7.6877  -18.3071
   222  4776  2987  577610.00  2335270.00  21.116921  105.747329  -11.8781  -20.9411
   223  3837  2996  568220.00  2335180.00  21.116482  105.656911  -11.6206  -18.2420
   224  4065  3002  570500.00  2335120.00  21.115853  105.678862  -11.3266  -15.4750
   225  1527  3008  545120.00  2335060.00  21.116114  105.434477  -12.6358  -19.1146
   226  5928  3011  589130.00  2335030.00  21.114227  105.858237   -8.0929  -14.4549
   227  3594  3011  565790.00  2335030.00  21.115216  105.633507   -7.5753  -15.8422
   228  3516  3014  565010.00  2335000.00  21.114973  105.625996   -8.9393  -17.9955
   229  5937  3023  589220.00  2334910.00  21.113138  105.859097  -10.8679  -15.9861
   230  5937  3026  589220.00  2334880.00  21.112867  105.859096  -12.4491  -17.3524
   231  1410  3026  543950.00  2334880.00  21.114516  105.423206   -8.2182  -13.3237
   232  3555  3038  565400.00  2334760.00  21.112790  105.629742  -13.1139  -18.9404
   233  1359  3041  543440.00  2334730.00  21.113173  105.418292  -13.8387  -13.0568
   234  3918  3047  569030.00  2334670.00  21.111844  105.664690  -12.2073  -15.0954
   235  3510  3047  564950.00  2334670.00  21.111993  105.625405   -9.3077  -17.3432
   236   777  3071  537620.00  2334430.00  21.110591  105.362244   -6.9954  -22.1494
   237  1122  3077  541070.00  2334370.00  21.109975  105.395462  -11.2837  -18.5001
   238  5568  3077  585530.00  2334370.00  21.108436  105.823542   -6.9951  -16.5774
   239  3633  3086  566180.00  2334280.00  21.108425  105.637234   -6.0523  -13.7209
   240  3579  3101  565640.00  2334130.00  21.107090  105.632029   -5.0691  -14.9978
   241  4254  3107  572390.00  2334070.00  21.106293  105.697016   -9.9256  -18.9862
   242  5631  3113  586160.00  2334010.00  21.105154  105.829590  -11.1800  -19.5273
   243  3825  3122  568100.00  2333920.00  21.105102  105.655706   -8.1537  -15.5130
   244  3633  3122  566180.00  2333920.00  21.105173  105.637220   -9.1307  -17.8570
   245  5496  3134  584810.00  2333800.00  21.103320  105.816582  -10.9371  -14.8042
   246  5736  3143  587210.00  2333710.00  21.102394  105.839684   -8.3511  -21.4150
   247  5547  3146  585320.00  2333680.00  21.102212  105.821486   -9.9564  -19.5882
   248  1650  3146  546350.00  2333680.00  21.103614  105.446284    2.2752   -4.6645
   249  3786  3164  567710.00  2333500.00  21.101322  105.651934  -11.5622  -13.3118
   250  3618  3170  566030.00  2333440.00  21.100842  105.635757  -13.6589  -19.7460
   251  6576  3182  595610.00  2333320.00  21.098451  105.920532  -11.6337  -23.2969
   252  3711  3182  566960.00  2333320.00  21.099724  105.644706   -5.9371  -15.0836
   253  1545  3182  545300.00  2333320.00  21.100388  105.436164   -9.4524  -16.0691
   254  2286  3182  552710.00  2333320.00  21.100190  105.507509   -9.4967  -11.1154
   255  1299  3185  542840.00  2333290.00  21.100176  105.412478   -7.2281  -18.7787
   256  1680  3185  546650.00  2333290.00  21.100083  105.449162   -8.5050  -17.7475
   257   363  3185  533480.00  2333290.00  21.100372  105.322358  -11.2674  -19.1998
   258  3729  3188  567140.00  2333260.00  21.099175  105.646437   -9.9245  -14.4838
   259  1452  3191  544370.00  2333230.00  21.099598  105.427208   -9.7693  -16.8370
   260  1665  3194  546500.00  2333200.00  21.099274  105.447715  -12.6752  -12.9485
   261  3621  3197  566060.00  2333170.00  21.098401  105.636035  -10.1915  -20.7101
   262  6288  3197  592730.00  2333170.00  21.097244  105.892798  -12.7220  -18.6929
   263  6315  3203  593000.00  2333110.00  21.096688  105.895394   -7.0917  -16.0149
   264  3711  3212  566960.00  2333020.00  21.097013  105.644695  -10.4278  -21.5577
   265  3921  3221  569060.00  2332930.00  21.096122  105.664909  -11.4735  -20.7432
   266  3156  3245  561410.00  2332690.00  21.094226  105.591249   -5.3644  -13.6658
   267  5685  3248  586700.00  2332660.00  21.092932  105.834721  -13.7782  -18.9854
   268  5709  3257  586940.00  2332570.00  21.092107  105.837027   -7.3502  -15.8388
   269  3609  3263  565940.00  2332510.00  21.092442  105.634855  -10.0937  -16.6002
   270  1896  3278  548810.00  2332360.00  21.091624  105.469932  -10.9582  -11.3324
   271  1821  3299  548060.00  2332150.00  21.089746  105.462705   -9.2241  -13.4753
   272  4617  3320  576020.00  2331940.00  21.086901  105.731872  -16.0131  -13.2482
   273   297  3353  532820.00  2331610.00  21.085204  105.315972  -12.1852  -17.8000
   274  5130  3356  581150.00  2331580.00  21.083429  105.781240  -11.2713  -14.3338
   275  2283  3359  552680.00  2331550.00  21.084198  105.507165   -7.5313  -15.1617
   276  4758  3365  577430.00  2331490.00  21.082777  105.745425  -10.4105  -14.2876
   277  6474  3365  594590.00  2331490.00  21.081971  105.910612   -9.9712  -14.7712
   278  5610  3374  585950.00  2331400.00  21.081584  105.827437  -10.6154  -19.4092
   279  2316  3383  553010.00  2331310.00  21.082020  105.510335  -11.2618  -20.4253
   280  4479  3395  574640.00  2331190.00  21.080182  105.718554   -8.1521  -14.2177
   281  4797  3401  577820.00  2331130.00  21.079508  105.749163   -7.1026  -14.4516
   282  1632  3404  546170.00  2331100.00  21.080308  105.444481   -7.6377  -18.2974
   283  4827  3413  578120.00  2331010.00  21.078411  105.752046   -9.5419  -14.7427
   284  3228  3416  562130.00  2330980.00  21.078752  105.598119   -9.6701  -16.6718
   285  4695  3416  576800.00  2330980.00  21.078195  105.739338  -10.8869  -19.1219
   286  4968  3425  579530.00  2330890.00  21.077266  105.765613   -5.9582  -12.8905
   287  4809  3428  577940.00  2330860.00  21.077063  105.750306  -10.7707  -17.4590
   288  4740  3428  577250.00  2330860.00  21.077092  105.743664  -14.4254  -19.1803
   289  5100  3434  580850.00  2330800.00  21.076395  105.778315  -10.7393  -17.5701
   290  4503  3434  574880.00  2330800.00  21.076649  105.720848   -7.6107  -14.8393
   291  4806  3437  577910.00  2330770.00  21.076251  105.750013   -8.5510  -12.2830
   292  4827  3437  578120.00  2330770.00  21.076242  105.752035   -5.0384  -15.6808
   293  4824  3437  578090.00  2330770.00  21.076244  105.751746   -8.4785  -12.0901
   294  4776  3440  577610.00  2330740.00  21.075993  105.747124  -10.7273  -15.7865
   295  4974  3443  579590.00  2330710.00  21.075637  105.766182   -9.6901  -14.7788
   296  5667  3443  586520.00  2330710.00  21.075323  105.832890  -11.3918  -21.9806
   297  3768  3449  567530.00  2330650.00  21.075579  105.650089  -11.7517  -18.6651
   298  4815  3452  578000.00  2330620.00  21.074892  105.750873  -10.2730  -16.4373
   299  6285  3455  592700.00  2330590.00  21.073936  105.892370  -15.3095  -18.2146
   300  4860  3458  578450.00  2330560.00  21.074331  105.755202  -11.8081  -15.1092
   301  4713  3461  576980.00  2330530.00  21.074122  105.741050   -8.8286  -15.2671
   302  3996  3476  569810.00  2330380.00  21.073054  105.672026  -10.2649  -14.3572
   303  5730  3482  587150.00  2330320.00  21.071769  105.838934   -6.0012  -14.4609
   304  2055  3485  550400.00  2330290.00  21.072878  105.485179   -8.2011  -15.7344
   305  1671  3485  546560.00  2330290.00  21.072980  105.448214  -12.0557  -15.5393
   306  6297  3488  592820.00  2330260.00  21.070949  105.893507  -11.6218  -14.7497
   307  4728  3491  577130.00  2330230.00  21.071406  105.742481  -14.0334  -16.9535
   308  1494  3494  544790.00  2330200.00  21.072210  105.431173  -11.6543  -16.9976
   309  4818  3509  578030.00  2330050.00  21.069741  105.751136  -10.3123  -15.8925
   310  6996  3509  599810.00  2330050.00  21.068684  105.960776  -11.4386  -16.8211
   311  3801  3518  567860.00  2329960.00  21.069333  105.653239   -7.9416  -10.7262
   312  3630  3518  566150.00  2329960.00  21.069395  105.636778   -6.0563  -12.3727
   313  4905  3521  578900.00  2329930.00  21.068620  105.759505   -9.1211  -17.7305
   314  3921  3521  569060.00  2329930.00  21.069017  105.664788  -13.7900  -17.9373
   315  2253  3527  552380.00  2329870.00  21.069028  105.504226   -7.4341  -17.0872
   316  4863  3545  578480.00  2329690.00  21.066469  105.755451  -13.7613  -18.9089
   317  2148  3554  551330.00  2329600.00  21.066618  105.494111  -12.4465  -19.3736
   318  6942  3554  599270.00  2329600.00  21.064648  105.955552   -6.6600  -11.3698
   319  4767  3557  577520.00  2329570.00  21.065426  105.746205   -9.5302  -14.9032
   320  7389  3572  603740.00  2329420.00  21.062774  105.998564   -8.2392  -15.6657
   321  4593  3575  575780.00  2329390.00  21.063873  105.729449   -5.4647  -15.5881
   322  1770  3575  547550.00  2329390.00  21.064822  105.457719  -13.9179  -15.5700
   323  7329  3578  603140.00  2329360.00  21.062266  105.992785  -14.0745  -21.4755
   324  7440  3581  604250.00  2329330.00  21.061932  106.003467  -12.5925  -25.0570
   325  4644  3587  576290.00  2329270.00  21.062767  105.734353   -7.1472  -15.1311
   326  5817  3605  588020.00  2329090.00  21.060615  105.847245   -6.4256  -11.3903
   327  3762  3608  567470.00  2329060.00  21.061216  105.649449  -15.1304  -17.9511
   328  7383  3611  603680.00  2329030.00  21.059255  105.997963   -8.1275  -23.3541
   329  6999  3614  599840.00  2329000.00  21.059197  105.961003  -10.8511  -13.1549
   330  7419  3623  604040.00  2328910.00  21.058150  106.001420  -10.0825  -20.5836
   331  6879  3641  598640.00  2328730.00  21.056822  105.949439  -10.9135  -14.9528
   332  7437  3644  604220.00  2328700.00  21.056243  106.003140  -10.3622  -16.4995
   333  4683  3659  576680.00  2328550.00  21.056246  105.738074  -11.3985  -17.3994
   334  4668  3659  576530.00  2328550.00  21.056252  105.736631  -11.5140  -15.7198
   335  7452  3662  604370.00  2328520.00  21.054608  106.004572   -7.4687  -11.6911
   336  7380  3662  603650.00  2328520.00  21.054649  105.997643   -9.0472  -19.4726
   337  7068  3665  600530.00  2328490.00  21.054551  105.967614   -9.3148  -13.7976
   338  2652  3671  556370.00  2328430.00  21.055899  105.542587  -11.2160  -21.0213
   339  2874  3677  558590.00  2328370.00  21.055287  105.563952  -12.0156  -13.2730
   340  2649  3677  556340.00  2328370.00  21.055357  105.542296  -13.3086  -18.4286
   341  6777  3692  597620.00  2328220.00  21.052269  105.939593  -12.3545  -18.8284
   342  7257  3692  602420.00  2328220.00  21.052008  105.985788   -8.9797  -16.6376
   343  2214  3707  551990.00  2328070.00  21.052775  105.500418   -5.4725  -10.3786
   344  2553  3707  555380.00  2328070.00  21.052676  105.533046  -11.1256  -13.7435
   345  6999  3710  599840.00  2328040.00  21.050524  105.960948   -8.5579  -14.8591
   346  4986  3710  579710.00  2328040.00  21.051509  105.767214  -10.3939  -16.4593
   347  2709  3713  556940.00  2328010.00  21.052086  105.548059  -11.2103  -23.0143
   348  1218  3719  542030.00  2327950.00  21.051946  105.404549  -10.1436  -17.6599
   349  7509  3725  604940.00  2327890.00  21.048884  106.010020   -9.0265  -16.0977
   350  6699  3725  596840.00  2327890.00  21.049329  105.932068  -10.1630  -15.8702
   351  1191  3728  541760.00  2327860.00  21.051139  105.401948  -11.7918  -16.2671
   352  7524  3728  605090.00  2327860.00  21.048604  106.011461  -11.2741  -20.2556
   353  4866  3734  578510.00  2327800.00  21.049392  105.755653   -9.7658  -11.7100
   354  6801  3743  597860.00  2327710.00  21.047649  105.941874   -9.0385  -14.1283
   355  4638  3746  576230.00  2327680.00  21.048404  105.733705   -3.8736  -13.0792
   356  4638  3749  576230.00  2327650.00  21.048133  105.733703   -5.1071   -9.7713
   357  3027  3752  560120.00  2327620.00  21.048461  105.578653  -11.3490  -16.4883
   358  2211  3752  551960.00  2327620.00  21.048710  105.500115   -9.9455  -21.0934
   359  3972  3752  569570.00  2327620.00  21.048127  105.669604  -12.1077  -19.0248
   360  3954  3755  569390.00  2327590.00  21.047863  105.667870   -9.3551  -16.6622
   361  1626  3755  546110.00  2327590.00  21.048596  105.443810  -11.9773  -16.3285
   362  4623  3758  576080.00  2327560.00  21.047326  105.732256   -7.9594  -16.9319
   363   345  3776  533300.00  2327380.00  21.046975  105.320511   -7.5366  -16.6938
   364  3912  3785  568970.00  2327290.00  21.045168  105.663816  -12.1552  -16.6121
   365  2388  3791  553730.00  2327230.00  21.045136  105.517139  -11.7838  -22.3433
   366  2655  3791  556400.00  2327230.00  21.045055  105.542836  -10.4996  -16.0069
   367  7179  3794  601640.00  2327200.00  21.042836  105.978221   -7.7446  -14.7767
   368  5931  3815  589160.00  2326990.00  21.041588  105.858109   -5.9264  -10.5889
   369  7128  3818  601130.00  2326960.00  21.040696  105.973299   -7.7023  -12.9638
   370  1599  3821  545840.00  2326930.00  21.042639  105.441193  -10.1856  -17.4783
   371  7113  3848  600980.00  2326660.00  21.037994  105.971838  -10.9079  -17.0236
   372   459  3872  534440.00  2326420.00  21.038280  105.331464   -9.1558  -15.9639
   373  1308  3893  542930.00  2326210.00  21.036204  105.413168  -12.6643  -19.4430
   374  7392  3899  603770.00  2326150.00  21.033231  105.998655   -9.2024  -24.0026
   375  3765  3899  567500.00  2326150.00  21.034923  105.649624   -8.3830  -19.4484
   376  7392  3902  603770.00  2326120.00  21.032960  105.998654   -8.2229  -18.0230
   377  1362  3902  543470.00  2326120.00  21.035378  105.418363  -10.4378  -16.7493
   378  3747  3920  567320.00  2325940.00  21.033032  105.647883  -10.8257  -26.0497
   379  7119  3932  601040.00  2325820.00  21.030402  105.972366  -11.5744  -14.0651
   380  4047  3932  570320.00  2325820.00  21.031835  105.676749  -12.0490  -13.0322
   381  4266  3947  572510.00  2325670.00  21.030395  105.697818   -4.4188  -10.0987
   382  3807  3947  567920.00  2325670.00  21.030570  105.653647  -12.1191  -16.8140
   383  4617  3950  576020.00  2325640.00  21.029982  105.731594   -9.6309  -17.4229
   384  2145  3953  551300.00  2325610.00  21.030568  105.493703  -13.2163  -17.6102
   385  7131  3953  601160.00  2325610.00  21.028498  105.973508  -12.7907  -14.7496
   386  1308  3968  542930.00  2325460.00  21.029427  105.413150   -7.0847  -12.9910
   387  3741  3974  567260.00  2325400.00  21.028155  105.647285   -9.8503  -25.0346
   388   189  3977  531740.00  2325370.00  21.028842  105.305459  -11.3491  -17.5015
   389  4665  3980  576500.00  2325340.00  21.027252  105.736199  -10.6831  -16.8655
   390  5157  3986  581420.00  2325280.00  21.026498  105.783541   -5.6430  -15.8523
   391  4218  3995  572030.00  2325190.00  21.026077  105.693178   -4.7269  -18.1007
   392  5148  3995  581330.00  2325190.00  21.025689  105.782671   -9.0930  -18.4255
   393  1743  4001  547280.00  2325130.00  21.026339  105.455003   -6.8051  -15.4624
   394  3792  4004  567770.00  2325100.00  21.025426  105.652181  -13.4629  -17.6132
   395  6417  4007  594020.00  2325070.00  21.023999  105.904774  -12.0702  -18.2298
   396  3975  4019  569600.00  2324950.00  21.024002  105.669785  -11.6057  -17.2167
   397  7275  4049  602600.00  2324650.00  21.019745  105.987308  -11.5261  -20.8708
   398  7260  4055  602450.00  2324590.00  21.019212  105.985861   -7.3821  -17.8895
   399  7230  4058  602150.00  2324560.00  21.018957  105.982972   -5.4959  -13.1679
   400  4083  4064  570680.00  2324500.00  21.019895  105.680159  -12.1213  -23.2696
   401  2766  4064  557510.00  2324500.00  21.020355  105.553428   -9.9592  -14.3560
   402  7170  4076  601550.00  2324380.00  21.017364  105.977189   -7.4392  -15.6934
   403  3972  4079  569570.00  2324350.00  21.018582  105.669472  -13.5074  -22.3093
   404  7329  4085  603140.00  2324290.00  21.016463  105.992482   -9.9873  -17.6832
   405  1764  4091  547490.00  2324230.00  21.018202  105.456999   -7.8660  -15.3738
   406  5235  4121  582200.00  2323930.00  21.014266  105.790982  -10.2040  -13.5643
   407  6663  4124  596480.00  2323900.00  21.013301  105.928380   -8.6881  -19.3387
   408  3975  4136  569600.00  2323780.00  21.013431  105.669738   -9.4392  -19.4842
   409  6624  4136  596090.00  2323780.00  21.012237  105.924621   -7.3058  -12.5448
   410  3987  4139  569720.00  2323750.00  21.013156  105.670891   -6.0745  -15.5621
   411  3966  4142  569510.00  2323720.00  21.012893  105.668869  -12.0886  -21.5201
   412  4140  4145  571250.00  2323690.00  21.012555  105.685611   -7.6146  -14.9994
   413  2316  4172  553010.00  2323420.00  21.010732  105.510092   -8.8841  -12.5644
   414  4140  4175  571250.00  2323390.00  21.009845  105.685598   -6.1842  -18.1130
   415  4143  4181  571280.00  2323330.00  21.009301  105.685884   -7.5352  -15.3527
   416  4098  4196  570830.00  2323180.00  21.007963  105.681548   -7.2567  -14.5165
   417  4257  4199  572420.00  2323150.00  21.007630  105.696846  -10.0486  -16.4415
   418  4113  4202  570980.00  2323120.00  21.007416  105.682989   -5.0983  -13.0132
   419  7038  4205  600230.00  2323090.00  21.005782  105.964413   -6.3247  -10.4804
   420  2487  4208  554720.00  2323060.00  21.007429  105.526535  -10.7032  -16.7342
   421  4248  4217  572330.00  2322970.00  21.006008  105.695972   -8.6423  -15.6285
   422  4278  4223  572630.00  2322910.00  21.005454  105.698856   -9.3479  -15.4966
   423  4986  4259  579710.00  2322550.00  21.001908  105.766960  -10.5340  -20.8946
   424  6774  4274  597590.00  2322400.00  20.999691  105.938975   -7.1179  -14.2277
   425  4170  4277  571550.00  2322370.00  21.000617  105.688442   -8.4377  -17.6549
   426  3981  4298  569660.00  2322160.00  20.998792  105.670250   -8.8722  -15.7785
   427  3936  4301  569210.00  2322130.00  20.998538  105.665919  -15.5750  -22.4019
   428  6729  4304  597140.00  2322100.00  20.997004  105.934629  -10.6591  -17.2214
   429  6675  4316  596600.00  2321980.00  20.995949  105.929427   -9.0242  -16.6001
   430  2220  4328  552050.00  2321860.00  20.996665  105.500808   -9.1538  -16.6577
   431  5163  4334  581480.00  2321800.00  20.995054  105.783954   -4.6832  -11.7175
   432  4668  4343  576530.00  2321710.00  20.994454  105.736327   -7.9103  -14.5281
   433  4200  4346  571850.00  2321680.00  20.994371  105.691300   -6.4802  -14.0705
   434  4035  4346  570200.00  2321680.00  20.994435  105.675426  -12.5204  -12.0913
   435  4533  4349  575180.00  2321650.00  20.993967  105.723336   -7.7632  -19.2813
   436  4044  4358  570290.00  2321560.00  20.993347  105.676287  -10.6196  -15.1325
   437  6237  4364  592220.00  2321500.00  20.991837  105.887263   -7.4756  -14.9465
   438  4902  4385  578870.00  2321290.00  20.990560  105.758821  -10.6890  -14.1571
   439  4899  4388  578840.00  2321260.00  20.990290  105.758531   -9.9637  -18.0123
   440  4014  4397  569990.00  2321170.00  20.989835  105.673385  -10.8226  -18.5916
   441  3975  4409  569600.00  2321050.00  20.988766  105.669628   -4.6417  -15.7780
   442  3705  4421  566900.00  2320930.00  20.987782  105.643647   -8.9863  -22.1058
   443  4062  4439  570470.00  2320750.00  20.986022  105.677985  -11.5060  -14.7502
   444  4773  4448  577580.00  2320660.00  20.984923  105.746382  -11.3896  -17.8398
   445  4323  4478  573080.00  2320360.00  20.982397  105.703078  -11.7380  -18.6158
   446  4116  4487  571010.00  2320270.00  20.981665  105.683161  -10.4031  -15.1125
   447  4944  4490  579290.00  2320240.00  20.981056  105.762813  -12.1523  -17.6248
   448  3729  4490  567140.00  2320240.00  20.981539  105.645929  -13.7224  -21.3122
   449  4038  4493  570230.00  2320210.00  20.981152  105.675654   -8.7453  -15.7020
   450  4140  4517  571250.00  2319970.00  20.978945  105.685457   -8.7183  -18.0335
   451  3999  4517  569840.00  2319970.00  20.978999  105.671893   -8.7731  -19.4405
   452  4425  4550  574100.00  2319640.00  20.975851  105.712860   -6.2957  -17.2483
   453  4407  4577  573920.00  2319370.00  20.973419  105.711117  -12.0800  -17.2542
   454  4176  4598  571610.00  2319160.00  20.971612  105.688887   -8.6657  -14.3923
   455  4335  4625  573200.00  2318890.00  20.969111  105.704170   -9.2867  -15.6054
   456  4362  4640  573470.00  2318740.00  20.967745  105.706761   -8.0633  -14.5351
   457  5382  4670  583670.00  2318440.00  20.964599  105.804861  -10.7902  -16.7271
   458  4686  4703  576710.00  2318110.00  20.961920  105.737899   -9.2820  -14.7500
   459  4680  4709  576650.00  2318050.00  20.961381  105.737319  -10.8297  -13.5635
   460  2526  4715  555110.00  2317990.00  20.961609  105.530126  -14.3029  -25.2772
   461  4344  4718  573290.00  2317960.00  20.960704  105.704997   -9.1537  -16.7804
   462  3345  4718  563300.00  2317960.00  20.961075  105.608904  -10.5892  -13.1146
   463  2511  4721  554960.00  2317930.00  20.961071  105.528681  -11.5921  -21.9820
   464  4524  4730  575090.00  2317840.00  20.959548  105.722305  -14.4291  -16.7721
   465  5664  4766  586490.00  2317480.00  20.955795  105.831938   -8.2897  -16.3371
   466  4590  4772  575750.00  2317420.00  20.955726  105.728635   -7.4451  -17.8877
   467  2898  4775  558830.00  2317390.00  20.956073  105.565888  -13.4409  -16.1443
   468  2865  4778  558500.00  2317360.00  20.955812  105.562713  -13.7705  -15.9756
   469  5235  4802  582200.00  2317120.00  20.952739  105.790659   -9.6100  -20.2143
   470  2595  4826  555800.00  2316880.00  20.951559  105.536727  -10.5152  -15.4893
   471  4599  4826  575840.00  2316880.00  20.950843  105.729477   -7.6819  -18.2899
   472  5727  4829  587120.00  2316850.00  20.950074  105.837965   -8.8449  -12.8500
   473  4614  4847  575990.00  2316670.00  20.948940  105.730910   -8.0450  -13.9900
   474  6123  4877  591080.00  2316370.00  20.945546  105.876026   -9.3914  -16.6190
   475  6147  4877  591320.00  2316370.00  20.945534  105.878334  -10.0996  -19.2338
   476  6294  4886  592790.00  2316280.00  20.944648  105.892467   -7.1599  -13.3702
   477  6306  4895  592910.00  2316190.00  20.943828  105.893616  -10.9546  -15.5853
   478  6237  4934  592220.00  2315800.00  20.940340  105.886960   -4.2009  -12.5954
   479  6273  4946  592580.00  2315680.00  20.939237  105.890415   -8.5567  -15.5599
   480  4461  4949  574460.00  2315650.00  20.939787  105.716151   -6.4979  -17.9877
   481  4506  4958  574910.00  2315560.00  20.938955  105.720475   -9.9002  -12.6896
   482  6084  4961  590690.00  2315530.00  20.937976  105.872231   -8.1348  -15.4379
   483  6057  4964  590420.00  2315500.00  20.937718  105.869633  -14.7449  -15.0910
   484  6393  4991  593780.00  2315230.00  20.935111  105.901931   -8.7187  -18.1776
   485  2706  4994  556910.00  2315200.00  20.936346  105.547348   -9.7983  -15.7377
   486  4380  5018  573650.00  2314960.00  20.933585  105.708332   -9.2851  -18.4237
   487  6234  5024  592190.00  2314900.00  20.932210  105.886623   -8.2325  -15.0994
   488  6258  5027  592430.00  2314870.00  20.931927  105.888930   -9.8483  -16.7192
   489  4398  5048  573830.00  2314660.00  20.930867  105.710050   -9.9509  -18.2658
   490  3510  5078  564950.00  2314360.00  20.928491  105.624641   -8.5570  -20.5873
   491  3489  5099  564740.00  2314150.00  20.926601  105.622613  -10.1419  -15.3208
   492  4740  5126  577250.00  2313880.00  20.923680  105.742905  -10.5391  -14.9548
   493  4116  5132  571010.00  2313820.00  20.923388  105.682896  -14.6623  -20.5519
   494  4200  5138  571850.00  2313760.00  20.922814  105.690971   -9.4240  -16.4364
   495  4383  5138  573680.00  2313760.00  20.922742  105.708569  -12.8184  -21.0761
   496  5799  5147  587840.00  2313670.00  20.921309  105.844729   -8.7559   -8.7364
   497  3177  5195  561620.00  2313190.00  20.918034  105.592575   -6.9885  -14.5564
   498  5655  5210  586400.00  2313040.00  20.915685  105.830851   -8.7389  -16.8547
   499  6354  5249  593390.00  2312650.00  20.911822  105.898042  -11.5485  -18.8087
   500  4638  5252  576230.00  2312620.00  20.912338  105.733041  -14.0702  -23.7525
   501  4581  5288  575660.00  2312260.00  20.909109  105.727544   -8.4237  -22.7883
   502  4533  5303  575180.00  2312110.00  20.907774  105.722922   -9.8016  -16.8141
   503  3603  5312  565880.00  2312020.00  20.907315  105.633495   -6.0687  -14.1359
   504  4287  5381  572720.00  2311330.00  20.900825  105.699236   -1.5278  -16.9369
   505  2880  5462  558650.00  2310520.00  20.894006  105.563925   -9.1363  -18.0179
   506  4599  5546  575840.00  2309680.00  20.885791  105.729162   -4.4919  -10.6827
   507  4599  5567  575840.00  2309470.00  20.883894  105.729153  -12.9810  -22.2079
   508  4623  5573  576080.00  2309410.00  20.883342  105.731458  -11.1925  -20.3842
   509  6156  5588  591410.00  2309260.00  20.881293  105.878825   -6.5218  -16.8003
   510  4659  5597  576440.00  2309170.00  20.881159  105.734908  -10.8764  -17.4225
   511  4617  5606  576020.00  2309080.00  20.880363  105.730867  -16.4628  -21.2598
   512  6255  5612  592400.00  2309020.00  20.879076  105.888330  -10.4999  -12.9815
   513  6222  5615  592070.00  2308990.00  20.878821  105.885156   -8.5454  -15.4816
   514  3312  5651  562970.00  2308630.00  20.876787  105.605392  -10.4166  -22.4152
   515  6525  5657  595100.00  2308570.00  20.874873  105.914260   -8.4750  -19.3211
   516  6243  5699  592280.00  2308150.00  20.871221  105.887130   -7.9544  -12.5370
   517  6645  5705  596300.00  2308090.00  20.870475  105.925769  -12.3093  -18.5419
   518  6327  5717  593120.00  2307970.00  20.869553  105.895195  -10.6008  -16.1813
   519  6198  5735  591830.00  2307790.00  20.867991  105.882785  -11.6966  -15.7664
   520  6438  5789  594230.00  2307250.00  20.862992  105.905826   -6.6980  -17.4856
   521  3726  5792  567110.00  2307220.00  20.863902  105.645137  -15.7914  -23.5601
   522  6150  5792  591350.00  2307220.00  20.862865  105.878142   -6.1824  -13.4847
   523  3705  5795  566900.00  2307190.00  20.863639  105.643117  -12.2612  -17.0940
   524  6363  5798  593480.00  2307160.00  20.862217  105.898612   -7.7903  -17.9714
   525  3414  5831  563990.00  2306830.00  20.860489  105.615131   -6.5824  -18.3381
   526  6336  5846  593210.00  2306680.00  20.857894  105.895991  -11.0648  -16.9069
   527  3837  5861  568220.00  2306530.00  20.857627  105.655780   -9.2192  -17.7409
   528  3834  5864  568190.00  2306500.00  20.857357  105.655491  -12.9124  -14.0764
   529  6666  5873  596510.00  2306410.00  20.855286  105.927695   -9.0295  -15.9061
   530  4500  5876  574850.00  2306380.00  20.856016  105.719503   -9.6014  -13.6086
   531  3492  5885  564770.00  2306290.00  20.855583  105.622609   -8.5163  -20.6235
   532  4890  5903  578750.00  2306110.00  20.853415  105.756977   -9.0360  -14.4961
   533  5742  5906  587270.00  2306080.00  20.852762  105.838867   -7.1343  -15.8928
   534  3888  5909  568730.00  2306050.00  20.853272  105.660664  -12.6476  -19.7823
   535  4896  5915  578810.00  2305990.00  20.852328  105.757548  -13.2456  -20.9450
   536  4926  5954  579110.00  2305600.00  20.848792  105.760414   -8.9121  -11.5975
   537  5751  5993  587360.00  2305210.00  20.844898  105.839688   -9.9928  -13.6076
   538  3675  5999  566600.00  2305150.00  20.845218  105.640156  -12.4678  -20.3111
   539  3798  6005  567830.00  2305090.00  20.844631  105.651975   -7.1192  -23.2747
   540  4176  6059  571610.00  2304550.00  20.839610  105.688284   -8.9095  -15.1047
   541  4887  6068  578720.00  2304460.00  20.838508  105.756614   -7.9484  -21.4153
   542  5817  6068  588020.00  2304460.00  20.838090  105.845994   -7.1827  -15.6355
   543  4026  6086  570110.00  2304280.00  20.837228  105.673857   -5.8536  -14.3297
   544  6108  6101  590930.00  2304130.00  20.834969  105.873943   -2.1365  -15.5160
   545  3042  6155  560270.00  2303590.00  20.831339  105.579261       NaN       NaN
   546  4131  6203  571160.00  2303110.00  20.826616  105.683901   -8.6876  -19.6584
   547  4032  6293  570170.00  2302210.00  20.818522  105.674350  -11.5374  -18.8594
   548  5907  6302  588920.00  2302120.00  20.816906  105.854524   -4.8683  -16.5669
   549  3978  6365  569630.00  2301490.00  20.812037  105.669132  -13.5944  -16.5023
   550  4635  6407  576200.00  2301070.00  20.807985  105.732247  -11.0700  -16.2056
   551  4881  6515  578660.00  2299990.00  20.798124  105.755836  -14.2770  -18.2826
   552  3972  6524  569570.00  2299900.00  20.797674  105.668492  -12.8297  -18.6054
   553  3975  6575  569600.00  2299390.00  20.793065  105.668760   -9.8002  -10.2713
   554  3882  6587  568670.00  2299270.00  20.792015  105.659820   -8.5598  -19.2946
   555  6723  6677  597080.00  2298370.00  20.782617  105.932726  -13.1114  -17.4041
   556  3975  6704  569600.00  2298100.00  20.781409  105.668709  -13.7221  -20.8458
   557  6936  6743  599210.00  2297710.00  20.776542  105.953151  -11.9468  -19.3906
   558  6687  6758  596720.00  2297560.00  20.775318  105.929223   -8.1475  -13.7314
   559  6987  6761  599720.00  2297530.00  20.774889  105.958040  -11.4955  -17.4443
   560  6942  6764  599270.00  2297500.00  20.774642  105.953716   -5.3116  -15.3995
   561  7032  6773  600170.00  2297410.00  20.773780  105.962356  -13.5719  -17.9824
   562  7035  6791  600200.00  2297230.00  20.772152  105.962634   -9.2054  -14.4942
   563  6882  6794  598670.00  2297200.00  20.771963  105.947935   -5.8449  -16.0330
   564  7056  6794  600410.00  2297200.00  20.771870  105.964650  -10.9620  -14.4020
   565  5856  6812  588410.00  2297020.00  20.770852  105.849365   -7.5596  -15.9805
   566  6426  6821  594110.00  2296930.00  20.769760  105.904116   -7.0003  -12.6164
   567  7035  6857  600200.00  2296570.00  20.766190  105.962596  -12.6549  -19.0476
   568  7044  6872  600290.00  2296420.00  20.764830  105.963452   -9.3745  -17.2309
   569  4044  6935  570290.00  2295790.00  20.760512  105.675245   -9.4159  -19.5666
   570  6639  6953  596240.00  2295610.00  20.757725  105.924505   -3.1567  -15.3008
   571  5850  7004  588350.00  2295100.00  20.753508  105.848692   -6.6558  -18.6893
   572  6237  7022  592220.00  2294920.00  20.751695  105.885855   -7.4604  -13.5619
   573  7047  7070  600320.00  2294440.00  20.746939  105.963627  -11.1093  -16.1485
   574  4284  7130  572690.00  2293840.00  20.742801  105.698219   -9.4233  -19.9597
   575  6345  7160  593300.00  2293540.00  20.739173  105.896155  -15.4663  -16.8956
   576  4548  7247  575330.00  2292670.00  20.732125  105.723525   -8.2598  -16.0446
   577  4473  7268  574580.00  2292460.00  20.730258  105.716313   11.8353    5.9962
   578  4239  7436  572240.00  2290780.00  20.715170  105.693771   -5.2437  -14.2565
   579  7149  7628  601340.00  2288860.00  20.696471  105.973101   -9.1756  -19.3690
   580  5019  7637  580040.00  2288770.00  20.696692  105.768583  -10.5966  -13.7065
   581  7221  7757  602060.00  2287570.00  20.684777  105.979940  -17.0454  -21.2910
   582  7269  7769  602540.00  2287450.00  20.683667  105.984541  -11.9777  -19.4969
   583  5073  7775  580580.00  2287390.00  20.684200  105.773705   -7.4906  -12.6657
   584  7191  7787  601760.00  2287270.00  20.682083  105.977042  -13.4658  -12.7433
   585  7209  7832  601940.00  2286820.00  20.678008  105.978744  -10.3956  -15.2843
   586  7095  7835  600800.00  2286790.00  20.677798  105.967798   -6.7059  -15.8108
   587  7092  7850  600770.00  2286640.00  20.676445  105.967502  -10.6500  -13.7184
   588  7179  7856  601640.00  2286580.00  20.675856  105.975850   -6.1588  -10.3345
   589  5064  7940  580490.00  2285740.00  20.669296  105.772765  -13.0734  -20.4111
   590  6012  8003  589970.00  2285110.00  20.663172  105.863741   -8.8409  -15.6149
   591  5160  8018  581450.00  2284960.00  20.662207  105.781945   -6.5413  -16.3931
   592  4416  8045  574010.00  2284690.00  20.660076  105.710512  -12.6956  -18.2074
   593  5202  8123  581870.00  2283910.00  20.652702  105.785928   -9.8255  -14.2104
   594  5310  8204  582950.00  2283100.00  20.645336  105.796257  -11.9552  -20.1485
   595  5142  8432  581270.00  2280820.00  20.624809  105.780027   -9.9437  -14.7700
   596  5145  8441  581300.00  2280730.00  20.623994  105.780310   -8.3852  -15.8344
