; ENVI Output of ROIs (5.2) [Wed Nov 27 06:48:24 2019]
; Number of ROIs: 1
; File Dimension: 7647 x 9116
;
; ROI name: EVF: Layer: crop.shp
; ROI rgb value: {255, 255, 255}
; ROI npts: 590
;   ID     X     Y      Map X       Map Y        Lat         Lon        B1        B2
     1  5361    86  583460.00  2364280.00  21.378753  105.805079  -11.0883  -14.1947
     2  5688   158  586730.00  2363560.00  21.372094  105.836583  -10.1172  -17.4441
     3  5196   167  581810.00  2363470.00  21.371511  105.789124   -7.8458  -20.0322
     4  5217   224  582020.00  2362900.00  21.366352  105.791122   -6.2150  -14.6993
     5  5253   245  582380.00  2362690.00  21.364438  105.794584  -10.2890  -20.0424
     6  5580   305  585650.00  2362090.00  21.358866  105.826091   -7.9199  -17.9922
     7  5508   362  584930.00  2361520.00  21.353750  105.819119   -9.4271  -17.6712
     8  5244   365  582290.00  2361490.00  21.353601  105.793658   -5.3071  -14.6778
     9  5373   368  583580.00  2361460.00  21.353271  105.806097   -8.6855  -17.1353
    10  5286   404  582710.00  2361100.00  21.350059  105.797689  -11.1498  -22.3673
    11  5538   533  585230.00  2359810.00  21.338287  105.821926  -11.8458  -16.4948
    12  5916   590  589010.00  2359240.00  21.332955  105.858346   -6.6574  -18.5139
    13  5910   602  588950.00  2359120.00  21.331874  105.857761  -12.2502  -18.0503
    14  5214   626  581990.00  2358880.00  21.330035  105.790638   -8.0708  -15.8898
    15  6006   743  589910.00  2357710.00  21.319088  105.866943  -13.4979  -18.8549
    16  5964   746  589490.00  2357680.00  21.318838  105.862892  -11.3663  -15.6453
    17  5529   800  585140.00  2357140.00  21.314170  105.820924  -12.3142  -13.8701
    18  5598   857  585830.00  2356570.00  21.308987  105.827548  -12.4776  -18.1776
    19  6051   860  590360.00  2356540.00  21.308496  105.871219  -11.5277  -19.4461
    20  5598   872  585830.00  2356420.00  21.307632  105.827540  -10.2279  -16.9738
    21  5952   905  589370.00  2356090.00  21.304480  105.861651   -8.0659  -16.8565
    25  6072   926  590570.00  2355880.00  21.302523  105.873209  -15.0408  -22.6293
    26  5505   953  584900.00  2355610.00  21.300358  105.818533   -7.6301  -11.6269
    27  5346   959  583310.00  2355550.00  21.299890  105.803202   -7.8092  -17.4513
    29  5904  1073  588890.00  2354410.00  21.289326  105.856936  -13.9303  -19.2678
    30  6267  1079  592520.00  2354350.00  21.288602  105.891924  -10.0995  -18.7874
    31  5844  1085  588290.00  2354290.00  21.288271  105.851146  -10.6448  -21.4840
    32  4719  1091  577040.00  2354230.00  21.288242  105.742696   -9.9681  -14.4446
    33  4701  1142  576860.00  2353720.00  21.283642  105.740938   -8.2462  -18.2273
    34  4857  1142  578420.00  2353720.00  21.283575  105.755976  -14.2420  -17.1906
    35  5514  1220  584990.00  2352940.00  21.276232  105.819267   -9.7719  -14.0721
    36  4695  1448  576800.00  2350660.00  21.255999  105.740222  -14.4913  -18.7133
    37  4956  1454  579410.00  2350600.00  21.255344  105.765373  -11.1319  -14.4070
    38  1479  1457  544640.00  2350570.00  21.256262  105.430260   -7.3180  -16.5191
    39  1515  1460  545000.00  2350540.00  21.255982  105.433729  -13.2027  -15.2603
    40  1497  1484  544820.00  2350300.00  21.253818  105.431988   -9.7593  -14.4815
    41  5646  1493  586310.00  2350210.00  21.251506  105.831852  -11.1318  -16.9488
    42  1518  1505  545030.00  2350090.00  21.251915  105.434007   -7.1134  -15.8814
    43  6135  1529  591200.00  2349850.00  21.248014  105.878958  -14.8782  -20.5792
    44   753  1553  537380.00  2349610.00  21.247752  105.360265  -11.8779  -16.3899
    45  6033  1634  590180.00  2348800.00  21.238579  105.869073   -9.0385  -18.0859
    46  1524  1655  545090.00  2348590.00  21.238361  105.434545   -9.2607  -13.8514
    47  5010  1661  579950.00  2348530.00  21.236619  105.770480   -7.8529  -16.8204
    48  3711  1697  566960.00  2348170.00  21.233892  105.645288  -13.6878  -21.8578
    49  3705  1700  566900.00  2348140.00  21.233623  105.644708  -10.8502  -15.3185
    50  1287  1703  542720.00  2348110.00  21.234081  105.411693  -11.4887  -18.8661
    51  1716  1724  547010.00  2347900.00  21.232078  105.453029   -7.7318  -12.9726
    52  1683  1739  546680.00  2347750.00  21.230731  105.449845   -8.6377  -15.5041
    53  3735  1754  567200.00  2347600.00  21.228733  105.647578   -3.6028  -18.5008
    54  6267  1772  592520.00  2347420.00  21.225994  105.891547   -8.8099  -19.0915
    55   822  1778  538070.00  2347360.00  21.227408  105.366865   -9.0932  -17.2357
    56   768  1787  537530.00  2347270.00  21.226606  105.361659  -10.1746  -20.2101
    57  1668  1790  546530.00  2347240.00  21.226127  105.448386   -9.2912  -14.0915
    58  1212  1826  541970.00  2346880.00  21.222985  105.404435   -9.8709  -17.9986
    59  1749  1862  547340.00  2346520.00  21.219601  105.456171  -10.0997  -18.0920
    60  5595  1874  585800.00  2346400.00  21.217109  105.826745  -12.2438  -21.5606
    61   996  1874  539810.00  2346400.00  21.218697  105.383610   -8.5233  -13.2033
    62  1695  1883  546800.00  2346310.00  21.217718  105.450962  -13.0478  -18.9088
    63  4962  1940  579470.00  2345740.00  21.211434  105.765725  -11.6627  -14.4553
    64  1344  1946  543290.00  2345680.00  21.212112  105.417125   -8.7410  -18.0584
    65  1779  1955  547640.00  2345590.00  21.211190  105.459036   -8.3816  -18.7413
    66  1743  1976  547280.00  2345380.00  21.209302  105.455561   -9.1063  -22.1103
    67  4590  1988  575750.00  2345260.00  21.207256  105.729862  -12.6507  -14.3926
    68  4716  1994  577010.00  2345200.00  21.206661  105.741999  -13.1297  -18.6640
    69  5760  2006  587450.00  2345080.00  21.205105  105.842575  -13.1776  -18.3663
    70   684  2021  536690.00  2344930.00  21.205481  105.353515  -10.2703  -18.9098
    71  5565  2021  585500.00  2344930.00  21.203842  105.823781   -9.9035  -18.7269
    72  1554  2042  545390.00  2344720.00  21.203387  105.437333  -10.3911  -16.6605
    73  3723  2045  567080.00  2344690.00  21.202446  105.646307  -12.7457  -19.9224
    74  1716  2075  547010.00  2344390.00  21.200365  105.452933   -8.2525  -19.0459
    75  1578  2075  545630.00  2344390.00  21.200400  105.439637   -9.5804  -13.2472
    76   771  2078  537560.00  2344360.00  21.200313  105.361884   -9.4602  -11.8668
    77  4626  2087  576110.00  2344270.00  21.198296  105.733286  -15.8903  -22.4449
    79   798  2096  537830.00  2344180.00  21.198681  105.364482   -6.2656  -10.8151
    80  1725  2096  547100.00  2344180.00  21.198465  105.453794  -14.1501  -21.2146
    81   783  2099  537680.00  2344150.00  21.198413  105.363036   -9.2677  -12.6605
    82   825  2111  538100.00  2344030.00  21.197320  105.367080   -7.7460  -14.3958
    83  1818  2114  548030.00  2344000.00  21.196814  105.462749  -17.7545  -16.4261
    84  4380  2123  573650.00  2343910.00  21.195145  105.709571  -14.6763  -19.8357
    85  1323  2141  543080.00  2343730.00  21.194499  105.415052   -8.6984  -17.2906
    86  4668  2150  576530.00  2343640.00  21.192587  105.737304  -10.0563  -14.9963
    87  1443  2153  544280.00  2343610.00  21.193386  105.426610   -6.0947  -13.4203
    88   921  2177  539060.00  2343370.00  21.191337  105.376314   -4.5942  -17.9749
    89  4695  2183  576800.00  2343310.00  21.189594  105.739890  -10.2612  -15.6008
    90  1401  2183  543860.00  2343310.00  21.190685  105.422556   -6.2681   -9.9435
    91  4680  2186  576650.00  2343280.00  21.189329  105.738444  -11.1172  -13.6194
    92  1713  2198  546980.00  2343160.00  21.189252  105.452610   -5.5248  -14.9209
    93  1839  2207  548240.00  2343070.00  21.188406  105.464746  -14.5023  -23.9128
    94  4302  2216  572870.00  2342980.00  21.186774  105.702017  -11.1658  -16.3300
    95  5787  2237  587720.00  2342770.00  21.184222  105.845058  -10.9036  -17.4188
    96  5649  2255  586340.00  2342590.00  21.182662  105.831755  -13.9443  -18.1125
    97   807  2264  537920.00  2342500.00  21.183500  105.365312  -12.0952  -19.2029
    98  5577  2264  585620.00  2342500.00  21.181883  105.824815   -6.3105  -17.7363
    99  4611  2267  575960.00  2342470.00  21.182040  105.731761   -9.7259  -15.5081
   100  1233  2267  542180.00  2342470.00  21.183135  105.406350   -7.6562  -16.5161
   101  4788  2270  577730.00  2342440.00  21.181694  105.748810  -11.7454  -15.3752
   102  3561  2291  565460.00  2342230.00  21.180279  105.630605   -6.8755  -13.3651
   103  4827  2300  578120.00  2342140.00  21.178967  105.752553  -12.4267  -14.2464
   104  1224  2300  542090.00  2342140.00  21.180156  105.405475   -8.0661  -10.9071
   105  4713  2303  576980.00  2342110.00  21.178745  105.741570  -12.4464  -22.4915
   106  4845  2303  578300.00  2342110.00  21.178688  105.754285   -5.6119  -16.6320
   107  4707  2309  576920.00  2342050.00  21.178205  105.740990  -11.2996  -15.8167
   108  4788  2315  577730.00  2341990.00  21.177629  105.748789   -7.5068  -16.1248
   109  1197  2318  541820.00  2341960.00  21.178536  105.402869  -10.8840  -13.5961
   110  4842  2333  578270.00  2341810.00  21.175979  105.753983   -2.6473  -14.9071
   111   810  2336  537950.00  2341780.00  21.176994  105.365585   -9.7063  -14.1249
   112  1155  2342  541400.00  2341720.00  21.176377  105.398818   -6.5633  -15.6258
   113  1176  2342  541610.00  2341720.00  21.176372  105.400841  -11.3319  -11.8197
   114  4533  2378  575180.00  2341360.00  21.172044  105.724199  -11.6303  -18.2420
   115  4536  2384  575210.00  2341300.00  21.171501  105.724485  -11.7795  -15.8943
   116  3609  2399  565940.00  2341150.00  21.170504  105.635187   -9.0938  -26.4292
   117  4758  2402  577430.00  2341120.00  21.169781  105.745860   -7.6741  -16.3295
   118  4674  2408  576590.00  2341060.00  21.169275  105.737767   -8.7028  -17.6786
   119  5190  2417  581750.00  2340970.00  21.168238  105.787463  -10.2469  -11.3767
   120  5061  2420  580460.00  2340940.00  21.168024  105.775037  -10.7985  -17.5147
   121  1047  2429  540320.00  2340850.00  21.168540  105.388393   -9.1908  -15.7643
   122  4809  2453  577940.00  2340610.00  21.165152  105.750749  -10.4346  -18.3023
   123  1239  2456  542240.00  2340580.00  21.166057  105.406881   -6.2618  -13.5380
   124  5034  2468  580190.00  2340460.00  21.163699  105.772414   -3.2623  -21.0060
   125  3054  2474  560390.00  2340400.00  21.163920  105.581701   -9.3689  -22.9488
   126  4176  2477  571610.00  2340370.00  21.163243  105.689770   -6.8883  -17.6884
   127  4476  2483  574610.00  2340310.00  21.162581  105.718662  -11.3091  -14.0191
   128  5589  2489  585740.00  2340250.00  21.161549  105.825858   -6.0697  -15.6055
   129  4788  2510  577730.00  2340040.00  21.160011  105.748701   -9.4054  -13.1798
   130  1089  2513  540740.00  2340010.00  21.160941  105.392419   -9.7217  -17.3703
   131  4764  2519  577490.00  2339950.00  21.159208  105.746385   -8.4105  -15.8284
   132  5664  2525  586490.00  2339890.00  21.158262  105.833064   -8.5200  -15.8726
   133  4866  2525  578510.00  2339890.00  21.158622  105.756206   -7.0419  -19.5754
   134  4575  2528  575600.00  2339860.00  21.158474  105.728178   -8.5816  -15.9594
   135  3807  2531  567920.00  2339830.00  21.158505  105.654207   -6.7815  -13.2902
   136  4491  2534  574760.00  2339800.00  21.157967  105.720085   -9.2443  -14.9882
   137  3900  2540  568850.00  2339740.00  21.157657  105.663161   -8.8475  -14.6896
   138  4734  2543  577190.00  2339710.00  21.157053  105.743485   -9.1470  -14.6518
   139  4740  2543  577250.00  2339710.00  21.157050  105.744063  -10.5489  -15.3751
   140  5475  2552  584600.00  2339620.00  21.155911  105.814847   -6.5381  -16.8203
   141  4728  2555  577130.00  2339590.00  21.155971  105.742902   -9.7892  -19.9688
   142  5694  2564  586790.00  2339500.00  21.154724  105.835933   -9.3469  -18.4549
   143  4899  2570  578840.00  2339440.00  21.154543  105.759364   -8.6802  -14.1193
   144  3924  2576  569090.00  2339380.00  21.154396  105.665458   -4.4671  -13.9815
   145  3897  2576  568820.00  2339380.00  21.154406  105.662857   -7.6469  -15.5677
   146  4860  2579  578450.00  2339350.00  21.153746  105.755604   -8.7873  -12.1751
   147  4761  2582  577460.00  2339320.00  21.153518  105.746068  -10.0659  -15.9468
   148  3237  2582  562220.00  2339320.00  21.154101  105.599288   -6.4624  -15.5114
   149  4422  2585  574070.00  2339290.00  21.153387  105.713417   -9.7018  -18.0310
   150  3873  2588  568580.00  2339260.00  21.153331  105.660541   -8.5864  -15.8138
   151  4761  2588  577460.00  2339260.00  21.152975  105.746065   -7.8760  -17.2266
   152  3627  2588  566120.00  2339260.00  21.153422  105.636848   -6.5093  -17.3312
   153  3615  2594  566000.00  2339200.00  21.152884  105.635690  -11.6904  -21.1461
   154  3984  2594  569690.00  2339200.00  21.152747  105.671229   -9.5556  -14.9306
   155  1701  2597  546860.00  2339170.00  21.153205  105.451344  -11.5625  -17.4272
   156  4731  2603  577160.00  2339110.00  21.151633  105.743169  -10.0990  -18.5285
   157  3342  2606  563270.00  2339080.00  21.151896  105.609392  -10.3901  -16.5512
   158  5532  2609  585170.00  2339050.00  21.150735  105.820309   -6.9916  -15.8535
   159  4143  2609  571280.00  2339050.00  21.151330  105.686536   -9.8144  -17.3928
   160  4212  2618  571970.00  2338960.00  21.150490  105.693178  -13.6138  -20.0121
   161   171  2624  531560.00  2338900.00  21.151094  105.303975  -11.4517  -17.1117
   162  4224  2624  572090.00  2338900.00  21.149943  105.694331   -9.9127  -17.5424
   163  3981  2636  569660.00  2338780.00  21.148953  105.670923  -13.0688  -24.1901
   164  4815  2642  578000.00  2338720.00  21.148074  105.751241   -3.9560  -17.0275
   165  2565  2642  555500.00  2338720.00  21.148897  105.534546   -8.0378  -14.5245
   166  5568  2645  585530.00  2338690.00  21.147465  105.823758   -8.0440  -20.0750
   167  3639  2654  566240.00  2338600.00  21.147454  105.637978  -10.9381  -17.1058
   168  3570  2657  565550.00  2338570.00  21.147208  105.631332  -10.3264  -13.4916
   169  4254  2663  572390.00  2338510.00  21.146408  105.697204   -9.7282  -20.0371
   170  3576  2666  565610.00  2338480.00  21.146393  105.631906   -9.7316  -13.2339
   171  3363  2666  563480.00  2338480.00  21.146468  105.611393  -14.0407  -13.6738
   172  3576  2669  565610.00  2338450.00  21.146122  105.631905  -13.4461  -15.7798
   173  3966  2672  569510.00  2338420.00  21.145706  105.669464   -9.8754  -21.2669
   174  4212  2672  571970.00  2338420.00  21.145611  105.693155  -12.7492  -14.5143
   175  3162  2675  561470.00  2338390.00  21.145724  105.592031   -8.7236  -18.5464
   176  4458  2675  574430.00  2338390.00  21.145241  105.716845   -7.8507  -18.8945
   177  3123  2678  561080.00  2338360.00  21.145466  105.588274  -10.3781  -15.3689
   178  3516  2678  565010.00  2338360.00  21.145330  105.626123  -11.5018  -14.9863
   179  1722  2681  547070.00  2338330.00  21.145610  105.453344  -15.0213  -19.0406
   180  5604  2681  585890.00  2338330.00  21.144196  105.827207   -8.3296  -15.6786
   181  3717  2684  567020.00  2338300.00  21.144715  105.645479  -14.3673  -19.0296
   182  1833  2687  548180.00  2338270.00  21.145039  105.464033  -11.2474  -17.9026
   183   171  2702  531560.00  2338120.00  21.144047  105.303961   -9.1474  -18.6069
   184  5064  2705  580490.00  2338090.00  21.142274  105.775192  -12.4244  -17.4804
   185  4515  2711  575000.00  2338030.00  21.141965  105.722319   -9.0200  -17.6738
   186   243  2720  532280.00  2337940.00  21.142408  105.310892   -5.1578  -13.6030
   187  3153  2726  561380.00  2337880.00  21.141119  105.591146  -13.6501  -17.5285
   188  3618  2738  566030.00  2337760.00  21.139873  105.635923   -9.0855  -18.2429
   189  4812  2744  577970.00  2337700.00  21.138860  105.750906  -12.9469  -18.6594
   190  3501  2747  564860.00  2337670.00  21.139101  105.624652   -8.3540  -15.1128
   191  5715  2768  587000.00  2337460.00  21.136283  105.837852   -7.6636  -17.4773
   192  3147  2774  561320.00  2337400.00  21.136784  105.590551   -8.2312  -17.7900
   193  1947  2780  549320.00  2337340.00  21.136606  105.474985   -6.8298  -13.3220
   194  1800  2780  547850.00  2337340.00  21.136645  105.460828  -13.4054  -18.3268
   195  4230  2783  572150.00  2337310.00  21.135575  105.694842  -12.5841  -12.1451
   196  4506  2789  574910.00  2337250.00  21.134922  105.721418  -10.0937  -18.3401
   197  6204  2789  591890.00  2337250.00  21.134147  105.884930  -12.5770  -16.9559
   198  5607  2792  585920.00  2337220.00  21.134166  105.827440   -9.6677  -15.2191
   199  6003  2807  589880.00  2337070.00  21.132620  105.865565   -9.1726  -19.8071
   200  4278  2810  572630.00  2337040.00  21.133117  105.699453   -9.2088  -11.7235
   201  5544  2822  585290.00  2336920.00  21.131485  105.821358   -9.1016  -13.8407
   202  2742  2831  557270.00  2336830.00  21.131766  105.551529   -8.2780  -14.8960
   203  1866  2840  548510.00  2336740.00  21.131206  105.467167   -9.0071  -11.5509
   204  4671  2852  576560.00  2336620.00  21.129162  105.737279   -7.0691  -14.3140
   205  2715  2855  557000.00  2336590.00  21.129606  105.548921  -11.4855  -14.5655
   206  3762  2861  567470.00  2336530.00  21.128707  105.649743  -10.7544  -21.2183
   207  3042  2864  560270.00  2336500.00  21.128688  105.580408   -5.4915  -17.9796
   208  2190  2870  551750.00  2336440.00  21.128407  105.498360   -8.0650  -15.6888
   209  3984  2897  569690.00  2336170.00  21.125371  105.671106   -6.1040  -13.8886
   210  2250  2900  552350.00  2336140.00  21.125679  105.504129   -6.1954  -12.4356
   211  5985  2900  589700.00  2336140.00  21.124227  105.863783  -10.7665  -14.3642
   212  3531  2918  565160.00  2335960.00  21.123641  105.627476   -9.0282  -11.4853
   213  4404  2921  573890.00  2335930.00  21.123038  105.711539  -10.9521  -17.5935
   214  4011  2939  569960.00  2335750.00  21.121566  105.673689   -8.6474  -17.1271
   215  3549  2957  565340.00  2335570.00  21.120111  105.629195   -8.7910  -16.9659
   216  4698  2963  576830.00  2335510.00  21.119122  105.739829  -11.7625  -15.1868
   217  2031  2966  550160.00  2335480.00  21.119777  105.483020   -7.5244  -15.9549
   218  1899  2969  548840.00  2335450.00  21.119542  105.470309   -9.0957  -19.5068
   219   780  2969  537650.00  2335450.00  21.119807  105.362555  -10.6219  -16.5856
   220  4746  2978  577310.00  2335360.00  21.117746  105.744444  -10.1082  -17.0936
   221  3510  2978  564950.00  2335360.00  21.118227  105.625432  -10.9381  -21.9567
   222  4776  2987  577610.00  2335270.00  21.116921  105.747329   -7.4123  -17.7826
   223  3837  2996  568220.00  2335180.00  21.116482  105.656911   -9.4325  -18.4472
   224  4065  3002  570500.00  2335120.00  21.115853  105.678862   -9.5233  -14.1362
   225  1527  3008  545120.00  2335060.00  21.116114  105.434477  -10.3573  -17.5664
   226  3594  3011  565790.00  2335030.00  21.115216  105.633507   -8.4794  -14.1240
   227  5928  3011  589130.00  2335030.00  21.114227  105.858237  -13.8022  -20.6363
   228  3516  3014  565010.00  2335000.00  21.114973  105.625996   -8.3051  -15.3072
   229  5937  3023  589220.00  2334910.00  21.113138  105.859097  -10.0627  -13.0254
   230  5937  3026  589220.00  2334880.00  21.112867  105.859096  -11.3123  -14.1025
   231  1410  3026  543950.00  2334880.00  21.114516  105.423206  -10.9001  -17.7304
   232  3555  3038  565400.00  2334760.00  21.112790  105.629742  -10.6117  -18.4107
   233  1359  3041  543440.00  2334730.00  21.113173  105.418292   -7.8425  -15.6863
   234  3510  3047  564950.00  2334670.00  21.111993  105.625405   -6.3586  -15.5414
   235  3918  3047  569030.00  2334670.00  21.111844  105.664690   -7.5615  -16.2087
   236   777  3071  537620.00  2334430.00  21.110591  105.362244  -10.5825  -17.7756
   237  1122  3077  541070.00  2334370.00  21.109975  105.395462  -10.5922  -15.9231
   238  5568  3077  585530.00  2334370.00  21.108436  105.823542   -5.8952  -18.3922
   239  3633  3086  566180.00  2334280.00  21.108425  105.637234   -8.8720  -18.4553
   240  3579  3101  565640.00  2334130.00  21.107090  105.632029   -7.9410   -9.7896
   241  4254  3107  572390.00  2334070.00  21.106293  105.697016   -8.2629  -12.6476
   242  5631  3113  586160.00  2334010.00  21.105154  105.829590   -9.1837  -17.0723
   243  3825  3122  568100.00  2333920.00  21.105102  105.655706   -8.8028  -14.3890
   244  3633  3122  566180.00  2333920.00  21.105173  105.637220  -10.9005  -18.8933
   245  5496  3134  584810.00  2333800.00  21.103320  105.816582  -12.1930  -16.8112
   246  5736  3143  587210.00  2333710.00  21.102394  105.839684  -11.2804  -17.8552
   247  5547  3146  585320.00  2333680.00  21.102212  105.821486  -11.2389  -15.1929
   248  1650  3146  546350.00  2333680.00  21.103614  105.446284   -2.0267   -8.4764
   249  3786  3164  567710.00  2333500.00  21.101322  105.651934   -6.6616  -15.1303
   250  3618  3170  566030.00  2333440.00  21.100842  105.635757  -13.7463  -19.8953
   251  3711  3182  566960.00  2333320.00  21.099724  105.644706   -6.6413  -11.9918
   252  1545  3182  545300.00  2333320.00  21.100388  105.436164  -10.2955  -14.2489
   253  2286  3182  552710.00  2333320.00  21.100190  105.507509   -7.9849  -15.1810
   254  6576  3182  595610.00  2333320.00  21.098451  105.920532   -8.7254  -14.7827
   255   363  3185  533480.00  2333290.00  21.100372  105.322358   -9.0031  -16.2817
   256  1680  3185  546650.00  2333290.00  21.100083  105.449162   -7.9516  -13.5442
   257  1299  3185  542840.00  2333290.00  21.100176  105.412478  -10.3706  -14.5563
   258  3729  3188  567140.00  2333260.00  21.099175  105.646437   -6.6088  -15.3447
   259  1452  3191  544370.00  2333230.00  21.099598  105.427208  -10.7214  -14.7243
   260  1665  3194  546500.00  2333200.00  21.099274  105.447715   -9.0476  -15.9770
   261  6288  3197  592730.00  2333170.00  21.097244  105.892798  -11.4327  -20.6294
   262  3621  3197  566060.00  2333170.00  21.098401  105.636035   -8.8670  -15.5950
   263  6315  3203  593000.00  2333110.00  21.096688  105.895394   -8.3182  -13.9144
   264  3711  3212  566960.00  2333020.00  21.097013  105.644695  -10.4452  -18.8650
   265  3921  3221  569060.00  2332930.00  21.096122  105.664909   -6.8316  -15.9391
   266  3156  3245  561410.00  2332690.00  21.094226  105.591249   -7.9655  -12.7306
   267  5685  3248  586700.00  2332660.00  21.092932  105.834721  -15.7693  -17.4776
   268  5709  3257  586940.00  2332570.00  21.092107  105.837027   -6.4847  -13.6890
   269  3609  3263  565940.00  2332510.00  21.092442  105.634855   -9.7147  -20.8393
   270  1896  3278  548810.00  2332360.00  21.091624  105.469932   -8.8649  -12.3832
   271  1821  3299  548060.00  2332150.00  21.089746  105.462705   -7.3509  -13.3969
   272  4617  3320  576020.00  2331940.00  21.086901  105.731872  -12.2667  -16.4198
   273   297  3353  532820.00  2331610.00  21.085204  105.315972   -5.2338  -14.7795
   274  5130  3356  581150.00  2331580.00  21.083429  105.781240   -9.5589  -11.3229
   275  2283  3359  552680.00  2331550.00  21.084198  105.507165   -7.2498  -18.2823
   276  4758  3365  577430.00  2331490.00  21.082777  105.745425   -7.7044  -16.1748
   277  6474  3365  594590.00  2331490.00  21.081971  105.910612   -7.2077  -13.5024
   278  5610  3374  585950.00  2331400.00  21.081584  105.827437  -14.4236  -18.2419
   279  2316  3383  553010.00  2331310.00  21.082020  105.510335  -10.1631  -13.7033
   280  4479  3395  574640.00  2331190.00  21.080182  105.718554   -6.2232  -13.5384
   281  4797  3401  577820.00  2331130.00  21.079508  105.749163   -9.6860  -13.7477
   282  1632  3404  546170.00  2331100.00  21.080308  105.444481  -11.4537  -17.2951
   283  4827  3413  578120.00  2331010.00  21.078411  105.752046  -13.1248  -18.2638
   284  4695  3416  576800.00  2330980.00  21.078195  105.739338   -7.5196  -22.0157
   285  3228  3416  562130.00  2330980.00  21.078752  105.598119   -8.2312  -15.6305
   286  4968  3425  579530.00  2330890.00  21.077266  105.765613  -13.2381  -16.1608
   287  4740  3428  577250.00  2330860.00  21.077092  105.743664  -12.5231  -16.5537
   288  4809  3428  577940.00  2330860.00  21.077063  105.750306   -8.5028  -16.0337
   289  5100  3434  580850.00  2330800.00  21.076395  105.778315   -8.9068  -15.9442
   290  4503  3434  574880.00  2330800.00  21.076649  105.720848  -10.9130  -20.7431
   291  4827  3437  578120.00  2330770.00  21.076242  105.752035   -8.4673  -19.9737
   292  4806  3437  577910.00  2330770.00  21.076251  105.750013  -10.4236  -18.0766
   293  4824  3437  578090.00  2330770.00  21.076244  105.751746  -10.7071  -15.7363
   294  4776  3440  577610.00  2330740.00  21.075993  105.747124  -11.4351  -19.3854
   295  4974  3443  579590.00  2330710.00  21.075637  105.766182   -8.8752  -14.3681
   296  5667  3443  586520.00  2330710.00  21.075323  105.832890   -9.9592  -17.4590
   297  3768  3449  567530.00  2330650.00  21.075579  105.650089  -10.0334  -15.1930
   298  4815  3452  578000.00  2330620.00  21.074892  105.750873   -7.6160  -17.4697
   299  6285  3455  592700.00  2330590.00  21.073936  105.892370   -8.0743  -17.0786
   300  4860  3458  578450.00  2330560.00  21.074331  105.755202   -8.7066  -17.4786
   301  4713  3461  576980.00  2330530.00  21.074122  105.741050   -8.2841  -18.6761
   302  3996  3476  569810.00  2330380.00  21.073054  105.672026   -7.9193  -14.8248
   303  5730  3482  587150.00  2330320.00  21.071769  105.838934  -10.2591  -14.1320
   304  2055  3485  550400.00  2330290.00  21.072878  105.485179   -8.3748  -16.3140
   305  1671  3485  546560.00  2330290.00  21.072980  105.448214   -7.7149  -16.3549
   306  6297  3488  592820.00  2330260.00  21.070949  105.893507   -8.4901  -14.3779
   307  4728  3491  577130.00  2330230.00  21.071406  105.742481  -11.7028  -21.1853
   308  1494  3494  544790.00  2330200.00  21.072210  105.431173  -12.5146  -16.8829
   309  6996  3509  599810.00  2330050.00  21.068684  105.960776   -9.3719  -15.6564
   310  4818  3509  578030.00  2330050.00  21.069741  105.751136   -8.9769  -20.1034
   311  3801  3518  567860.00  2329960.00  21.069333  105.653239   -4.3132  -14.7133
   312  3630  3518  566150.00  2329960.00  21.069395  105.636778  -11.3229  -13.7645
   313  4905  3521  578900.00  2329930.00  21.068620  105.759505  -10.7210  -18.7505
   314  3921  3521  569060.00  2329930.00  21.069017  105.664788  -10.1245  -16.5622
   315  2253  3527  552380.00  2329870.00  21.069028  105.504226   -7.4590  -17.0385
   316  4863  3545  578480.00  2329690.00  21.066469  105.755451   -6.4558  -19.5928
   317  2148  3554  551330.00  2329600.00  21.066618  105.494111  -12.8547  -17.6620
   318  6942  3554  599270.00  2329600.00  21.064648  105.955552  -10.4310  -15.2511
   319  4767  3557  577520.00  2329570.00  21.065426  105.746205  -11.1327  -16.5361
   320  7389  3572  603740.00  2329420.00  21.062774  105.998564   -7.3842  -13.9682
   321  1770  3575  547550.00  2329390.00  21.064822  105.457719  -10.2091  -21.2802
   322  4593  3575  575780.00  2329390.00  21.063873  105.729449   -7.4500  -18.4914
   323  7329  3578  603140.00  2329360.00  21.062266  105.992785  -18.7084  -22.6505
   324  7440  3581  604250.00  2329330.00  21.061932  106.003467   -8.5177  -18.8513
   325  4644  3587  576290.00  2329270.00  21.062767  105.734353  -10.6927  -17.9394
   326  5817  3605  588020.00  2329090.00  21.060615  105.847245   -7.1135  -16.4611
   327  3762  3608  567470.00  2329060.00  21.061216  105.649449  -10.8182  -20.2436
   328  7383  3611  603680.00  2329030.00  21.059255  105.997963   -9.6808  -22.4449
   329  6999  3614  599840.00  2329000.00  21.059197  105.961003   -9.3799  -16.9161
   330  7419  3623  604040.00  2328910.00  21.058150  106.001420   -9.8072  -18.9946
   331  6879  3641  598640.00  2328730.00  21.056822  105.949439   -7.0267  -18.3463
   332  7437  3644  604220.00  2328700.00  21.056243  106.003140   -7.7520  -17.9550
   333  4668  3659  576530.00  2328550.00  21.056252  105.736631  -10.1045  -14.3622
   334  4683  3659  576680.00  2328550.00  21.056246  105.738074  -10.2278  -13.8514
   335  7380  3662  603650.00  2328520.00  21.054649  105.997643   -8.1385  -17.3250
   336  7452  3662  604370.00  2328520.00  21.054608  106.004572   -6.1338  -11.0756
   337  7068  3665  600530.00  2328490.00  21.054551  105.967614   -8.5817  -18.6454
   338  2652  3671  556370.00  2328430.00  21.055899  105.542587   -9.9036  -16.9933
   339  2649  3677  556340.00  2328370.00  21.055357  105.542296  -10.2163  -20.9244
   340  2874  3677  558590.00  2328370.00  21.055287  105.563952  -10.6899  -14.8369
   341  7257  3692  602420.00  2328220.00  21.052008  105.985788  -11.1797  -16.8606
   342  6777  3692  597620.00  2328220.00  21.052269  105.939593  -11.0333  -14.0649
   343  2553  3707  555380.00  2328070.00  21.052676  105.533046  -10.2821  -18.8538
   344  2214  3707  551990.00  2328070.00  21.052775  105.500418   -8.0507  -13.6407
   345  6999  3710  599840.00  2328040.00  21.050524  105.960948   -9.5128  -16.1085
   346  4986  3710  579710.00  2328040.00  21.051509  105.767214   -6.0977  -14.7281
   347  2709  3713  556940.00  2328010.00  21.052086  105.548059  -13.6302  -18.9414
   348  1218  3719  542030.00  2327950.00  21.051946  105.404549   -7.9446  -15.4642
   349  7509  3725  604940.00  2327890.00  21.048884  106.010020  -13.2059  -18.2050
   350  6699  3725  596840.00  2327890.00  21.049329  105.932068   -7.6907  -13.5015
   351  1191  3728  541760.00  2327860.00  21.051139  105.401948   -9.1319  -17.6272
   352  7524  3728  605090.00  2327860.00  21.048604  106.011461  -11.5726  -17.8527
   353  4866  3734  578510.00  2327800.00  21.049392  105.755653   -7.0949  -13.9356
   354  6801  3743  597860.00  2327710.00  21.047649  105.941874   -9.2929  -17.2095
   355  3027  3752  560120.00  2327620.00  21.048461  105.578653  -14.1393  -15.5655
   356  2211  3752  551960.00  2327620.00  21.048710  105.500115  -14.1439  -16.8461
   357  3972  3752  569570.00  2327620.00  21.048127  105.669604  -13.1801  -17.0782
   358  3954  3755  569390.00  2327590.00  21.047863  105.667870   -8.8905  -15.6917
   359  1626  3755  546110.00  2327590.00  21.048596  105.443810  -11.3349  -15.4745
   360  4623  3758  576080.00  2327560.00  21.047326  105.732256  -10.0709  -15.7987
   361   345  3776  533300.00  2327380.00  21.046975  105.320511   -5.1719  -15.3720
   362  3912  3785  568970.00  2327290.00  21.045168  105.663816   -8.3292  -13.9535
   363  2655  3791  556400.00  2327230.00  21.045055  105.542836  -10.5872  -15.7077
   364  2388  3791  553730.00  2327230.00  21.045136  105.517139  -10.9946  -19.6192
   365  7179  3794  601640.00  2327200.00  21.042836  105.978221   -9.0580  -15.7853
   366  5931  3815  589160.00  2326990.00  21.041588  105.858109   -7.5660  -16.6051
   367  7128  3818  601130.00  2326960.00  21.040696  105.973299   -6.6728  -15.3519
   368  1599  3821  545840.00  2326930.00  21.042639  105.441193   -7.7556  -11.9427
   369  7113  3848  600980.00  2326660.00  21.037994  105.971838  -10.4617  -14.8034
   370   459  3872  534440.00  2326420.00  21.038280  105.331464  -11.1326  -18.4481
   371  1308  3893  542930.00  2326210.00  21.036204  105.413168  -12.0141  -14.0434
   372  7392  3899  603770.00  2326150.00  21.033231  105.998655   -5.6126  -14.1318
   373  3765  3899  567500.00  2326150.00  21.034923  105.649624  -10.5040  -18.8402
   374  1362  3902  543470.00  2326120.00  21.035378  105.418363   -9.8966  -17.2103
   375  7392  3902  603770.00  2326120.00  21.032960  105.998654   -9.5779  -17.7383
   376  3747  3920  567320.00  2325940.00  21.033032  105.647883   -9.9172  -18.4577
   377  4047  3932  570320.00  2325820.00  21.031835  105.676749  -13.7833  -19.7830
   378  7119  3932  601040.00  2325820.00  21.030402  105.972366   -8.5838  -15.1227
   379  3807  3947  567920.00  2325670.00  21.030570  105.653647   -7.6812  -15.5115
   380  4266  3947  572510.00  2325670.00  21.030395  105.697818  -10.0543  -17.7638
   381  4617  3950  576020.00  2325640.00  21.029982  105.731594  -13.6727  -18.3629
   382  7131  3953  601160.00  2325610.00  21.028498  105.973508   -8.8965  -16.2946
   383  2145  3953  551300.00  2325610.00  21.030568  105.493703  -11.2558  -17.8616
   384  1308  3968  542930.00  2325460.00  21.029427  105.413150   -7.5077  -10.8877
   385  3741  3974  567260.00  2325400.00  21.028155  105.647285  -10.8590  -15.5706
   386   189  3977  531740.00  2325370.00  21.028842  105.305459   -5.5911  -17.9216
   387  4665  3980  576500.00  2325340.00  21.027252  105.736199   -9.3514  -14.6707
   388  5157  3986  581420.00  2325280.00  21.026498  105.783541   -8.5138  -12.2650
   389  4218  3995  572030.00  2325190.00  21.026077  105.693178   -6.3975  -11.9559
   390  5148  3995  581330.00  2325190.00  21.025689  105.782671   -8.8419  -14.9048
   391  1743  4001  547280.00  2325130.00  21.026339  105.455003  -11.5916  -13.8950
   392  3792  4004  567770.00  2325100.00  21.025426  105.652181  -11.8531  -16.6672
   393  6417  4007  594020.00  2325070.00  21.023999  105.904774   -7.8855  -15.2265
   394  3975  4019  569600.00  2324950.00  21.024002  105.669785   -9.5414  -17.5956
   395  7275  4049  602600.00  2324650.00  21.019745  105.987308  -11.6912  -16.7393
   396  7260  4055  602450.00  2324590.00  21.019212  105.985861  -10.4242  -17.5462
   397  7230  4058  602150.00  2324560.00  21.018957  105.982972   -7.5895  -13.3722
   398  4083  4064  570680.00  2324500.00  21.019895  105.680159  -10.7175  -17.2119
   399  2766  4064  557510.00  2324500.00  21.020355  105.553428  -10.0056  -19.8498
   400  7170  4076  601550.00  2324380.00  21.017364  105.977189   -6.5023  -17.3884
   401  3972  4079  569570.00  2324350.00  21.018582  105.669472  -14.3601  -16.0673
   402  7329  4085  603140.00  2324290.00  21.016463  105.992482  -10.5179  -17.6671
   403  1764  4091  547490.00  2324230.00  21.018202  105.456999  -14.2834  -17.9665
   404  5235  4121  582200.00  2323930.00  21.014266  105.790982   -9.1962  -20.4333
   405  6663  4124  596480.00  2323900.00  21.013301  105.928380   -9.9136  -15.8028
   406  3975  4136  569600.00  2323780.00  21.013431  105.669738  -12.5666  -16.2262
   407  3987  4139  569720.00  2323750.00  21.013156  105.670891   -9.9611  -14.9673
   408  3966  4142  569510.00  2323720.00  21.012893  105.668869   -8.1992  -15.5164
   409  4140  4145  571250.00  2323690.00  21.012555  105.685611   -8.2729  -17.6775
   410  2316  4172  553010.00  2323420.00  21.010732  105.510092   -8.3158  -15.2178
   411  4140  4175  571250.00  2323390.00  21.009845  105.685598  -10.8702  -15.1554
   412  4143  4181  571280.00  2323330.00  21.009301  105.685884   -9.9213  -18.7240
   413  4098  4196  570830.00  2323180.00  21.007963  105.681548   -7.7331  -13.9569
   414  4257  4199  572420.00  2323150.00  21.007630  105.696846   -4.6378  -15.4479
   415  4113  4202  570980.00  2323120.00  21.007416  105.682989   -3.0975  -13.8478
   416  7038  4205  600230.00  2323090.00  21.005782  105.964413  -10.4404  -12.5871
   417  2487  4208  554720.00  2323060.00  21.007429  105.526535   -7.4698  -14.8791
   418  4248  4217  572330.00  2322970.00  21.006008  105.695972  -11.6044  -20.3947
   419  4278  4223  572630.00  2322910.00  21.005454  105.698856  -11.5672  -13.7499
   420  4986  4259  579710.00  2322550.00  21.001908  105.766960  -12.3909  -15.7092
   421  6774  4274  597590.00  2322400.00  20.999691  105.938975   -7.8824  -13.9306
   422  4170  4277  571550.00  2322370.00  21.000617  105.688442   -6.2530  -17.5512
   423  3981  4298  569660.00  2322160.00  20.998792  105.670250   -8.1390  -16.2542
   424  3936  4301  569210.00  2322130.00  20.998538  105.665919  -10.2672  -19.8648
   425  6729  4304  597140.00  2322100.00  20.997004  105.934629   -9.8284  -15.3167
   426  6675  4316  596600.00  2321980.00  20.995949  105.929427  -12.1287  -13.6266
   427  2220  4328  552050.00  2321860.00  20.996665  105.500808  -14.2681  -18.5165
   428  5163  4334  581480.00  2321800.00  20.995054  105.783954   -6.4237  -13.7713
   429  4668  4343  576530.00  2321710.00  20.994454  105.736327   -9.4733  -18.9258
   430  4200  4346  571850.00  2321680.00  20.994371  105.691300   -9.4608  -17.5624
   431  4035  4346  570200.00  2321680.00  20.994435  105.675426   -7.9464  -17.9253
   432  4533  4349  575180.00  2321650.00  20.993967  105.723336   -8.1650  -16.7291
   433  4044  4358  570290.00  2321560.00  20.993347  105.676287   -9.7498  -15.6696
   434  6237  4364  592220.00  2321500.00  20.991837  105.887263   -6.8198  -13.4296
   435  4902  4385  578870.00  2321290.00  20.990560  105.758821   -9.5802  -12.6880
   436  4899  4388  578840.00  2321260.00  20.990290  105.758531  -10.6740  -19.6944
   437  4014  4397  569990.00  2321170.00  20.989835  105.673385   -7.2547  -18.0303
   438  3975  4409  569600.00  2321050.00  20.988766  105.669628  -11.4621  -16.7434
   439  3705  4421  566900.00  2320930.00  20.987782  105.643647  -10.5184  -17.8136
   440  4062  4439  570470.00  2320750.00  20.986022  105.677985   -9.3354  -13.4375
   441  4773  4448  577580.00  2320660.00  20.984923  105.746382   -7.8302  -14.0584
   442  4323  4478  573080.00  2320360.00  20.982397  105.703078  -13.0572  -16.4879
   443  4116  4487  571010.00  2320270.00  20.981665  105.683161   -6.8593  -14.4423
   444  3729  4490  567140.00  2320240.00  20.981539  105.645929   -9.2909  -15.2224
   445  4944  4490  579290.00  2320240.00  20.981056  105.762813   -9.7160  -16.9299
   446  4038  4493  570230.00  2320210.00  20.981152  105.675654  -11.7296  -17.6418
   447  4140  4517  571250.00  2319970.00  20.978945  105.685457  -16.1264  -17.3937
   448  3999  4517  569840.00  2319970.00  20.978999  105.671893   -9.1007  -15.4981
   449  4425  4550  574100.00  2319640.00  20.975851  105.712860   -4.6519  -16.7608
   450  4407  4577  573920.00  2319370.00  20.973419  105.711117  -12.5709  -14.4834
   451  4176  4598  571610.00  2319160.00  20.971612  105.688887  -11.8178  -19.1128
   452  4335  4625  573200.00  2318890.00  20.969111  105.704170   -8.2845  -16.0125
   453  4362  4640  573470.00  2318740.00  20.967745  105.706761   -6.9762  -11.4569
   454  5382  4670  583670.00  2318440.00  20.964599  105.804861   -8.8633  -13.8799
   455  4686  4703  576710.00  2318110.00  20.961920  105.737899   -4.6572  -17.0072
   456  4680  4709  576650.00  2318050.00  20.961381  105.737319   -8.4305  -13.9068
   457  2526  4715  555110.00  2317990.00  20.961609  105.530126  -13.5541  -16.7503
   458  3345  4718  563300.00  2317960.00  20.961075  105.608904   -8.7767  -19.3096
   459  4344  4718  573290.00  2317960.00  20.960704  105.704997  -11.1964  -15.6795
   460  2511  4721  554960.00  2317930.00  20.961071  105.528681   -7.4805  -16.5521
   461  4524  4730  575090.00  2317840.00  20.959548  105.722305  -12.2216  -16.3516
   462  5664  4766  586490.00  2317480.00  20.955795  105.831938   -7.4519  -14.7236
   463  4590  4772  575750.00  2317420.00  20.955726  105.728635  -14.3571  -16.1124
   464  2898  4775  558830.00  2317390.00  20.956073  105.565888  -13.5023  -19.3253
   465  2865  4778  558500.00  2317360.00  20.955812  105.562713   -7.2006  -14.0497
   466  5235  4802  582200.00  2317120.00  20.952739  105.790659   -8.3496  -18.2114
   467  2595  4826  555800.00  2316880.00  20.951559  105.536727   -9.0043  -13.6302
   468  4599  4826  575840.00  2316880.00  20.950843  105.729477   -8.3596  -16.3407
   469  5727  4829  587120.00  2316850.00  20.950074  105.837965  -10.6164  -16.3283
   470  4614  4847  575990.00  2316670.00  20.948940  105.730910   -8.7134  -18.9328
   471  6147  4877  591320.00  2316370.00  20.945534  105.878334  -11.0980  -20.8540
   472  6123  4877  591080.00  2316370.00  20.945546  105.876026   -8.9214  -14.2179
   473  6294  4886  592790.00  2316280.00  20.944648  105.892467   -8.3516  -15.4373
   474  6306  4895  592910.00  2316190.00  20.943828  105.893616   -5.1325  -12.5884
   475  6237  4934  592220.00  2315800.00  20.940340  105.886960  -11.7010  -18.5748
   476  6273  4946  592580.00  2315680.00  20.939237  105.890415   -8.6004  -13.0729
   477  4461  4949  574460.00  2315650.00  20.939787  105.716151  -12.4293  -19.6911
   478  4506  4958  574910.00  2315560.00  20.938955  105.720475  -12.3571  -17.2158
   479  6084  4961  590690.00  2315530.00  20.937976  105.872231  -10.1950  -13.4333
   480  6057  4964  590420.00  2315500.00  20.937718  105.869633  -10.6024  -15.0877
   481  6393  4991  593780.00  2315230.00  20.935111  105.901931  -12.1220  -15.2584
   482  2706  4994  556910.00  2315200.00  20.936346  105.547348  -11.1287  -14.3197
   483  4380  5018  573650.00  2314960.00  20.933585  105.708332   -9.9128  -21.7944
   484  6234  5024  592190.00  2314900.00  20.932210  105.886623  -10.2454  -16.3322
   485  6258  5027  592430.00  2314870.00  20.931927  105.888930   -8.6914  -15.9888
   486  4398  5048  573830.00  2314660.00  20.930867  105.710050   -9.2173  -18.1172
   487  3510  5078  564950.00  2314360.00  20.928491  105.624641  -11.4818  -20.5242
   488  3489  5099  564740.00  2314150.00  20.926601  105.622613  -13.0678  -20.3826
   489  4740  5126  577250.00  2313880.00  20.923680  105.742905   -7.2857  -12.4836
   490  4116  5132  571010.00  2313820.00  20.923388  105.682896  -13.4948  -17.0819
   491  4200  5138  571850.00  2313760.00  20.922814  105.690971  -10.0137  -14.6112
   492  4383  5138  573680.00  2313760.00  20.922742  105.708569  -10.6936  -22.7810
   493  5799  5147  587840.00  2313670.00  20.921309  105.844729   -4.3833  -11.7939
   494  3177  5195  561620.00  2313190.00  20.918034  105.592575  -11.2286  -16.4857
   495  5655  5210  586400.00  2313040.00  20.915685  105.830851   -9.2786  -12.6803
   496  6354  5249  593390.00  2312650.00  20.911822  105.898042  -11.0698  -17.9482
   497  4638  5252  576230.00  2312620.00  20.912338  105.733041  -11.4232  -16.8234
   498  4581  5288  575660.00  2312260.00  20.909109  105.727544  -12.8765  -19.8400
   499  4533  5303  575180.00  2312110.00  20.907774  105.722922   -9.4429  -17.9288
   500  3603  5312  565880.00  2312020.00  20.907315  105.633495   -6.6866  -19.5346
   501  4287  5381  572720.00  2311330.00  20.900825  105.699236    0.8199  -16.0378
   502  2880  5462  558650.00  2310520.00  20.894006  105.563925   -8.0249  -16.6694
   503  4599  5546  575840.00  2309680.00  20.885791  105.729162   -5.3552  -12.7331
   504  4599  5567  575840.00  2309470.00  20.883894  105.729153   -7.6765  -21.6767
   505  4623  5573  576080.00  2309410.00  20.883342  105.731458   -9.2959  -21.5801
   506  6156  5588  591410.00  2309260.00  20.881293  105.878825   -9.5290  -14.4798
   507  4659  5597  576440.00  2309170.00  20.881159  105.734908  -11.7032  -20.7237
   508  4617  5606  576020.00  2309080.00  20.880363  105.730867  -15.9611  -22.1945
   509  6255  5612  592400.00  2309020.00  20.879076  105.888330   -9.9290  -16.1195
   510  6222  5615  592070.00  2308990.00  20.878821  105.885156   -7.7135  -16.1173
   511  3312  5651  562970.00  2308630.00  20.876787  105.605392  -10.9952  -19.3214
   512  6525  5657  595100.00  2308570.00  20.874873  105.914260  -13.4403  -14.8059
   513  6243  5699  592280.00  2308150.00  20.871221  105.887130   -4.8484   -8.7448
   514  6645  5705  596300.00  2308090.00  20.870475  105.925769  -12.6942  -19.3900
   515  6327  5717  593120.00  2307970.00  20.869553  105.895195   -9.8973  -13.7199
   516  6198  5735  591830.00  2307790.00  20.867991  105.882785   -8.7894  -12.9801
   517  6438  5789  594230.00  2307250.00  20.862992  105.905826   -4.8353  -13.3666
   518  6150  5792  591350.00  2307220.00  20.862865  105.878142   -7.4168  -16.1912
   519  3726  5792  567110.00  2307220.00  20.863902  105.645137   -6.9083  -17.0832
   520  3705  5795  566900.00  2307190.00  20.863639  105.643117  -12.5921  -19.2608
   521  6363  5798  593480.00  2307160.00  20.862217  105.898612   -7.6464  -15.1387
   522  3414  5831  563990.00  2306830.00  20.860489  105.615131   -9.5132  -16.8962
   523  6336  5846  593210.00  2306680.00  20.857894  105.895991   -6.3476  -14.4727
   524  3837  5861  568220.00  2306530.00  20.857627  105.655780   -9.3628  -14.5721
   525  3834  5864  568190.00  2306500.00  20.857357  105.655491   -8.2225  -12.7816
   526  6666  5873  596510.00  2306410.00  20.855286  105.927695  -12.8003  -20.3790
   527  4500  5876  574850.00  2306380.00  20.856016  105.719503  -10.6427  -16.2588
   528  4890  5903  578750.00  2306110.00  20.853415  105.756977   -8.4500  -20.1326
   529  5742  5906  587270.00  2306080.00  20.852762  105.838867  -11.2381  -15.0824
   530  3888  5909  568730.00  2306050.00  20.853272  105.660664  -12.6553  -20.9848
   531  4896  5915  578810.00  2305990.00  20.852328  105.757548  -10.3210  -16.1927
   532  4926  5954  579110.00  2305600.00  20.848792  105.760414   -7.2473  -14.7337
   533  5751  5993  587360.00  2305210.00  20.844898  105.839688   -7.8389  -13.9105
   534  3675  5999  566600.00  2305150.00  20.845218  105.640156   -9.4724  -26.4533
   535  3798  6005  567830.00  2305090.00  20.844631  105.651975   -8.1510  -19.5307
   536  4176  6059  571610.00  2304550.00  20.839610  105.688284   -7.7533  -14.6140
   537  5817  6068  588020.00  2304460.00  20.838090  105.845994  -11.7596  -16.5068
   538  4026  6086  570110.00  2304280.00  20.837228  105.673857   -6.6241  -14.5132
   539  6108  6101  590930.00  2304130.00  20.834969  105.873943    2.2244   -9.1417
   541  4131  6203  571160.00  2303110.00  20.826616  105.683901   -8.7001  -16.8217
   542  4032  6293  570170.00  2302210.00  20.818522  105.674350  -11.3557  -23.8396
   543  5907  6302  588920.00  2302120.00  20.816906  105.854524   -3.9782  -16.4016
   544  3978  6365  569630.00  2301490.00  20.812037  105.669132  -16.5866  -25.2087
   545  4635  6407  576200.00  2301070.00  20.807985  105.732247   -9.3579  -14.7914
   546  4881  6515  578660.00  2299990.00  20.798124  105.755836   -8.0250  -16.3681
   547  3972  6524  569570.00  2299900.00  20.797674  105.668492  -12.4966  -19.6132
   548  3975  6575  569600.00  2299390.00  20.793065  105.668760   -6.1883  -15.3909
   549  3882  6587  568670.00  2299270.00  20.792015  105.659820  -12.8655  -16.0197
   550  6723  6677  597080.00  2298370.00  20.782617  105.932726   -9.6631  -20.9190
   551  3975  6704  569600.00  2298100.00  20.781409  105.668709  -15.0031  -23.1575
   552  6936  6743  599210.00  2297710.00  20.776542  105.953151  -11.0796  -17.3453
   553  6687  6758  596720.00  2297560.00  20.775318  105.929223   -8.1086  -16.5225
   554  6987  6761  599720.00  2297530.00  20.774889  105.958040  -12.5920  -20.2064
   555  6942  6764  599270.00  2297500.00  20.774642  105.953716    0.7696  -12.8396
   556  7032  6773  600170.00  2297410.00  20.773780  105.962356  -12.0004  -17.1932
   557  7035  6791  600200.00  2297230.00  20.772152  105.962634   -9.9552  -15.0261
   558  7056  6794  600410.00  2297200.00  20.771870  105.964650  -11.9095  -19.3218
   559  6882  6794  598670.00  2297200.00  20.771963  105.947935   -5.2783  -14.1196
   560  5856  6812  588410.00  2297020.00  20.770852  105.849365  -10.8323  -15.8608
   561  7035  6857  600200.00  2296570.00  20.766190  105.962596   -8.9684  -16.7838
   562  7044  6872  600290.00  2296420.00  20.764830  105.963452   -8.5207  -18.4409
   563  4044  6935  570290.00  2295790.00  20.760512  105.675245   -8.5526  -18.4623
   564  6639  6953  596240.00  2295610.00  20.757725  105.924505   -4.7625  -15.0749
   565  5850  7004  588350.00  2295100.00  20.753508  105.848692   -9.5293  -15.8211
   566  6237  7022  592220.00  2294920.00  20.751695  105.885855   -8.0959  -14.3082
   567  7047  7070  600320.00  2294440.00  20.746939  105.963627   -8.1333  -14.4483
   568  4284  7130  572690.00  2293840.00  20.742801  105.698219  -13.2376  -14.8972
   569  6345  7160  593300.00  2293540.00  20.739173  105.896155   -8.1346  -17.6671
   570  4548  7247  575330.00  2292670.00  20.732125  105.723525   -9.7954  -18.1852
   571  4473  7268  574580.00  2292460.00  20.730258  105.716313    7.6145    2.0591
   572  4239  7436  572240.00  2290780.00  20.715170  105.693771   -5.3344  -14.3923
   573  7149  7628  601340.00  2288860.00  20.696471  105.973101   -6.2696  -17.3902
   574  5019  7637  580040.00  2288770.00  20.696692  105.768583   -9.1222  -20.2975
   575  7221  7757  602060.00  2287570.00  20.684777  105.979940  -12.8797  -15.9966
   576  7269  7769  602540.00  2287450.00  20.683667  105.984541  -10.8660  -12.7239
   577  5073  7775  580580.00  2287390.00  20.684200  105.773705   -7.3903  -13.9842
   578  7191  7787  601760.00  2287270.00  20.682083  105.977042   -9.3866  -15.3082
   579  7209  7832  601940.00  2286820.00  20.678008  105.978744   -8.8565  -15.5739
   580  7095  7835  600800.00  2286790.00  20.677798  105.967798   -8.1813  -16.7573
   581  7092  7850  600770.00  2286640.00  20.676445  105.967502   -4.3743  -14.3724
   582  7179  7856  601640.00  2286580.00  20.675856  105.975850   -4.9770  -11.1383
   583  5064  7940  580490.00  2285740.00  20.669296  105.772765  -12.4255  -20.8162
   584  6012  8003  589970.00  2285110.00  20.663172  105.863741  -10.5218  -16.9255
   585  5160  8018  581450.00  2284960.00  20.662207  105.781945   -9.6440  -14.8842
   586  4416  8045  574010.00  2284690.00  20.660076  105.710512  -12.0254  -18.5686
   587  5202  8123  581870.00  2283910.00  20.652702  105.785928   -7.5798  -14.3770
   588  5310  8204  582950.00  2283100.00  20.645336  105.796257   -9.5976  -14.6207
   589  5142  8432  581270.00  2280820.00  20.624809  105.780027   -8.1203  -14.6117
   590  5145  8441  581300.00  2280730.00  20.623994  105.780310   -5.6777  -11.7166
